REGIAO:;NE
UF:;RN
ESTACAO:;NATAL
CODIGO (WMO):;A304
LATITUDE:;-5,83722221
LONGITUDE:;-35,20805555
ALTITUDE:;47,46
DATA DE FUNDACAO:;24/02/03
Data;Hora UTC;PRECIPITAÇÃO TOTAL, HORÁRIO (mm);PRESSAO ATMOSFERICA AO NIVEL DA ESTACAO, HORARIA (mB);PRESSÃO ATMOSFERICA MAX.NA HORA ANT. (AUT) (mB);PRESSÃO ATMOSFERICA MIN. NA HORA ANT. (AUT) (mB);RADIACAO GLOBAL (Kj/m²);TEMPERATURA DO AR - BULBO SECO, HORARIA (°C);TEMPERATURA DO PONTO DE ORVALHO (°C);TEMPERATURA MÁXIMA NA HORA ANT. (AUT) (°C);TEMPERATURA MÍNIMA NA HORA ANT. (AUT) (°C);TEMPERATURA ORVALHO MAX. NA HORA ANT. (AUT) (°C);TEMPERATURA ORVALHO MIN. NA HORA ANT. (AUT) (°C);UMIDADE REL. MAX. NA HORA ANT. (AUT) (%);UMIDADE REL. MIN. NA HORA ANT. (AUT) (%);UMIDADE RELATIVA DO AR, HORARIA (%);VENTO, DIREÇÃO HORARIA (gr) (° (gr));VENTO, RAJADA MAXIMA (m/s);VENTO, VELOCIDADE HORARIA (m/s);
2020/01/01;0000 UTC;0;1006,4;1006,4;1006,1;;27,3;23,7;27,4;27,1;23,8;23,2;81;79;80;107;6;2,7;
2020/01/01;0100 UTC;0;1006,8;1006,8;1006,4;;27,1;23,5;27,3;26,8;23,6;23,4;82;80;81;108;6,1;2,7;
2020/01/01;0200 UTC;0;1006,7;1006,8;1006,7;;27,1;23,3;27,1;27;23,6;23,3;81;80;80;103;6,3;3,1;
2020/01/01;0300 UTC;0;1006,3;1006,7;1006,3;;27,1;23,5;27,1;26,9;23,5;23,3;81;80;81;110;6,3;2,4;
2020/01/01;0400 UTC;0;1005,5;1006,3;1005,5;;27;23,4;27,1;27;23,6;23,4;82;81;81;118;5,5;3,2;
2020/01/01;0500 UTC;0;1005,2;1005,6;1005,2;;26,9;23,3;27;26,9;23,5;23,3;81;80;81;111;5,8;2,8;
2020/01/01;0600 UTC;0;1005,1;1005,2;1005;;26,8;23,4;26,9;26,8;23,4;23,2;82;81;82;110;5,1;2,5;
2020/01/01;0700 UTC;0;1005,5;1005,5;1005,1;;26,8;23,4;26,9;26,8;23,4;23,3;82;81;82;109;4,7;2,3;
2020/01/01;0800 UTC;0;1005,9;1005,9;1005,5;;26,8;23,3;26,9;26,7;23,5;23,3;82;81;81;103;4,1;1,8;
2020/01/01;0900 UTC;0;1006,5;1006,5;1005,9;14,3;26,8;23,4;26,8;26,6;23,6;23,2;83;81;82;115;3,6;1,8;
2020/01/01;1000 UTC;0;1007,1;1007,1;1006,5;135,5;27,2;23,4;27,3;26,8;23,5;23,3;82;80;80;125;4,2;2,2;
2020/01/01;1100 UTC;0;1007,2;1007,2;1007,1;352,9;27,4;23,5;27,5;27,2;23,7;23,4;80;79;79;124;4,8;2,6;
2020/01/01;1200 UTC;0;1007,3;1007,5;1007,2;364,2;27,4;23,6;27,6;27,4;23,8;23,4;80;79;80;115;5,8;3,3;
2020/01/01;1300 UTC;0;1007,1;1007,3;1007,1;762,9;28,4;23,9;28,4;27,4;23,9;23,3;80;76;76;124;5,7;3,2;
2020/01/01;1400 UTC;0;1006,7;1007,1;1006,7;2088,9;28,9;23,7;29,2;28,4;24,1;23,2;76;72;74;126;6,5;3,6;
2020/01/01;1500 UTC;0;1006,4;1006,7;1006,4;1220,4;28;23,4;29,6;28;24,3;23;76;71;76;109;6,9;2,8;
2020/01/01;1600 UTC;0;1005,7;1006,4;1005,7;1695,9;28,5;23,5;28,6;27,8;23,8;23,1;77;74;74;116;6,8;4,2;
2020/01/01;1700 UTC;0;1004,7;1005,7;1004,7;2160,4;28,1;23,3;29,9;28,1;24,4;23,1;76;71;75;123;7,2;4,2;
2020/01/01;1800 UTC;0;1004,2;1004,7;1004,2;1074,4;28;23,4;29;27,7;24,1;23,2;77;74;76;124;6,9;3,8;
2020/01/01;1900 UTC;0;1004,3;1004,4;1004;902,1;27,7;23,1;28,4;27,7;24,1;23,1;78;74;76;115;7,2;3,7;
2020/01/01;2000 UTC;0;1004,8;1004,8;1004,3;308,2;27,5;23,3;28;27,5;23,4;23;78;75;78;127;6,2;3,2;
2020/01/01;2100 UTC;0;1005,3;1005,3;1004,8;14,6;27,1;23;27,5;27,1;23,4;23;79;78;78;120;6,2;2,5;
2020/01/01;2200 UTC;0;1005,3;1005,4;1005,3;;27,2;23,3;27,2;27,1;23,3;22,9;79;78;79;123;5,1;2,8;
2020/01/01;2300 UTC;0;1005,9;1005,9;1005,3;;27,1;23,3;27,2;27,1;23,4;23;80;78;80;110;6,6;3,5;
2020/01/02;0000 UTC;0;1006,3;1006,3;1005,8;;27;23,4;27,2;27;23,5;23,2;81;79;81;102;7;2,7;
2020/01/02;0100 UTC;0;1006,6;1006,6;1006,3;;27,1;23,6;27,1;27;23,6;23,3;81;80;81;116;6;2,7;
2020/01/02;0200 UTC;0;1006,6;1006,7;1006,6;;27;23,5;27,1;27;23,7;23,4;81;80;81;115;6,5;3,2;
2020/01/02;0300 UTC;0;1006;1006,6;1006;;26,9;23,5;27;26,9;23,5;23,3;82;80;81;117;6,3;3,1;
2020/01/02;0400 UTC;0;1005,4;1006;1005,4;;26,8;23,4;26,9;26,7;23,6;23,4;82;81;82;117;6,3;2,9;
2020/01/02;0500 UTC;0;1005,2;1005,5;1005,2;;26,5;23,4;26,8;26,5;23,5;23,3;83;82;83;132;5,7;2,9;
2020/01/02;0600 UTC;0;1005,2;1005,2;1005,1;;26,6;23,8;26,6;26,2;23,8;23,4;86;83;84;119;5,4;2,3;
2020/01/02;0700 UTC;0;1005,3;1005,3;1005,1;;26,6;23,3;26,7;26,5;23,7;23,3;84;82;82;109;4,8;3;
2020/01/02;0800 UTC;0;1005,7;1005,7;1005,2;;26,6;23,2;26,7;26,4;23,5;23,2;83;81;82;125;5;2,6;
2020/01/02;0900 UTC;0;1006,3;1006,3;1005,7;99,8;27,1;23,6;27,1;26,5;23,6;23,2;83;81;81;119;5;2,9;
2020/01/02;1000 UTC;0;1006,5;1006,6;1006,3;733,8;28,4;23,9;28,4;27,1;23,9;23;81;76;77;112;6,8;3,5;
2020/01/02;1100 UTC;0;1007,1;1007,1;1006,5;1598,1;28,8;23,7;28,8;27,9;24,2;23,2;77;73;74;122;7,5;4,7;
2020/01/02;1200 UTC;0;1007,3;1007,4;1007;2264,4;28,6;23,3;29,7;28,5;24,4;23;76;70;73;121;7,7;4,4;
2020/01/02;1300 UTC;0;1007;1007,4;1007;2595,6;29,3;23,6;30,4;28,4;24,4;23,1;75;68;72;99;7,7;4,5;
2020/01/02;1400 UTC;0;1006,9;1007,1;1006,9;2993,8;29,8;23,8;30,2;28,9;24,2;23,2;73;69;70;118;9,1;4,2;
2020/01/02;1500 UTC;0;1006,5;1006,9;1006,4;3414,6;30,6;24;30,8;29,1;24,2;23,1;72;67;68;111;8,2;4,1;
2020/01/02;1600 UTC;0;1005,9;1006,5;1005,8;3181,4;29,6;23,6;30,6;29,2;24;22,9;71;65;70;118;8,6;4,4;
2020/01/02;1700 UTC;0;1005,4;1006;1005,4;2256,3;29,2;22,7;30,5;28,8;23,9;22,4;72;64;68;115;8,4;4,6;
2020/01/02;1800 UTC;0;1004,8;1005,4;1004,8;1901,4;28,6;22,9;30,3;28,6;23,9;22,8;72;68;71;114;8,3;4,2;
2020/01/02;1900 UTC;0;1004,8;1004,9;1004,7;1301,8;28,5;23,3;29,7;28,2;24,1;23;75;71;74;109;7,4;4,1;
2020/01/02;2000 UTC;0;1005;1005,1;1004,8;617,8;28,1;22,9;28,6;28,1;23,4;22,8;74;72;73;120;7,1;3,6;
2020/01/02;2100 UTC;0;1005,3;1005,3;1005;83,9;27,4;23,2;28,1;27,3;23,2;22,9;78;73;78;111;6,6;3,1;
2020/01/02;2200 UTC;0;1005,7;1005,7;1005,3;;27,2;23,3;27,4;27,2;23,4;23,1;80;78;79;108;7;3,6;
2020/01/02;2300 UTC;0;1006,5;1006,5;1005,7;;27,3;23,3;27,3;27,2;23,3;23,1;79;78;79;113;7;3,4;
2020/01/03;0000 UTC;0;1006,7;1006,8;1006,5;;27,2;23,1;27,3;27,2;23,3;22,9;79;77;79;108;6,1;3,2;
2020/01/03;0100 UTC;0;1007,1;1007,1;1006,7;;27,1;23,1;27,2;27;23,4;23;80;78;79;107;6,6;3,6;
2020/01/03;0200 UTC;0;1006,7;1007,2;1006,6;;27;23,4;27,2;27;23,5;23,2;81;79;80;113;6,2;3,1;
2020/01/03;0300 UTC;0;1006,2;1006,7;1006,2;;26,9;23,2;27;26,9;23,5;23,1;81;79;80;115;6,5;2,8;
2020/01/03;0400 UTC;0;1006,1;1006,2;1006,1;;26,9;23,2;27;26,8;23,3;23;80;79;80;111;5,8;2,5;
2020/01/03;0500 UTC;0;1005,5;1006,1;1005,5;;26,8;23,3;26,9;26,7;23,3;23,2;82;80;81;105;5;2,3;
2020/01/03;0600 UTC;0;1005,6;1005,6;1005,4;;26,7;23,1;26,8;26,7;23,4;22,9;82;80;81;100;5,2;2,3;
2020/01/03;0700 UTC;0;1005,5;1005,6;1005,4;;26,9;23,3;26,9;26,7;23,8;23,2;83;81;81;106;6,2;2,8;
2020/01/03;0800 UTC;0;1005,9;1005,9;1005,5;;26,8;23,5;26,9;26,8;23,5;23,2;82;81;82;98;6,2;2,2;
2020/01/03;0900 UTC;0;1006,7;1006,7;1005,9;68,4;27,1;23,5;27,1;26,8;23,7;23,4;83;81;81;102;4,9;2,9;
2020/01/03;1000 UTC;0;1007,4;1007,4;1006,7;815,4;28,1;23,7;28,5;27,1;24,2;23,5;81;76;77;118;7,6;4;
2020/01/03;1100 UTC;1,2;1008,1;1008,1;1007,4;893,9;26,8;24,2;28,7;26,6;24,2;23,1;85;75;85;108;8,3;2,9;
2020/01/03;1200 UTC;,6;1008,4;1008,4;1008,1;1486,4;26,8;23,7;28,4;26,8;24,8;23,5;86;78;83;103;7,4;3,8;
2020/01/03;1300 UTC;,4;1008,1;1008,5;1008,1;1704,3;28,1;23,6;28,8;26,2;24,8;23,5;87;76;76;111;8,3;4,6;
2020/01/03;1400 UTC;0;1007,8;1008,1;1007,7;3397,8;28,9;24;29,4;28,1;24,7;23,6;77;73;75;114;8,5;4,7;
2020/01/03;1500 UTC;0;1007,3;1007,8;1007,2;3540;29,7;23,5;29,9;28,6;24,7;23,2;76;69;70;102;8,6;4,4;
2020/01/03;1600 UTC;0;1006,6;1007,3;1006,5;3276,7;30;23;30,5;28,8;24,2;22,5;72;66;66;109;7,7;4,1;
2020/01/03;1700 UTC;0;1005,6;1006,6;1005,6;2882,2;29,5;23,3;30,9;28,8;24,1;22,5;73;66;70;117;8,7;4,8;
2020/01/03;1800 UTC;0;1005,1;1005,6;1005,1;2398,9;29,2;23,7;29,9;28,7;24,1;22,5;74;67;73;113;8,2;4,2;
2020/01/03;1900 UTC;0;1005;1005,1;1005;1609,8;28,6;23,6;29,3;28,5;23,8;23;74;70;74;110;8,2;4,1;
2020/01/03;2000 UTC;0;1005,3;1005,3;1005;432,9;27,8;23,6;28,9;27,8;23,8;23,1;78;74;78;107;7,5;3,3;
2020/01/03;2100 UTC;0;1005,6;1005,6;1005,3;88,9;27,3;23;27,8;27,3;23,5;22,9;78;75;77;103;7;2,9;
2020/01/03;2200 UTC;0;1006,2;1006,2;1005,6;;27,2;23,5;27,4;27,1;23,7;23;81;77;80;104;6,7;3,2;
2020/01/03;2300 UTC;0;1007;1007;1006,2;;27,1;23,4;27,2;27,1;23,7;23,3;81;79;80;103;6,4;3,5;
2020/01/04;0000 UTC;0;1007,3;1007,3;1007;;27,1;23,1;27,2;27;23,5;23,1;81;79;79;108;7;3,3;
2020/01/04;0100 UTC;0;1007,2;1007,3;1007,1;;26,9;23;27,1;26,8;23,2;22,8;80;78;80;101;6,8;3,4;
2020/01/04;0200 UTC;0;1007,2;1007,3;1007,2;;26,9;23,1;26,9;26,8;23,1;22,9;80;79;80;89;6,1;2,3;
2020/01/04;0300 UTC;0;1006,7;1007,3;1006,7;;26,6;22,7;26,9;26,6;23,2;22,7;80;79;79;96;5,2;2,5;
2020/01/04;0400 UTC;0;1006,2;1006,7;1006,2;;26,6;22,7;26,7;26,5;22,9;22,6;80;79;79;94;5,6;2,4;
2020/01/04;0500 UTC;0;1005,9;1006,2;1005,9;;26,3;22,6;26,7;26,2;22,7;22,4;80;78;80;91;4,6;2;
2020/01/04;0600 UTC;0;1005,9;1005,9;1005,8;;26,3;22,5;26,6;26,3;22,9;22,5;81;79;80;97;5,7;2,3;
2020/01/04;0700 UTC;0;1006;1006;1005,9;;26,3;22,8;26,4;26;22,8;22,4;81;80;81;99;4,8;1,9;
2020/01/04;0800 UTC;0;1006,5;1006,5;1006;;26,4;22,8;26,4;26,2;22,9;22,7;81;80;80;105;4,8;2,1;
2020/01/04;0900 UTC;0;1007,2;1007,2;1006,5;84,7;26,9;22,9;26,9;26,3;23,1;22,6;81;79;79;92;4,7;2,3;
2020/01/04;1000 UTC;0;1007,8;1007,8;1007,2;693,5;27,7;22,8;27,8;26,9;23,1;22,3;79;74;75;103;5,8;2,8;
2020/01/04;1100 UTC;0;1008,1;1008,1;1007,8;1625,5;28,7;23;29,5;27,6;23,8;22,1;77;68;71;115;6,8;3,6;
2020/01/04;1200 UTC;0;1008,2;1008,2;1008;2108,9;29,4;23;29,8;27,7;23,6;22,7;75;68;68;105;6,6;3,3;
2020/01/04;1300 UTC;0;1008;1008,2;1007,9;3122,2;29,6;22,9;30,1;28,7;23,2;22;69;64;67;109;7,7;3,8;
2020/01/04;1400 UTC;0;1007,5;1008;1007,5;3425,7;29,6;22,7;30,7;29;23,4;21,9;69;63;66;111;8;4,3;
2020/01/04;1500 UTC;0;1007;1007,5;1006,9;3533;30,1;23,1;31;29,4;23,6;22,1;67;62;66;101;8,2;4,4;
2020/01/04;1600 UTC;0;1006,3;1007;1006,2;3402,7;29,9;23,2;31,6;29,4;23,9;22,5;68;62;67;98;8;4,1;
2020/01/04;1700 UTC;0;1005,6;1006,3;1005,6;2995,1;29,8;22,7;30,9;29,4;23,8;21,9;68;62;66;101;8,9;4,1;
2020/01/04;1800 UTC;0;1005,2;1005,6;1005,1;2360,7;29,5;22,8;30,2;28,8;23,6;22,3;72;63;67;89;9,5;3,6;
2020/01/04;1900 UTC;0;1004,9;1005,2;1004,9;1504,9;28,4;23;29,7;28,4;23,3;22,4;73;67;73;92;8,9;4,4;
2020/01/04;2000 UTC;0;1005;1005;1004,8;520,1;27,8;22,9;28,7;27,8;23,4;22,8;75;72;75;92;8;3,3;
2020/01/04;2100 UTC;0;1005,4;1005,5;1005;59,7;27,3;22,9;27,8;27,3;23,1;22,5;77;75;77;99;7,4;2,7;
2020/01/04;2200 UTC;0;1006,3;1006,3;1005,4;;27,2;22,6;27,3;27;22,9;22,5;78;76;76;106;6,4;2,9;
2020/01/04;2300 UTC;0;1007,3;1007,3;1006,3;;27;22,3;27,2;26,9;22,8;22,2;78;75;75;91;6,4;2,7;
2020/01/05;0000 UTC;0;1007,5;1007,5;1007,2;;26,9;22,5;27,1;26,8;22,6;22,1;77;75;77;90;6,4;3,2;
2020/01/05;0100 UTC;0;1007,7;1007,7;1007,4;;26,7;22,4;26,9;26,6;22,6;22,3;78;77;78;89;5,8;2,6;
2020/01/05;0200 UTC;0;1007,3;1007,7;1007,3;;26,6;22,8;26,7;26,6;22,8;22,3;79;77;79;94;5,7;2,5;
2020/01/05;0300 UTC;0;1006,8;1007,3;1006,8;;26,6;22,8;26,7;26,5;22,9;22,7;80;79;80;91;5,3;2,1;
2020/01/05;0400 UTC;0;1006;1006,8;1006;;26,6;22,6;26,6;26,5;22,8;22,6;80;79;79;95;5;2,2;
2020/01/05;0500 UTC;0;1005,7;1006;1005,7;;26,4;22,6;26,6;26,3;22,8;22,5;80;79;80;98;4,1;2,2;
2020/01/05;0600 UTC;0;1005,6;1005,8;1005,6;;26,2;22,5;26,5;26,2;22,6;22,3;80;79;80;115;4;1,3;
2020/01/05;0700 UTC;0;1005,9;1006;1005,6;;25,9;21,9;26,3;25,9;22,5;21,9;80;79;79;178;2,5;1,2;
2020/01/05;0800 UTC;0;1006,3;1006,3;1005,9;;25,2;22,3;25,9;25,1;22,3;21,7;84;79;84;193;2,8;1,4;
2020/01/05;0900 UTC;0;1006,8;1006,8;1006,3;60,9;25;22,3;25,2;24,9;22,4;22,2;85;84;85;191;3,9;2;
2020/01/05;1000 UTC;0;1007,3;1007,3;1006,8;777,8;27,1;22,9;27,2;25;23,2;22,4;85;77;78;169;4,3;2,4;
2020/01/05;1100 UTC;0;1007,5;1007,5;1007,3;1182,7;28;22,8;28;27;23,4;22,5;78;73;74;148;6,7;4,1;
2020/01/05;1200 UTC;0;1007,9;1007,9;1007,4;1466,5;28,6;23,5;28,6;27,8;23,5;22,5;74;71;74;123;6,8;3,1;
2020/01/05;1300 UTC;0;1007,5;1007,9;1007,5;1919,7;29,2;23,6;29,2;28,1;23,6;22,8;74;71;72;125;6,5;3,9;
2020/01/05;1400 UTC;0;1007,3;1007,5;1007,3;2776,7;29,4;23,3;29,6;28,5;23,7;22,8;73;68;70;118;7,9;4,3;
2020/01/05;1500 UTC;0;1007;1007,4;1007;2593,7;29,9;22,9;30;28,9;23,8;22,6;71;66;66;108;8;4,1;
2020/01/05;1600 UTC;0;1006;1007;1006;2504,4;29,2;23;29,8;28,8;23,7;22,5;71;66;69;126;8,5;5;
2020/01/05;1700 UTC;0;1005,2;1006;1005,2;2362,3;28,9;22,9;30,1;28,7;23,6;22,7;72;68;70;107;8,5;3,9;
2020/01/05;1800 UTC;0;1004,8;1005,2;1004,8;1844,1;28,8;23;29,4;28,4;23,6;22,2;73;67;71;114;8,2;4,5;
2020/01/05;1900 UTC;0;1004,9;1005;1004,8;1195,6;28,4;23,1;29,4;28,2;23,7;22,6;73;70;73;106;8;3,9;
2020/01/05;2000 UTC;0;1005,5;1005,5;1004,9;728,5;27,9;23;28,7;27,9;23,7;22,9;76;72;75;109;7,7;3,9;
2020/01/05;2100 UTC;0;1005,8;1005,8;1005,5;94,1;27,4;23,1;28;27,4;23,2;22,7;77;74;77;111;7,3;4;
2020/01/05;2200 UTC;0;1006,1;1006,1;1005,8;;27,3;23,1;27,5;27,2;23,2;23;78;77;78;113;7,9;3,9;
2020/01/05;2300 UTC;0;1006,6;1006,6;1006,1;;27,2;23,2;27,3;27,1;23,3;23;79;78;79;112;7,7;3,6;
2020/01/06;0000 UTC;0;1007,2;1007,2;1006,6;;27,2;23,3;27,3;27,1;23,4;23,2;80;79;79;118;7,8;4;
2020/01/06;0100 UTC;0;1007,1;1007,3;1007,1;;27,2;23,1;27,3;27,1;23,4;23;80;78;78;121;7,6;3,3;
2020/01/06;0200 UTC;0;1006,9;1007,1;1006,9;;27,2;23,1;27,2;27,1;23,4;23;80;78;78;111;6,3;3,2;
2020/01/06;0300 UTC;0;1006,2;1006,9;1006,2;;27,1;23,4;27,2;27;23,4;23;80;78;80;123;7;3,2;
2020/01/06;0400 UTC;0;1005,6;1006,2;1005,6;;27;22,7;27,1;27;23,4;22,7;80;77;77;116;6,4;2,9;
2020/01/06;0500 UTC;0;1005,5;1005,7;1005,4;;27;22,7;27,1;26,9;23,1;22,7;79;77;77;126;5,9;3,2;
2020/01/06;0600 UTC;0;1005,5;1005,5;1005,4;;26,9;22,7;27;26,9;22,9;22,5;78;77;78;118;5,8;2,8;
2020/01/06;0700 UTC;0;1005,7;1005,7;1005,5;;26,7;22,7;26,9;26,7;22,8;22,6;79;78;79;127;5,6;2,1;
2020/01/06;0800 UTC;0;1006;1006;1005,7;;26,6;22,6;26,7;26,6;22,9;22,6;80;78;79;123;4,6;2,5;
2020/01/06;0900 UTC;0;1006,5;1006,5;1006;69,4;27;22,5;27;26,5;22,7;22,5;80;77;77;124;5;2,9;
2020/01/06;1000 UTC;0;1006,6;1006,7;1006,4;360,4;27,4;22,5;27,4;26,9;22,6;22,3;77;75;75;129;5,8;3,1;
2020/01/06;1100 UTC;0;1007,2;1007,2;1006,6;1030,1;28,3;22,2;28,4;27,3;22,9;22,2;75;70;70;138;6,1;3,7;
2020/01/06;1200 UTC;0;1007,2;1007,2;1007,1;1335,5;28,7;22,9;28,8;27,8;23,2;22;73;70;71;137;6,6;3,7;
2020/01/06;1300 UTC;0;1007;1007,2;1006,8;2342,7;29,4;22,6;29,6;28,2;23,4;22,5;72;67;67;135;7,2;4;
2020/01/06;1400 UTC;0;1006,7;1007;1006,6;2893,1;29,2;23,2;30,1;29;23,3;22,1;70;64;70;125;7,9;4,4;
2020/01/06;1500 UTC;0;1006,4;1006,7;1006,4;2620,1;29,3;22,7;30,6;29,1;23,4;22,3;70;64;68;114;7,6;3,7;
2020/01/06;1600 UTC;0;1005,7;1006,4;1005,7;2413,4;29,5;23,2;30,2;28,8;23,5;22,7;70;67;69;138;7,4;4,5;
2020/01/06;1700 UTC;0;1005,1;1005,8;1005,1;2892,9;30,1;23,2;30,7;28,9;23,7;22,6;70;65;67;114;7,4;3,4;
2020/01/06;1800 UTC;0;1005;1005,1;1005;1885,8;28,8;23,2;30,5;28,7;23,7;22,6;72;65;72;117;6,9;4,1;
2020/01/06;1900 UTC;0;1005,1;1005,2;1005;1539,4;28,8;23,3;29,5;28,8;23,8;23;73;70;72;122;8,2;4;
2020/01/06;2000 UTC;0;1005,4;1005,4;1005,1;738,1;28,2;23,4;29,1;28,1;23,9;23,2;76;72;75;115;8,2;4,7;
2020/01/06;2100 UTC;0;1005,4;1005,5;1005,4;133,9;27,6;23,4;28,2;27,6;23,6;23,2;79;75;78;111;8,2;3,2;
2020/01/06;2200 UTC;0;1006;1006;1005,4;;27,4;23,8;27,6;27,4;23,8;23,3;81;78;81;115;6,7;3,9;
2020/01/06;2300 UTC;0;1006,3;1006,3;1006;;27,3;23,9;27,4;27,3;23,9;23,6;82;80;82;119;7,9;4,3;
2020/01/07;0000 UTC;0;1006,8;1006,8;1006,3;;27,3;23,8;27,4;27,3;24;23,6;82;80;81;112;7,9;3,6;
2020/01/07;0100 UTC;0;1007,2;1007,2;1006,8;;27,3;23,9;27,3;27,2;23,9;23,7;82;81;82;127;7;3,6;
2020/01/07;0200 UTC;0;1007,3;1007,4;1007,2;;27,2;23,8;27,3;27,2;23,9;23,6;82;80;81;122;6,7;2,3;
2020/01/07;0300 UTC;0;1006,6;1007,3;1006,6;;27;23,5;27,3;27;23,9;23,5;82;81;81;120;5,7;2,6;
2020/01/07;0400 UTC;0;1006,2;1006,6;1006,2;;27;23,7;27;26,9;23,7;23,5;82;81;82;133;5,4;2,8;
2020/01/07;0500 UTC;0;1006;1006,3;1006;;26,9;23,7;27;26,8;23,7;23,5;83;82;83;135;4,9;2,1;
2020/01/07;0600 UTC;0;1005,9;1006,1;1005,9;;26,8;23,4;27;26,8;23,7;23,4;83;81;81;134;5;2,6;
2020/01/07;0700 UTC;0;1006,1;1006,1;1005,8;;26,5;23,4;26,8;26,5;23,4;23,2;83;81;83;171;4,7;1,8;
2020/01/07;0800 UTC;0;1006,8;1006,8;1006,1;;25,2;23;26,5;25,2;23,1;22,7;88;82;88;210;4,2;1,7;
2020/01/07;0900 UTC;0;1007,4;1007,4;1006,8;54,8;25,3;23,2;25,4;25,2;23,3;23;88;88;88;193;4,1;2,5;
2020/01/07;1000 UTC;0;1007,9;1007,9;1007,4;710,3;27,2;23,9;27,2;25,3;23,9;23,1;88;82;82;167;4,4;2,1;
2020/01/07;1100 UTC;0;1007,9;1008,1;1007,9;1713,1;28,5;23,5;28,7;27,2;24;23,3;82;74;74;145;7,2;4,8;
2020/01/07;1200 UTC;0;1008,1;1008,1;1007,8;2415,6;28,9;23,9;29,7;28,5;24,5;23,3;75;72;75;123;7,3;3,5;
2020/01/07;1300 UTC;0;1007,6;1008,1;1007,6;2988,1;30,3;24;30,6;28,8;24,8;22,9;76;67;69;131;6,8;3,6;
2020/01/07;1400 UTC;0;1006,9;1007,7;1006,9;3362,5;30;23,6;31,1;29,5;24,1;22,4;70;63;69;111;7,3;4,1;
2020/01/07;1500 UTC;0;1006,5;1006,9;1006,5;3496;30,4;23,8;30,6;29,3;24,1;23,1;70;66;68;109;9;4,2;
2020/01/07;1600 UTC;0;1006;1006,5;1005,9;3398,5;30,7;23,7;31,3;29,6;24,3;23;70;65;67;96;8,6;4,1;
2020/01/07;1700 UTC;0;1005,2;1006;1005,2;3017,1;29,7;23,8;31,4;29,5;24,6;23,1;71;64;70;94;9,1;5,1;
2020/01/07;1800 UTC;0;1004,4;1005,2;1004,3;2153,5;29,4;24;30,8;29,1;24,4;23,2;74;67;73;99;8,8;3,9;
2020/01/07;1900 UTC;0;1004,3;1004,5;1004,3;1561,3;29,1;23,8;30;28,8;24,4;23,4;74;71;73;91;9,4;3,8;
2020/01/07;2000 UTC;0;1004,9;1004,9;1004,2;469,4;28,3;23,9;29,1;28,2;24,2;23,7;78;73;77;98;8,8;3,8;
2020/01/07;2100 UTC;0;1005,3;1005,3;1004,9;89,4;27,9;23,6;28,3;27,9;24,2;23,6;80;76;78;100;7,4;4,1;
2020/01/07;2200 UTC;0;1006,2;1006,2;1005,2;;28;23,9;28;27,8;24,1;23,6;79;78;78;118;7,3;3;
2020/01/07;2300 UTC;0;1006,8;1006,8;1006,2;;27,9;24,1;28,1;27,9;24,2;23,8;80;78;80;125;5,5;2,7;
2020/01/08;0000 UTC;0;1007;1007,1;1006,7;;27,7;24;27,9;27,7;24,1;23,9;80;80;80;120;5,8;2,9;
2020/01/08;0100 UTC;0;1007,2;1007,3;1007;;27,7;24;27,8;27,7;24,1;23,8;81;79;81;117;5,9;3,3;
2020/01/08;0200 UTC;0;1007;1007,3;1007;;27,7;24;27,8;27,6;24,1;23,8;81;79;80;131;6;3,5;
2020/01/08;0300 UTC;0;1006,3;1007;1006,3;;27,5;24,1;27,7;27,5;24,1;23,9;82;80;81;127;5,9;3,2;
2020/01/08;0400 UTC;1,2;1005,6;1006,3;1005,6;;23,9;21,8;27,6;23,9;24,1;21,8;88;76;88;127;10;5,2;
2020/01/08;0500 UTC;25,2;1005,3;1005,9;1005,3;;25,4;24,1;25,4;23,4;24,2;21,6;94;88;93;113;10;2,4;
2020/01/08;0600 UTC;,2;1005,4;1005,4;1005,2;2,5;26;24,2;26,2;25,4;24,5;24,2;93;90;90;140;5,1;1,8;
2020/01/08;0700 UTC;0;1005,6;1005,6;1005,4;1,4;26,4;24,3;26,4;25,7;24,4;24;91;88;88;123;4,1;2,1;
2020/01/08;0800 UTC;0;1006,2;1006,2;1005,6;1,5;25,2;23,4;26,5;25,2;24,3;23,1;90;87;90;173;5,7;1,9;
2020/01/08;0900 UTC;0;1006,7;1006,7;1006,1;73,4;26,7;24,2;26,7;25,3;24,3;23,4;90;86;86;130;4,6;2,7;
2020/01/08;1000 UTC;0;1007,4;1007,4;1006,7;309;27,2;24;27,2;26,7;24,2;23,8;86;83;83;130;4,9;2,3;
2020/01/08;1100 UTC;0;1007,7;1007,7;1007,4;360,9;27,1;24,2;27,4;26,3;24,4;23,6;86;82;84;110;5,1;2,9;
2020/01/08;1200 UTC;,2;1007,9;1007,9;1007,7;1187,5;27,9;23,6;28,5;26,7;24,8;23,5;85;76;78;130;6,4;3,4;
2020/01/08;1300 UTC;0;1008;1008,1;1007,9;2483,6;28,8;23,9;29,8;27,9;24,7;23,3;78;73;75;111;7,2;3,2;
2020/01/08;1400 UTC;0;1007,3;1008;1007,3;1825,9;28,7;23,6;29,7;28,2;24,7;23,4;78;73;74;117;6,9;4,1;
2020/01/08;1500 UTC;0;1006,9;1007,3;1006,9;1694,3;29,4;24,4;29,4;28,4;24,5;23,4;76;73;75;107;7;3,2;
2020/01/08;1600 UTC;0;1006,1;1006,9;1006,1;3068,2;29,4;23,7;29,9;28,8;24,4;23,3;74;70;72;103;6,7;3,8;
2020/01/08;1700 UTC;0;1004,9;1006,1;1004,8;2748,6;29,5;23,6;30,3;29;24,3;23,1;74;69;71;113;9,1;3,6;
2020/01/08;1800 UTC;0;1004,9;1005;1004,8;1544,8;28,6;23,7;29,9;28,4;24,2;23;75;70;75;108;6,9;3;
2020/01/08;1900 UTC;0;1004,7;1004,9;1004,6;1451;29;23,4;29,5;28,4;24;23;75;69;72;89;7,6;4;
2020/01/08;2000 UTC;0;1005,2;1005,2;1004,7;627,6;28;23,2;29,4;27,9;23,7;23;75;70;75;89;7,6;3,2;
2020/01/08;2100 UTC;0;1005,7;1005,8;1005,2;24,1;27,5;23,4;28;27,5;23,4;23;78;75;78;85;6,6;2,9;
2020/01/08;2200 UTC;0;1006,3;1006,4;1005,7;;27,5;23,3;27,5;27,4;23,4;23,1;79;77;78;91;6,2;2,4;
2020/01/08;2300 UTC;0;1006,8;1006,8;1006,2;;27,6;23,4;27,6;27,5;23,7;23,2;79;78;78;96;6,2;2,2;
2020/01/09;0000 UTC;0;1007,2;1007,2;1006,8;;27,2;23,2;27,7;27,2;23,7;23,1;80;76;79;113;5,9;3,5;
2020/01/09;0100 UTC;0;1007;1007,2;1007;;27,4;23,5;27,4;26,7;23,6;23;82;79;79;95;6;2,3;
2020/01/09;0200 UTC;0;1006,3;1007;1006,3;;27,4;23,4;27,5;27,3;23,5;23,1;79;78;79;120;6,1;2,7;
2020/01/09;0300 UTC;0;1005,8;1006,4;1005,8;;27,4;23,6;27,4;27,3;23,9;23,4;82;79;80;101;5,5;2,8;
2020/01/09;0400 UTC;0;1005;1005,8;1005;;27,3;23,8;27,4;27,3;23,8;23,6;81;80;81;115;6,4;2,6;
2020/01/09;0500 UTC;0;1004,8;1005;1004,8;;27,2;23,5;27,3;27,1;23,8;23,4;82;80;80;114;5,8;1,9;
2020/01/09;0600 UTC;0;1004,7;1005,1;1004,7;;25,3;22,8;27,3;25,3;23,5;22,4;86;79;86;327;5;1,1;
2020/01/09;0700 UTC;0;1005,4;1005,4;1004,7;;25,3;23,3;26,4;25,2;24;22,8;89;86;89;288;3,5;1,6;
2020/01/09;0800 UTC;17;1006;1006;1005,4;,2;23,6;22,8;25,3;23,6;23,3;22,6;95;89;95;303;6,7;3;
2020/01/09;0900 UTC;28,6;1007;1007;1006;74;23,4;22,9;23,7;23,4;23;22,7;97;95;97;280;5,6;3,4;
2020/01/09;1000 UTC;8,4;1008,1;1008,1;1006,9;220,3;23,1;22,4;24;23,1;23,5;22,4;97;96;96;261;8;4,7;
2020/01/09;1100 UTC;,6;1008,3;1008,3;1007,9;586,6;23,6;23;23,6;22,7;23;22,1;97;96;96;244;8;2,7;
2020/01/09;1200 UTC;0;1007,6;1008,3;1007,6;920,5;24,5;23,7;24,6;23,5;23,8;23;97;95;95;229;5,2;1,6;
2020/01/09;1300 UTC;0;1007,6;1007,6;1007,5;1534,5;26,9;23,9;26,9;24,6;24,7;23,6;95;83;83;145;6,2;3,5;
2020/01/09;1400 UTC;0;1007,8;1007,8;1007,6;2417;28;23;28,3;27;24,3;22,2;84;72;74;139;7,9;4;
2020/01/09;1500 UTC;0;1006,9;1007,9;1006,9;1356,3;28,1;22,8;28,6;27,8;23,7;22,7;76;73;73;151;6,5;3,4;
2020/01/09;1600 UTC;0;1006,2;1006,9;1006,2;1707,2;28,3;23,4;28,8;28,1;23,7;22,6;76;71;75;131;5,9;3,5;
2020/01/09;1700 UTC;0;1005,8;1006,2;1005,7;2377,1;27,9;23;29,9;27,9;24,6;23;76;69;75;127;6,3;4;
2020/01/09;1800 UTC;0;1005;1005,8;1005;1403;27,9;23,3;29;27,9;24,2;23,1;78;74;76;116;6,3;3,2;
2020/01/09;1900 UTC;0;1005;1005;1004,8;1036,6;28,3;23,7;29;27,7;24,6;23,3;79;74;76;100;5,5;2,9;
2020/01/09;2000 UTC;0;1005,4;1005,4;1005;855,3;27,8;23;28,8;27,8;24,1;22,8;77;73;75;89;5,1;2,6;
2020/01/09;2100 UTC;0;1005,8;1005,8;1005,4;61;27,1;23,3;27,8;27,1;23,4;22,8;80;75;80;97;5;1,8;
2020/01/09;2200 UTC;0;1005,8;1006;1005,7;;27,1;23,3;27,2;27,1;23,3;22,8;80;77;80;97;5,1;2,6;
2020/01/09;2300 UTC;0;1006,5;1006,5;1005,8;;27,1;23,1;27,2;26,8;23,6;23;81;79;79;105;5,8;2,1;
2020/01/10;0000 UTC;0;1007,3;1007,3;1006,5;;27,1;23,1;27,2;27;23,1;22,8;79;77;79;109;5,2;2,2;
2020/01/10;0100 UTC;0;1007,5;1007,6;1007,3;;26,9;23;27,2;26,9;23,3;23;80;78;79;103;4,7;2,3;
2020/01/10;0200 UTC;0;1007,3;1007,5;1007,3;;26,9;22,8;27,1;26,9;23;22,7;79;77;78;108;5,3;2,5;
2020/01/10;0300 UTC;0;1006,7;1007,3;1006,7;;26,8;22,9;27;26,7;23,1;22,8;80;78;80;101;4,6;2,1;
2020/01/10;0400 UTC;0;1005,9;1006,7;1005,9;;26,5;23,3;26,8;26,5;23,3;22,8;83;80;83;81;4,5;1,4;
2020/01/10;0500 UTC;13,6;1006;1006;1005,7;;23,9;22,8;26,7;23,9;23,6;22,7;94;82;94;153;7,7;4,6;
2020/01/10;0600 UTC;8,8;1006;1006,1;1005,9;,8;24,3;23,5;24,3;23,4;23,5;22,5;96;94;95;111;8,1;,9;
2020/01/10;0700 UTC;0;1006,6;1006,6;1006;1,8;24,2;23,4;24,3;24,2;23,5;23,3;95;95;95;221;3,4;1,7;
2020/01/10;0800 UTC;0;1007;1007;1006,6;1,1;24,3;23,6;24,4;24,2;23,6;23,4;96;95;96;210;2,9;1,4;
2020/01/10;0900 UTC;0;1007,4;1007,4;1007;42,4;25,1;24,3;25,1;24,3;24,3;23,6;96;95;95;147;2,9;1,1;
2020/01/10;1000 UTC;0;1007,8;1007,8;1007,4;286,9;25,6;23,7;26,2;24,9;24,7;22,9;95;88;89;158;6;1,2;
2020/01/10;1100 UTC;0;1008;1008;1007,8;808,7;27,3;23,5;27,8;25,6;24,2;23,2;89;77;80;127;7,3;3,2;
2020/01/10;1200 UTC;4,6;1008,2;1008,3;1008;1358;28,5;23,8;28,5;24,7;24,8;22,1;90;76;76;125;8,3;4,2;
2020/01/10;1300 UTC;0;1008,4;1008,5;1008,1;2323,2;28,3;23,7;29,1;27,8;24,5;23;77;74;76;119;8,3;3,9;
2020/01/10;1400 UTC;0;1008;1008,5;1008;3343,7;29;23,4;29,6;28,3;24,4;22,4;77;68;72;119;8;4,4;
2020/01/10;1500 UTC;0;1007,3;1008;1007,3;3383,1;29,2;23;30,1;28,9;24,5;21,6;73;63;69;119;8,3;4,7;
2020/01/10;1600 UTC;0;1006,8;1007,4;1006,8;3423,2;29,7;22,8;30,2;28,9;23,6;22,5;70;66;67;109;8,1;4,4;
2020/01/10;1700 UTC;0;1006,1;1006,8;1006,1;3070,6;29,4;22,8;30,2;29;23,7;22,2;69;65;68;109;7,9;5,1;
2020/01/10;1800 UTC;0;1005,6;1006,1;1005,6;2463,6;29;22,7;30,1;28,9;23,6;22,1;70;66;69;126;8,7;4,7;
2020/01/10;1900 UTC;0;1005,6;1005,7;1005,5;1625,5;28,5;22,8;29,4;28,5;23,2;22,4;72;68;71;118;8,6;4,2;
2020/01/10;2000 UTC;0;1005,7;1005,8;1005,5;692;28;23,1;28,9;28;23,4;22,8;75;71;75;116;7,2;3,6;
2020/01/10;2100 UTC;0;1006,1;1006,2;1005,7;120;27,4;22,8;28,1;27,4;23,2;22,4;76;73;76;113;6,9;3,4;
2020/01/10;2200 UTC;0;1006,3;1006,3;1006,1;;27,3;23;27,5;27,3;23,1;22,8;78;76;77;119;6,9;3,9;
2020/01/10;2300 UTC;0;1007;1007;1006,3;;27,3;23,2;27,4;27,2;23,3;22,9;79;77;78;118;7,7;3,6;
2020/01/11;0000 UTC;0;1007,6;1007,6;1007;;27,3;23,3;27,3;27,2;23,3;23;79;78;79;128;7,2;4,1;
2020/01/11;0100 UTC;0;1007,8;1007,8;1007,6;;27,2;23,7;27,3;27,2;23,7;23,1;81;78;81;131;8,7;4;
2020/01/11;0200 UTC;0;1007,5;1007,8;1007,5;;27,3;23,7;27,4;27,2;23,7;23,4;81;79;81;122;8,7;4,3;
2020/01/11;0300 UTC;0;1006,5;1007,5;1006,5;;27;23,5;27,3;27;23,7;23,4;82;80;81;118;8,3;4,4;
2020/01/11;0400 UTC;0;1006;1006,5;1006;;27,1;23,5;27,1;26,9;24;23,5;84;81;81;122;8,2;4,1;
2020/01/11;0500 UTC;0;1005,6;1006,1;1005,6;;27;23,4;27,1;27;23,5;23,2;81;79;81;118;8,1;3,6;
2020/01/11;0600 UTC;0;1005,3;1005,6;1005,2;;26,9;23,6;27;26,9;23,7;23,3;82;80;82;121;7,4;4;
2020/01/11;0700 UTC;0;1005,8;1005,8;1005,3;;26,9;23,5;27;26,9;23,8;23,4;83;81;81;116;7,6;3,7;
2020/01/11;0800 UTC;0;1006,1;1006,1;1005,8;;26,8;23,4;27;26,8;23,7;23,3;83;81;82;123;7,4;3,7;
2020/01/11;0900 UTC;0;1006,7;1006,7;1006,1;66,9;27,3;23,5;27,3;26,8;23,5;23,1;82;79;80;113;6,7;3,9;
2020/01/11;1000 UTC;0;1007;1007;1006,7;562,1;27,4;23,3;28,2;27,1;23,8;23;80;75;78;117;7;3,8;
2020/01/11;1100 UTC;0;1007,4;1007,4;1007;1301,4;28,3;23,4;29;26,8;24,1;23;82;72;75;112;8;3,7;
2020/01/11;1200 UTC;0;1007,7;1007,7;1007,3;1924,8;28,4;23,1;29,3;28;24,2;23;78;72;73;123;8,3;4,9;
2020/01/11;1300 UTC;0;1007,7;1007,7;1007,5;3134,7;29,3;22,9;29,8;28,4;23,9;22,8;73;68;68;124;8,3;4,8;
2020/01/11;1400 UTC;0;1007,2;1007,7;1007,2;3499,9;29,9;23,2;30,9;29,1;23,9;22,8;70;64;67;119;8,5;4,1;
2020/01/11;1500 UTC;0;1006,7;1007,3;1006,7;3650,9;30,5;23,9;30,6;29,2;24;23;71;67;68;106;8,6;4,4;
2020/01/11;1600 UTC;0;1006,1;1006,7;1006,1;3559,7;30;23;30,5;29,1;23,9;22,6;70;66;66;109;8,7;4,3;
2020/01/11;1700 UTC;0;1005,4;1006,1;1005,4;3228,7;30,1;22,7;30,6;29,1;23,8;22,5;71;64;64;123;8,7;4,3;
2020/01/11;1800 UTC;0;1004,7;1005,5;1004,7;2564,3;29,1;23;30,2;28,9;23,4;22,4;71;64;70;115;8,9;4,7;
2020/01/11;1900 UTC;0;1004,7;1004,8;1004,7;1297,1;28,6;22,8;29,5;28,3;23,5;22,7;73;69;71;129;8,9;4,7;
2020/01/11;2000 UTC;0;1005,2;1005,2;1004,7;760,8;28,2;22,7;29;28;23,3;22,4;72;69;72;120;7,8;4,3;
2020/01/11;2100 UTC;0;1005,6;1005,6;1005,1;115,8;27,6;22,5;28,3;27,6;22,9;22,3;74;71;74;131;8,4;4,4;
2020/01/11;2200 UTC;0;1006,3;1006,3;1005,6;;27,4;22,2;27,6;27,4;22,9;22;76;72;73;134;8,1;4,4;
2020/01/11;2300 UTC;0;1007;1007;1006,3;;27,4;22,8;27,5;27,4;22,8;22,1;76;72;76;128;8,6;4;
2020/01/12;0000 UTC;0;1007,3;1007,4;1006,9;;27,2;22;27,5;27,2;22,8;22;76;72;73;135;7,7;4,2;
2020/01/12;0100 UTC;0;1007,3;1007,4;1007,3;;27,1;22,1;27,3;27,1;22,4;22;75;73;74;124;7,3;3,5;
2020/01/12;0200 UTC;0;1007,3;1007,4;1007,2;;26,9;22,1;27,1;26,9;22,3;21,8;75;73;75;139;7,4;3;
2020/01/12;0300 UTC;0;1006,7;1007,3;1006,7;;26,9;22,8;27;26,9;22,8;22,1;78;75;78;140;6,7;3;
2020/01/12;0400 UTC;0;1006,3;1006,7;1006,2;;26,8;22,4;27;26,8;22,7;22;78;74;77;138;6,9;3,5;
2020/01/12;0500 UTC;0;1006;1006,3;1005,9;;26,4;22,1;26,8;26,4;22,4;22;78;77;77;146;6,9;2,4;
2020/01/12;0600 UTC;0;1005,9;1006,1;1005,9;;25,7;21,7;26,5;25,7;22,2;21,7;78;77;78;201;5;2;
2020/01/12;0700 UTC;0;1006;1006;1005,8;;24,6;21,7;25,7;24,6;21,8;21,6;84;78;84;191;4;1,7;
2020/01/12;0800 UTC;0;1006,2;1006,2;1006;;24,2;21,9;24,6;24,2;21,9;21,7;87;84;87;182;3,5;2,1;
2020/01/12;0900 UTC;0;1006,9;1006,9;1006,2;45;24,2;21,9;24,2;24,1;21,9;21,8;87;87;87;187;4,8;2,2;
2020/01/12;1000 UTC;0;1007,5;1007,6;1006,9;440,9;25,4;22,4;25,4;24,2;22,4;21,8;87;83;83;188;4,6;2,2;
2020/01/12;1100 UTC;0;1007,9;1007,9;1007,5;949,6;28,1;21,9;28,1;25,4;22,5;21,9;83;69;69;144;8,2;3,7;
2020/01/12;1200 UTC;0;1008,1;1008,2;1007,9;2074,4;28,7;21,1;29,5;27,9;22,2;21,1;70;63;64;137;8,6;4,7;
2020/01/12;1300 UTC;0;1008,1;1008,2;1008;1875,2;28,7;21,4;29,3;28,1;22,3;20,9;68;62;65;140;9;5,1;
2020/01/12;1400 UTC;0;1007,8;1008,1;1007,8;1962,2;28,7;22,1;29,1;28,5;22,4;21,3;68;64;67;131;9,5;4,9;
2020/01/12;1500 UTC;0;1007,2;1007,8;1007,2;1924;29,2;22,3;29,2;28,4;22,6;21,7;69;64;67;140;8,5;5,2;
2020/01/12;1600 UTC;0;1006,6;1007,2;1006,6;1577,6;28,1;22,3;29,8;27,8;23;21,8;74;63;71;155;9,8;5,2;
2020/01/12;1700 UTC;0;1006,2;1006,6;1006,2;1352,1;28,7;21,7;28,8;28,1;22,5;21,3;71;64;66;150;9,8;4,8;
2020/01/12;1800 UTC;0;1005,7;1006,3;1005,7;1553,2;29,2;22,2;29,8;28,3;22,2;20,9;67;61;66;130;9,5;5,5;
2020/01/12;1900 UTC;0;1005,8;1005,9;1005,5;1475,7;28,5;22;29,7;28,4;23,4;21,9;73;66;68;137;9,6;4,6;
2020/01/12;2000 UTC;0;1006,4;1006,4;1005,8;425,2;27,9;22,5;29;27,9;23,1;21,6;74;65;73;127;8;4,1;
2020/01/12;2100 UTC;0;1006,2;1006,7;1006,2;63,8;27,3;22,9;28;27,3;23;22,2;77;71;77;148;7,5;3,8;
2020/01/12;2200 UTC;0;1006,7;1006,8;1006,2;;27,4;22,2;27,5;27,3;23;22;77;72;73;151;6,9;3,6;
2020/01/12;2300 UTC;0;1007,4;1007,4;1006,7;;27,2;22,8;27,4;27,2;22,8;22;77;72;77;142;6,8;3,7;
2020/01/13;0000 UTC;0;1007,7;1007,8;1007,4;;27,3;23,1;27,3;27,1;23,1;22,6;78;76;78;141;7,4;3,8;
2020/01/13;0100 UTC;0;1007,8;1007,9;1007,7;;27,2;23,1;27,3;27,2;23,1;23;78;78;78;137;7,6;4,3;
2020/01/13;0200 UTC;0;1007,3;1007,9;1007,3;;27,1;23,2;27,2;27;23,2;23;79;78;79;142;7,6;3,6;
2020/01/13;0300 UTC;0;1006,9;1007,3;1006,9;;27;23,1;27,1;27;23,2;22,9;80;78;79;138;7,9;4;
2020/01/13;0400 UTC;0;1005,9;1006,9;1005,9;;26,8;22,9;27,1;26,8;23,1;22,7;80;77;79;143;7,9;3,7;
2020/01/13;0500 UTC;0;1005,8;1005,9;1005,6;;26,8;23,4;26,9;26,7;23,4;22,9;81;79;81;136;7,1;3,2;
2020/01/13;0600 UTC;0;1005,2;1005,8;1005,2;;26,5;22,6;26,8;26,4;23,3;22,6;81;79;79;154;6,2;2,5;
2020/01/13;0700 UTC;0;1005,3;1005,3;1005;;25;22,7;26,6;25;22,8;22,2;87;79;87;220;3,9;1,9;
2020/01/13;0800 UTC;0;1005,9;1005,9;1005,3;;25;22,8;25;24,9;22,8;22,6;88;87;88;200;3,9;1,3;
2020/01/13;0900 UTC;0;1006,3;1006,3;1005,9;19,8;24,6;22,7;25;24,5;22,8;22,4;89;88;89;213;4;1,7;
2020/01/13;1000 UTC;0;1006,8;1006,8;1006,3;365,1;25,4;23;25,4;24,6;23,1;22,6;89;86;87;175;4,9;2,6;
2020/01/13;1100 UTC;0;1007;1007;1006,8;1131,9;27,9;23,5;28,4;25,4;24,3;22,8;87;77;77;163;5;2,3;
2020/01/13;1200 UTC;0;1007;1007,1;1007;2015,8;29;23,6;29,5;27,8;24,5;22,8;78;70;72;145;9;5,4;
2020/01/13;1300 UTC;0;1006,7;1007;1006,7;2577,6;29,6;23,7;30;28,7;24,1;23,1;74;69;71;137;10,6;5,4;
2020/01/13;1400 UTC;0;1006,6;1006,8;1006,5;3469,5;29,6;23,3;30,9;29,3;24,4;22,8;72;66;69;129;10,3;5;
2020/01/13;1500 UTC;0;1005,9;1006,6;1005,9;3535,3;30,1;23,8;31;29,3;24,6;22,5;71;65;69;133;9,5;5,2;
2020/01/13;1600 UTC;0;1005,5;1005,9;1005,4;3410,3;30,1;23,8;30,9;29,3;24,7;22,9;72;64;69;129;9,3;5,1;
2020/01/13;1700 UTC;0;1004,7;1005,5;1004,7;3079;29,4;23,9;30,4;29,2;24,5;23,1;72;68;72;126;9,4;5,5;
2020/01/13;1800 UTC;0;1004,2;1004,7;1004,2;2476,3;29,1;23,6;30,3;28,9;24,6;23,3;73;69;72;129;8,9;5;
2020/01/13;1900 UTC;0;1004,3;1004,3;1004;1727;28,9;23,7;29,9;28,8;24,3;23,5;75;72;74;129;8,9;5,2;
2020/01/13;2000 UTC;0;1004,8;1004,9;1004,3;863,5;28,7;23,6;29,1;28,4;24,1;23,1;76;72;74;134;8,5;3,8;
2020/01/13;2100 UTC;0;1005,1;1005,2;1004,8;153,2;27,8;23,5;28,7;27,7;24;23,3;79;74;78;131;8,1;4;
2020/01/13;2200 UTC;0;1005,4;1005,4;1005,1;;27,6;23,8;27,8;27,5;23,9;23,5;80;78;80;131;8;4;
2020/01/13;2300 UTC;0;1006,1;1006,1;1005,4;;27,5;23,5;27,6;27,5;23,8;23,2;80;77;79;123;7,5;3,8;
2020/01/14;0000 UTC;0;1006,7;1006,7;1006,1;;27,4;23,3;27,5;27,4;23,8;23,3;81;78;78;120;7,4;3,7;
2020/01/14;0100 UTC;0;1007;1007;1006,7;;27,3;23,6;27,5;27,3;23,6;22,7;80;75;80;128;7,4;3,6;
2020/01/14;0200 UTC;0;1006,8;1007,1;1006,8;;27,2;23,2;27,3;27,2;23,6;23,2;80;79;79;128;7,2;3,6;
2020/01/14;0300 UTC;0;1006,3;1006,8;1006,3;;27;23,3;27,2;27;23,4;23,2;81;79;80;135;6,4;3,7;
2020/01/14;0400 UTC;0;1005,5;1006,3;1005,5;;26,9;23,4;27;26,8;23,4;23,2;81;80;81;147;6,5;3,8;
2020/01/14;0500 UTC;0;1005,6;1005,6;1005,4;;26,7;23;26,9;26,7;23,4;22,9;82;79;80;143;6,5;2,8;
2020/01/14;0600 UTC;0;1005,2;1005,6;1005,2;;26,8;22,8;26,9;26,7;23,1;22,7;80;78;79;148;6,6;3,6;
2020/01/14;0700 UTC;0;1005,3;1005,3;1005,2;;26,6;22,8;26,8;26,5;23;22,7;80;79;80;168;6,2;2,7;
2020/01/14;0800 UTC;0;1005,6;1005,6;1005,3;;25,6;22,8;26,6;25,5;22,8;22,5;85;80;85;202;4,4;2;
2020/01/14;0900 UTC;0;1006,3;1006,3;1005,6;62,2;25,9;22,8;25,9;25,4;22,9;22,7;85;83;83;196;4,5;2,5;
2020/01/14;1000 UTC;0;1006,6;1006,7;1006,3;520,1;26,4;22,7;26,6;25,9;23,1;22,6;83;80;80;175;4,5;2,3;
2020/01/14;1100 UTC;0;1007;1007;1006,6;1166,7;28,3;22,8;28,6;26,4;23,1;22,3;80;71;72;131;8,7;5;
2020/01/14;1200 UTC;0;1006,8;1007,1;1006,8;2443,4;29,4;23,1;29,6;28,3;23,2;21,9;72;64;69;127;8,8;4,8;
2020/01/14;1300 UTC;0;1006,5;1006,9;1006,5;3059,1;29,6;22,2;30;28,9;23;21,5;69;61;65;131;8,5;4,6;
2020/01/14;1400 UTC;0;1006,1;1006,5;1006,1;3390,4;30,5;22,2;30,9;29,3;22,8;20,9;66;58;61;129;8,7;4,4;
2020/01/14;1500 UTC;0;1005,4;1006,1;1005,4;3518,5;29,3;22,4;30,5;29,1;23;21,4;67;60;66;128;8,6;5,4;
2020/01/14;1600 UTC;0;1004,8;1005,4;1004,8;3413,5;29,3;22,4;30,7;29,2;23,3;21,9;67;63;66;128;9,3;5;
2020/01/14;1700 UTC;0;1004,2;1004,8;1004,2;3088,1;30,2;23,4;30,2;28,9;23,6;22,4;70;65;67;124;8,9;5;
2020/01/14;1800 UTC;0;1003,9;1004,2;1003,9;2536,5;29,1;23,1;30,3;28,7;23,7;22,7;72;66;70;124;9,8;4,7;
2020/01/14;1900 UTC;0;1003,9;1004;1003,8;1690,5;28,8;23,5;29,7;28,4;23,8;22,9;74;69;73;131;8,4;5,4;
2020/01/14;2000 UTC;0;1004,4;1004,4;1003,9;820,2;28,4;23,1;29;28,1;23,8;22,9;75;72;73;116;8,4;4,6;
2020/01/14;2100 UTC;0;1004,9;1004,9;1004,4;148,9;27,7;23,1;28,4;27,7;23,5;22,9;76;73;76;114;8,3;3,6;
2020/01/14;2200 UTC;0;1005,2;1005,2;1004,8;;27,5;23,1;27,7;27,5;23,2;22,8;77;75;77;118;7,1;3,9;
2020/01/14;2300 UTC;0;1005,7;1005,7;1005,1;;27,4;23,2;27,5;27,4;23,6;23;79;77;78;121;7,3;4;
2020/01/15;0000 UTC;0;1006;1006;1005,7;;27,3;23,3;27,4;27,3;23,4;23,2;79;78;79;117;7,9;4,1;
2020/01/15;0100 UTC;0;1006,4;1006,5;1006;;27,3;23,5;27,3;27,2;23,5;23,2;80;78;80;128;7,9;4;
2020/01/15;0200 UTC;0;1006,4;1006,7;1006,4;;27,3;23,3;27,3;27,2;23,5;23;80;78;79;133;7,1;3,6;
2020/01/15;0300 UTC;0;1005,7;1006,4;1005,7;;27,2;23,4;27,3;27,2;23,4;23,1;80;79;80;133;6,8;3,5;
2020/01/15;0400 UTC;0;1005,2;1005,7;1005,1;;26,9;23,4;27,2;26,9;23,5;23,4;81;80;81;139;7;3,6;
2020/01/15;0500 UTC;0;1005,4;1005,4;1005,2;;27;23,5;27,2;26,8;23,7;23,4;82;80;81;143;8,2;2,8;
2020/01/15;0600 UTC;0;1005,3;1005,5;1005,3;;25,9;22,8;27,1;25,9;23,5;22,8;83;80;83;211;5,4;2,4;
2020/01/15;0700 UTC;0;1005,5;1005,5;1005,3;;25,1;22,6;25,9;25,1;23;22,6;86;83;86;194;4,6;2,5;
2020/01/15;0800 UTC;0;1005,9;1005,9;1005,5;;24,7;22,5;25,1;24,7;22,6;22,5;88;86;88;185;5,2;2,5;
2020/01/15;0900 UTC;0;1006,3;1006,3;1005,9;32;24,6;22,3;24,7;24,6;22,5;22,3;88;87;87;203;4,7;2,3;
2020/01/15;1000 UTC;0;1006,6;1006,6;1006,3;350,7;25,7;22,5;25,9;24,6;22,9;22,3;87;83;83;195;4,9;2,4;
2020/01/15;1100 UTC;0;1006,8;1006,8;1006,6;1639,1;28,7;23,5;28,7;25,7;23,7;22,5;83;73;74;164;6,3;2,7;
2020/01/15;1200 UTC;0;1006,9;1007;1006,8;2469,8;29,1;23,5;29,6;28,5;23,9;22,8;74;69;72;128;9,1;4,9;
2020/01/15;1300 UTC;0;1007,3;1007,3;1006,9;3211,6;29,8;23,6;30,2;28,9;24,2;22,8;72;67;69;128;9,3;4,3;
2020/01/15;1400 UTC;0;1006,9;1007,3;1006,9;3444,1;30;22,8;31,6;29,3;24,2;22,6;71;63;65;124;8,5;4,1;
2020/01/15;1500 UTC;0;1006,4;1007;1006,4;3589,6;30,4;23,4;30,9;29,5;24;22,6;69;64;66;113;8,8;4,2;
2020/01/15;1600 UTC;0;1005,6;1006,4;1005,5;3444,8;29,5;23,1;30,8;29,4;23,7;22,5;69;65;69;113;8,7;4,8;
2020/01/15;1700 UTC;0;1005,2;1005,6;1005,2;3097,1;30;22,8;30,8;29,3;23,7;22,3;70;64;65;116;8,5;4,8;
2020/01/15;1800 UTC;0;1004,6;1005,2;1004,6;2506,4;29,7;23,4;30,4;28,9;24;22,5;73;65;69;119;8,5;4,9;
2020/01/15;1900 UTC;0;1004,6;1004,7;1004,5;1612,3;29,3;24;29,7;28,5;24,3;23,1;75;69;73;118;8,4;4,3;
2020/01/15;2000 UTC;0;1005;1005;1004,5;862,4;28,4;23,3;29,5;28,2;23,9;22,5;74;70;74;116;8,4;4,7;
2020/01/15;2100 UTC;0;1005,7;1005,7;1005;150,8;27,8;22,9;28,5;27,8;23,4;22,6;76;71;75;121;8,4;4,5;
2020/01/15;2200 UTC;0;1006,3;1006,3;1005,6;;27,7;23,4;27,8;27,7;23,6;22,9;78;75;77;120;7,7;4,2;
2020/01/15;2300 UTC;0;1006,9;1006,9;1006,3;;27,6;23,4;27,7;27,6;23,5;23,3;78;77;78;121;7,7;4,5;
2020/01/16;0000 UTC;0;1007,2;1007,2;1006,9;;27,5;23,4;27,6;27,5;23,9;23,3;81;77;79;125;8,6;4,2;
2020/01/16;0100 UTC;0;1007,1;1007,2;1007;;27,5;23,6;27,5;27,4;23,6;23,2;80;77;79;123;7,9;4;
2020/01/16;0200 UTC;0;1006,6;1007,1;1006,6;;27,3;23;27,5;27,3;23,5;22,9;79;77;78;130;7;4;
2020/01/16;0300 UTC;0;1006,1;1006,6;1006,1;;27,1;23;27,3;27,1;23,4;22,9;79;77;78;132;6,8;3,7;
2020/01/16;0400 UTC;0;1005,9;1006,1;1005,9;;27,1;23,2;27,2;27;23,2;22,4;79;75;79;131;8,1;3,6;
2020/01/16;0500 UTC;0;1005,8;1005,9;1005,7;;27,1;22,9;27,1;27;23,3;22,6;80;77;78;133;7,2;3,5;
2020/01/16;0600 UTC;0;1006;1006;1005,8;;26,9;22,6;27,1;26,9;22,8;22,4;78;76;78;132;7,9;3,1;
2020/01/16;0700 UTC;0;1006,2;1006,2;1006;;26,8;22,8;26,9;26,8;22,8;22,5;79;77;79;133;7,6;3,2;
2020/01/16;0800 UTC;0;1006,6;1006,6;1006,1;;26,9;22,5;27;26,8;22,9;22,5;79;77;77;139;6,5;3,5;
2020/01/16;0900 UTC;0;1007,3;1007,3;1006,6;55,6;26,1;23;26,9;25,6;23,1;22,3;84;77;83;206;6;2;
2020/01/16;1000 UTC;0;1008,2;1008,2;1007,3;489,3;26,3;22,9;26,4;25,6;23,2;22,5;84;81;81;195;5,1;2,1;
2020/01/16;1100 UTC;0;1008,7;1008,7;1008,1;909,2;27,3;22,9;27,6;26,2;23,4;22,7;82;77;77;186;4,6;2,7;
2020/01/16;1200 UTC;0;1008,9;1008,9;1008,6;1602,5;29;23,4;29,2;27,3;23,8;22,8;77;70;72;142;8,9;5,1;
2020/01/16;1300 UTC;0;1009;1009,1;1008,9;2770,9;30,1;23,6;30,2;28,7;24,2;22,7;73;67;68;138;9,8;5,6;
2020/01/16;1400 UTC;0;1008,6;1009;1008,6;3466,6;30,1;23,4;31,2;29,5;23,7;22,5;69;63;67;129;9,7;5,3;
2020/01/16;1500 UTC;0;1008;1008,7;1008;3566;29,8;22,8;30,9;29,6;23,8;22,4;68;63;66;125;10,1;5,2;
2020/01/16;1600 UTC;0;1007,3;1008;1007,3;3422,2;30,6;23,4;30,9;29,6;23,7;22,6;68;63;66;131;10,3;4,9;
2020/01/16;1700 UTC;0;1006,9;1007,3;1006,9;2830,6;29,2;23,5;30,9;29;24,4;22,7;71;64;71;122;9,8;5,2;
2020/01/16;1800 UTC;0;1006,2;1006,9;1006,2;2451,5;29,5;23,3;30,6;29,1;24,2;22,7;73;67;69;127;9,6;5,7;
2020/01/16;1900 UTC;0;1006,4;1006,4;1006;1562;29,3;23,4;30,1;28,9;23,9;22,6;72;68;71;128;11,4;5,8;
2020/01/16;2000 UTC;0;1006,9;1006,9;1006,4;720,2;28,6;23,1;29,4;28,5;23,7;22,6;73;70;72;127;9,9;4,6;
2020/01/16;2100 UTC;0;1007,5;1007,5;1006,8;90,8;27,9;23,5;28,6;27,9;23,6;22,7;77;72;77;127;10,4;5,5;
2020/01/16;2200 UTC;0;1008,3;1008,3;1007,5;;28;23,5;28;27,9;23,5;22,9;77;74;77;128;11;5,2;
2020/01/16;2300 UTC;0;1008,9;1008,9;1008,3;;28;23,4;28,1;27,9;23,8;22,8;78;73;76;126;10,5;4,8;
2020/01/17;0000 UTC;0;1008,8;1008,9;1008,7;;27,9;23,2;28;27,8;23,7;23,2;78;76;76;128;9,2;4,7;
2020/01/17;0100 UTC;0;1007,7;1008,8;1007,7;;27,7;22,8;27,9;27,6;23,7;22,8;79;74;75;150;9,7;4,9;
2020/01/17;0200 UTC;0;1007,6;1007,8;1007,6;;27,5;23,5;27,7;27,4;23,8;22,9;80;75;79;139;8,2;3,9;
2020/01/17;0300 UTC;0;1006,9;1007,6;1006,9;;27,4;23;27,7;27,4;23,7;22,9;80;75;77;138;9,5;4,7;
2020/01/17;0400 UTC;0;1005,7;1006,9;1005,7;;27,2;23,1;27,4;27,2;23,2;22,7;79;75;79;139;8,7;4,3;
2020/01/17;0500 UTC;0;1005,7;1005,7;1005,5;;27,2;23;27,3;27,1;23,4;23;80;78;78;135;8,9;4,6;
2020/01/17;0600 UTC;0;1005,8;1005,8;1005,6;;27,2;22,8;27,3;27,1;23,1;22,6;78;76;77;135;8,4;4,2;
2020/01/17;0700 UTC;0;1005,8;1005,9;1005,7;;27,1;22,6;27,2;27,1;22,9;22,5;78;75;76;144;7,5;4,1;
2020/01/17;0800 UTC;0;1006,2;1006,2;1005,7;;27,1;23;27,3;27,1;23,2;22,6;79;76;78;140;8;4,1;
2020/01/17;0900 UTC;0;1006,9;1006,9;1006,2;39,9;27,3;23,3;27,3;27,1;23,4;22,8;80;77;79;147;7,8;2,7;
2020/01/17;1000 UTC;0;1007,6;1007,6;1006,9;383,7;27,8;23,3;28;27,3;23,4;23;79;75;77;140;7,3;4;
2020/01/17;1100 UTC;0;1008,3;1008,3;1007,6;1222,9;29,2;23,7;29,4;27,8;24,1;23,1;77;71;72;146;9,3;5;
2020/01/17;1200 UTC;0;1008,4;1008,5;1008,2;1581,7;29,3;23,5;29,5;28,3;24,2;23,1;76;69;71;144;8,8;4,8;
2020/01/17;1300 UTC;1;1008,8;1009;1008,3;1303,4;26;23,8;30;25,8;23,9;22,8;88;67;88;142;10,5;3,6;
2020/01/17;1400 UTC;,4;1008,5;1008,8;1008,4;511,4;27,2;25,2;27,2;26;25,4;24;92;88;89;144;6,6;3;
2020/01/17;1500 UTC;1,2;1007,8;1008,5;1007,8;234,3;26;24,7;27,2;25,6;25;24,1;93;86;93;134;7,8;2,7;
2020/01/17;1600 UTC;,2;1007;1007,8;1007;460,9;25,9;23,9;27,1;25,9;25,2;23,9;93;87;89;120;12,1;3,8;
2020/01/17;1700 UTC;14,4;1007;1007,3;1006,9;265;26;24,8;26;24,1;24,8;23,3;96;89;93;145;12,9;2;
2020/01/17;1800 UTC;0;1006,8;1007;1006,5;322,3;25,8;23,9;27,1;25,8;25,3;23,8;93;87;89;106;9,3;3,9;
2020/01/17;1900 UTC;1,4;1007;1007;1006,5;44;24,9;23,9;25,8;24,7;24,3;23,7;95;89;95;107;9,3;3,4;
2020/01/17;2000 UTC;2,4;1007,8;1007,8;1006,9;20,8;25;24,1;25,3;24,9;24,4;23,8;95;94;94;134;7,3;3,7;
2020/01/17;2100 UTC;4,2;1007,8;1007,9;1007,7;3,9;25;24;25,2;24,9;24,2;23,7;95;93;94;140;7,4;4,2;
2020/01/17;2200 UTC;1,6;1008,2;1008,4;1007,8;;24,7;23,7;25,4;24,6;24,5;23,6;95;94;94;146;9,1;4,9;
2020/01/17;2300 UTC;1,6;1009,2;1009,2;1007,9;;24,7;23,7;24,8;24,6;23,9;23,6;95;94;95;148;9,1;1,6;
2020/01/18;0000 UTC;1,4;1009,3;1009,4;1009,1;;24,7;23,8;24,7;24,6;23,8;23,7;95;94;95;173;3,7;1,6;
2020/01/18;0100 UTC;0;1009,4;1009,7;1009,3;;24,7;23,8;24,8;24,6;23,8;23,6;95;94;95;359;3,2;,8;
2020/01/18;0200 UTC;1,4;1009,1;1009,4;1009,1;;24,6;23,9;24,7;24,4;23,9;23,6;96;95;96;100;6,2;2,8;
2020/01/18;0300 UTC;,8;1008,3;1009,1;1008,3;;24,5;23,7;24,8;24,5;24,1;23,7;96;96;96;180;6,2;2;
2020/01/18;0400 UTC;1;1007,7;1008,3;1007,7;;24,4;23,7;24,5;24,3;23,8;23,6;96;96;96;199;4,4;2,4;
2020/01/18;0500 UTC;1,4;1007,4;1007,7;1007,4;;23,9;23,3;24,4;23,9;23,8;23,2;96;96;96;198;6,6;2,7;
2020/01/18;0600 UTC;,2;1006,6;1007,4;1006,5;;24;23,4;24,1;23,7;23,4;23,1;96;96;96;185;5,7;2,7;
2020/01/18;0700 UTC;0;1006,7;1006,7;1006,3;;23,9;23,3;24,1;23,8;23,4;23,2;96;96;96;141;4,8;,7;
2020/01/18;0800 UTC;2,4;1007,2;1007,2;1006,7;;24,4;23,8;24,4;23,9;23,8;23,3;97;96;97;136;6,5;2,8;
2020/01/18;0900 UTC;8;1007,1;1007,4;1007;9,2;24,3;23,8;24,6;24,3;24;23,8;97;97;97;188;5,8;1,7;
2020/01/18;1000 UTC;2;1007,7;1007,8;1006,9;96,3;24,7;24,1;24,7;24,3;24,1;23,8;97;97;97;191;5,5;1,9;
2020/01/18;1100 UTC;0;1008,4;1008,4;1007,7;290,8;26,6;25,1;26,6;24,7;25,5;24,1;97;91;91;145;7,8;4;
2020/01/18;1200 UTC;0;1008,5;1008,8;1008,4;1073,4;28;24,7;28,1;26,6;25;24,5;91;82;82;151;8,7;3,8;
2020/01/18;1300 UTC;1,4;1008,2;1008,5;1008,2;551;27;24,9;28;26;25,2;24,1;92;82;88;141;9,4;5;
2020/01/18;1400 UTC;0;1008,2;1008,4;1008,2;1209,2;28,1;24,6;28,1;27;24,9;24,4;88;81;82;142;8,8;4,6;
2020/01/18;1500 UTC;0;1007,5;1008,3;1007,5;2185,6;28,8;24,3;29;28;25,1;24,1;82;77;77;134;9,6;5,4;
2020/01/18;1600 UTC;0;1007,2;1007,5;1007,1;3049,4;29,8;24,9;30;28,8;25,1;23,7;77;72;75;135;10,2;5;
2020/01/18;1700 UTC;0;1006,6;1007,2;1006,6;2834,5;29,4;24,3;30,1;29;25,3;23,8;77;71;74;132;9,2;5,1;
2020/01/18;1800 UTC;0;1006;1006,6;1006;1426,1;28,5;24,1;29,4;28,5;24,5;23,8;77;73;77;138;9,2;5,6;
2020/01/18;1900 UTC;0;1006,3;1006,3;1006;1601,9;28,7;24,1;29,1;28,5;24,6;23,8;78;75;77;141;9,9;5,5;
2020/01/18;2000 UTC;0;1006,5;1006,5;1006,1;839;28,1;24;29,1;28,1;24,7;23,8;78;76;78;137;10;4,5;
2020/01/18;2100 UTC;0;1007,3;1007,3;1006,5;128,7;27,6;24,1;28,1;27,6;24,3;23,9;82;78;81;135;8,9;3,9;
2020/01/18;2200 UTC;0;1007,5;1007,5;1007,2;;27,4;24,2;27,6;27,3;24,3;24;83;81;82;137;8,3;4,3;
2020/01/18;2300 UTC;0;1007,9;1007,9;1007,4;;27,4;23,8;27,5;27,4;24,2;23,7;82;80;81;129;8,3;4,5;
2020/01/19;0000 UTC;0;1008,2;1008,3;1007,8;;27,4;23,7;27,4;27,3;24,1;23,7;83;80;80;127;9,6;5,1;
2020/01/19;0100 UTC;0;1008,1;1008,2;1008;;27,3;23,8;27,4;27,2;24,1;23,6;83;80;81;119;9,8;4,3;
2020/01/19;0200 UTC;0;1007,8;1008,1;1007,8;;27,1;23,3;27,4;27,1;23,9;23,3;82;79;80;126;9,3;4,5;
2020/01/19;0300 UTC;0;1007,2;1007,9;1007,2;;27,1;23,2;27,2;27;23,5;23;81;78;79;125;9,2;4,6;
2020/01/19;0400 UTC;0;1006,7;1007,2;1006,6;;26,8;22,8;27,1;26,8;23,4;22,6;81;77;79;130;8,5;4;
2020/01/19;0500 UTC;0;1005,9;1006,7;1005,9;;26,6;22,4;26,9;26,6;23,1;22,2;80;76;78;138;8,8;4,1;
2020/01/19;0600 UTC;0;1005,6;1005,9;1005,4;;26,5;21,9;26,7;26,4;22,3;21,8;78;75;76;141;9,3;4,9;
2020/01/19;0700 UTC;0;1005,4;1005,6;1005,4;;26,5;21,6;26,6;26,3;22,6;21,6;79;75;75;138;8,8;4,2;
2020/01/19;0800 UTC;0;1005,6;1005,6;1005,3;;26,5;22;26,5;26,3;22,4;21,6;79;75;76;137;8,9;4,7;
2020/01/19;0900 UTC;0;1006,6;1006,6;1005,6;58,3;26,8;22,2;26,8;26,4;22,2;21,7;77;75;76;127;8,2;3,2;
2020/01/19;1000 UTC;0;1007,4;1007,4;1006,6;758,9;27,9;22,6;28;26,8;22,7;22;77;72;73;132;8,5;4,1;
2020/01/19;1100 UTC;0;1007,8;1007,8;1007,3;1550,4;28,1;22,7;28,4;27,8;23,1;22,2;74;70;73;138;8,5;4,9;
2020/01/19;1200 UTC;0;1008,1;1008,2;1007,7;1958,5;28,1;23;29,2;27,8;23,4;22,5;74;69;74;128;7,8;5;
2020/01/19;1300 UTC;0;1007,8;1008,1;1007,6;2385,6;29,6;23,4;29,7;28;23,8;22,8;77;69;69;126;9,4;5,1;
2020/01/19;1400 UTC;0;1007,4;1007,8;1007,4;3084,4;29,1;22,7;30;28,7;23,6;21,6;72;63;69;129;10,6;5,2;
2020/01/19;1500 UTC;0;1006,7;1007,4;1006,7;3606,4;29,8;22,5;30,1;29,1;23,4;21,9;69;63;65;123;9,1;4,8;
2020/01/19;1600 UTC;0;1005,7;1006,7;1005,7;3476,6;29,7;23;30,3;29;23,3;21,5;68;62;67;126;9;5,3;
2020/01/19;1700 UTC;0;1005;1005,7;1005;3131,9;29,5;22,4;30,3;29,3;23,1;21,9;68;63;66;126;9,7;4,7;
2020/01/19;1800 UTC;0;1004,5;1005;1004,5;2560;29,3;22,3;30;28,9;22,8;21,8;68;64;66;134;9;5;
2020/01/19;1900 UTC;0;1004,7;1004,7;1004,5;1783;29;22,1;29,9;28,7;22,9;21,9;69;65;66;125;8,6;4,2;
2020/01/19;2000 UTC;0;1005;1005;1004,7;902,6;28,3;22,7;29,1;28,2;22,9;22,3;72;66;72;128;7,6;4,3;
2020/01/19;2100 UTC;0;1005,6;1005,7;1005;156,3;27,5;22,7;28,4;27,5;22,9;22,6;75;72;75;123;7,4;3,9;
2020/01/19;2200 UTC;0;1006,2;1006,3;1005,7;;27,4;22,8;27,5;27,4;23;22,6;77;75;76;120;6,8;3,5;
2020/01/19;2300 UTC;0;1007;1007;1006,2;;27,4;23,2;27,5;27,3;23,2;22,7;78;76;78;129;6,8;3,7;
2020/01/20;0000 UTC;0;1007,2;1007,3;1007;;27,3;23;27,5;27,3;23,3;22,5;78;75;77;129;7,8;3,8;
2020/01/20;0100 UTC;0;1007,1;1007,3;1007,1;;27,3;23,3;27,3;27,1;23,5;23;80;77;79;129;7,4;3,8;
2020/01/20;0200 UTC;0;1006,7;1007,1;1006,7;;27,1;22,9;27,3;27,1;23,4;22,8;80;78;78;134;8,1;3,9;
2020/01/20;0300 UTC;0;1005,9;1006,7;1005,9;;26,9;22,7;27,1;26,9;23;22,7;79;77;78;142;6,8;3;
2020/01/20;0400 UTC;0;1004,9;1005,9;1004,9;;26,7;22,4;26,9;26,6;22,7;22,3;79;76;78;152;7;2,7;
2020/01/20;0500 UTC;0;1004,5;1004,9;1004,4;;26,4;22,6;26,7;26,3;22,7;22,4;80;78;80;157;5,2;2,4;
2020/01/20;0600 UTC;0;1004,6;1004,7;1004,4;;24,7;22,6;26,4;24,7;22,6;22,3;88;80;88;221;3,8;1,4;
2020/01/20;0700 UTC;0;1004,9;1004,9;1004,5;;24,4;22,5;24,7;24,4;22,6;22,5;89;88;89;212;2,9;1,5;
2020/01/20;0800 UTC;0;1005,4;1005,5;1004,8;;24;22,3;24,5;23,9;22,5;22,2;91;89;91;237;3,4;1,5;
2020/01/20;0900 UTC;0;1006;1006;1005,4;35,6;23,9;22,4;24;23,6;22,4;22,1;92;91;92;224;3,1;1,8;
2020/01/20;1000 UTC;0;1006,2;1006,3;1006;722,6;25,6;22,5;25,7;23,9;23;22,3;92;83;83;195;5,6;2,8;
2020/01/20;1100 UTC;0;1006,3;1006,4;1006,2;1655,8;27,9;22,9;28;25,6;23,3;22,3;83;74;74;181;5,7;2,5;
2020/01/20;1200 UTC;0;1006;1006,3;1005,9;2440,1;29,5;22,7;29,6;27,7;24,1;22,3;75;66;67;143;8,1;4,7;
2020/01/20;1300 UTC;0;1005,9;1006,2;1005,9;3132,7;29,2;22,9;30;28,6;23,8;22,3;72;66;69;128;9,2;4,8;
2020/01/20;1400 UTC;0;1005,9;1006;1005,9;3377;29,2;21,9;30,5;29,1;24;21,9;71;65;65;126;8,2;5,2;
2020/01/20;1500 UTC;0;1005;1005,9;1005;3520,6;30,1;22,8;30,9;29,1;23,5;22,1;70;60;65;124;7,9;4,6;
2020/01/20;1600 UTC;0;1004,2;1005;1004,2;3498,5;30,4;23,4;31,1;29,7;23,4;21,5;67;59;66;128;9;5;
2020/01/20;1700 UTC;0;1003,5;1004,3;1003,5;3128,5;30,1;23,4;30,4;29,2;23,6;22,8;69;66;68;128;9,5;5,7;
2020/01/20;1800 UTC;0;1003;1003,5;1003;2552,8;29;23,9;30,1;28,9;24;22,7;74;67;74;134;9,8;5,7;
2020/01/20;1900 UTC;0;1003,2;1003,2;1002,9;1757,3;28,7;24,1;29,4;28,3;24,2;23,2;77;71;76;130;10,7;5,4;
2020/01/20;2000 UTC;0;1003,5;1003,5;1003,1;778;28,3;22,8;29;28,1;24,1;22,8;77;72;72;143;9,6;4,9;
2020/01/20;2100 UTC;0;1003,8;1003,8;1003,5;161;27,6;23,6;28,4;27,6;23,8;22,6;80;72;79;126;9,2;4,3;
2020/01/20;2200 UTC;0;1004,6;1004,6;1003,8;;27,5;23,3;27,7;27,5;23,7;23,1;80;77;78;126;8;4,4;
2020/01/20;2300 UTC;0;1005,1;1005,1;1004,5;;27,5;23,9;27,5;27,4;23,9;23,2;81;77;81;119;8;3,3;
2020/01/21;0000 UTC;0;1005,5;1005,6;1005,1;;27,2;23,4;27,5;27,1;23,9;23,2;82;79;80;110;7,3;4;
2020/01/21;0100 UTC;0;1005,6;1005,6;1005,4;;27,1;23,8;27,2;27;23,8;23,3;82;79;82;120;7,4;2,9;
2020/01/21;0200 UTC;0;1005,2;1005,6;1005,2;;27,2;23,5;27,3;27;24;23,3;83;79;80;122;6,2;3,3;
2020/01/21;0300 UTC;0;1004,3;1005,2;1004,3;;26,6;23,5;27,3;26,4;24,2;23,5;87;80;83;105;6,1;2,9;
2020/01/21;0400 UTC;0;1003,8;1004,3;1003,8;;26,5;23,8;26,7;26,4;23,8;23,3;85;83;85;103;5,1;2,2;
2020/01/21;0500 UTC;0;1003,4;1003,8;1003,4;;26,5;24;26,8;26,5;24,1;23,6;86;83;86;126;5,6;2,6;
2020/01/21;0600 UTC;0;1003,5;1003,5;1003,3;;26,7;23,9;26,7;26,5;24,2;23,9;86;85;85;116;5,2;2,4;
2020/01/21;0700 UTC;0;1003,6;1003,6;1003,2;;26,8;23,9;26,8;26,6;23,9;23,8;85;84;84;117;5,3;2,1;
2020/01/21;0800 UTC;0;1003,9;1003,9;1003,6;;26,9;24;26,9;26,7;24,1;23,9;85;84;84;125;3,7;2;
2020/01/21;0900 UTC;0;1004,6;1004,6;1003,9;87,2;27,4;24,3;27,4;26,6;24,3;23,9;85;84;84;121;3,9;1,5;
2020/01/21;1000 UTC;0;1005,4;1005,4;1004,6;647,5;27,8;24,3;28,3;27,3;24,5;23,8;84;79;81;181;4,3;1,1;
2020/01/21;1100 UTC;0;1006;1006;1005,4;1571,3;28,9;23,7;29,2;27,8;24,7;23,6;82;73;73;95;4,9;2,2;
2020/01/21;1200 UTC;0;1006,3;1006,4;1006;2031,9;29,5;24,3;30,4;28,1;25;23,4;79;70;74;91;5,8;2,7;
2020/01/21;1300 UTC;0;1006,3;1006,6;1006,3;2735,5;29,5;24,1;30,5;28,8;25,1;23,6;77;71;73;96;6,7;3,3;
2020/01/21;1400 UTC;0;1005,9;1006,3;1005,9;2876,9;29,8;24;30,9;29;25,3;23,9;76;70;71;86;6,9;3,4;
2020/01/21;1500 UTC;0;1005,2;1005,9;1005,1;2997,2;30,4;24,3;31,1;29,6;25,3;23,7;75;68;70;79;8;3;
2020/01/21;1600 UTC;0;1004,7;1005,2;1004,7;3052,4;30,8;24,6;31;29,6;24,6;23,3;72;67;70;69;8;3,8;
2020/01/21;1700 UTC;0;1004;1004,7;1004;3052,9;30,6;23,9;31,1;29,7;24,9;23,6;72;67;68;57;8,5;4,8;
2020/01/21;1800 UTC;0;1003,2;1004;1003,2;2523,4;29,9;24;30,7;29,6;24,6;23,5;72;67;70;54;9,1;4,4;
2020/01/21;1900 UTC;0;1002,7;1003,2;1002,6;760,4;29;23,9;29,9;28,5;24,1;23,3;75;70;74;48;7,9;4,1;
2020/01/21;2000 UTC;0;1003,2;1003,2;1002,6;665,8;28,6;23,8;29,2;28,3;24,1;23,6;77;72;75;57;7,2;2,4;
2020/01/21;2100 UTC;0;1003,8;1003,8;1003,2;106;27,4;24,1;28,6;27,4;24,3;23,7;83;75;82;61;5,4;2,5;
2020/01/21;2200 UTC;0;1004,1;1004,1;1003,5;;27,3;23,6;27,4;27,2;24,2;23,6;83;80;81;61;6,3;2,4;
2020/01/21;2300 UTC;0;1005,2;1005,2;1004,1;;27,2;23,8;27,4;27,2;23,9;23,1;82;78;82;82;5,8;2,4;
2020/01/22;0000 UTC;0;1006,1;1006,1;1005,2;;27,3;23,3;27,3;27,1;23,9;23,3;82;79;79;82;5,1;2,3;
2020/01/22;0100 UTC;0;1006,9;1006,9;1006;;27,1;23,8;27,3;27,1;23,8;23,1;82;78;82;93;4,6;1,5;
2020/01/22;0200 UTC;0;1006,4;1006,9;1006,3;;27,1;23,3;27,3;27,1;24;23,3;83;80;80;89;4,2;1,7;
2020/01/22;0300 UTC;0;1005,9;1006,5;1005,9;;27,1;23,9;27,1;26,8;23,9;23,3;83;80;83;65;3,8;1,8;
2020/01/22;0400 UTC;0;1005,2;1005,9;1005,2;;26,7;23,6;27,1;26,7;23,9;23,6;83;82;83;42;3,8;1,1;
2020/01/22;0500 UTC;0;1004,6;1005,2;1004,6;;26,7;23,7;26,8;26,6;23,8;23,5;84;83;84;85;2,4;1,2;
2020/01/22;0600 UTC;0;1004,4;1004,6;1004,3;;26,6;23,8;26,7;26,1;23,9;23,4;86;84;85;126;2,3;,8;
2020/01/22;0700 UTC;0;1004,4;1004,4;1004,2;;26,2;23,8;26,6;26,1;23,9;23,7;87;85;86;33;2,1;,6;
2020/01/22;0800 UTC;0;1004,6;1004,6;1004,3;;26,3;23,9;26,3;26,1;23,9;23,7;87;86;87;6;1,9;,8;
2020/01/22;0900 UTC;0;1004,7;1004,7;1004,6;48,3;27,2;24,3;27,2;26,1;24,3;23,8;87;84;84;138;1,9;,3;
2020/01/22;1000 UTC;0;1005,2;1005,2;1004,7;643,6;28,8;24,3;28,8;27,2;24,7;23,9;84;76;76;37;4,2;2;
2020/01/22;1100 UTC;0;1005,9;1005,9;1005,1;1144,8;28,9;24,3;29,3;28,2;24,8;23,8;79;75;77;80;5,8;3,1;
2020/01/22;1200 UTC;0;1006,2;1006,4;1005,9;2316,4;30,4;25;30,4;28,9;25,1;23,8;77;72;73;62;5,8;3,2;
2020/01/22;1300 UTC;0;1006;1006,3;1006;3014,5;30,3;23,8;30,7;29,7;24,9;23,6;73;67;68;70;7,5;3,9;
2020/01/22;1400 UTC;0;1005,8;1006,1;1005,7;2945,2;29,9;24,7;31,1;29,8;25,2;23,1;74;65;74;57;7,8;3,6;
2020/01/22;1500 UTC;0;1005,5;1005,9;1005,5;2020,8;29,6;24,1;30,2;29,3;24,8;23,7;75;71;72;79;6,9;3,3;
2020/01/22;1600 UTC;0;1004,9;1005,5;1004,9;2755,6;30,2;24,8;31,3;29,3;25,1;23,8;76;67;73;83;8;3,9;
2020/01/22;1700 UTC;0;1004;1004,9;1004;3035,9;29,9;23,8;30,9;29,5;25;23,8;74;68;70;82;7,9;4;
2020/01/22;1800 UTC;0;1003,8;1004;1003,7;2203,8;29,6;24,4;30,5;29,4;25;23,5;75;69;74;78;8;4,1;
2020/01/22;1900 UTC;0;1003,5;1003,8;1003,5;1509,1;28,7;24;30,1;28,7;25;23,9;76;73;76;93;7,3;3,2;
2020/01/22;2000 UTC;0;1003,5;1003,6;1003,5;662,6;28,2;23,9;29,6;28,2;24,5;23,7;78;72;77;91;6,5;3;
2020/01/22;2100 UTC;0;1003,8;1003,9;1003,5;61,7;27,7;23,8;28,2;27,7;24;23,4;79;77;79;101;6,7;2,2;
2020/01/22;2200 UTC;0;1004,6;1004,6;1003,8;;27,9;23,7;27,9;27,6;24,4;23,7;83;78;78;101;5,5;2,6;
2020/01/22;2300 UTC;0;1005,4;1005,4;1004,6;;27,9;24,2;28;27,8;24,2;23,7;81;78;81;100;5,9;3,2;
2020/01/23;0000 UTC;0;1006,1;1006,1;1005,4;;27,9;24,3;28;27,8;24,4;24,2;82;81;81;105;6,6;3,2;
2020/01/23;0100 UTC;0;1006,5;1006,5;1006,1;;28;24,5;28;27,8;24,5;24,2;82;81;81;106;5,7;3;
2020/01/23;0200 UTC;0;1006,2;1006,5;1006,2;;27,8;24,7;28;27,8;24,8;24,1;84;79;83;113;6,1;2,6;
2020/01/23;0300 UTC;0;1005,4;1006,2;1005,4;;27,9;24,4;27,9;27,7;24,9;24,4;84;82;82;109;6;3,5;
2020/01/23;0400 UTC;0;1004,8;1005,5;1004,8;;27,8;24,4;27,9;27,8;24,4;24,1;82;80;82;111;6,2;2,5;
2020/01/23;0500 UTC;0;1004,4;1004,8;1004,4;;27,6;24,5;27,8;27,5;24,5;24,3;84;81;83;104;5,2;1,8;
2020/01/23;0600 UTC;,2;1004,2;1004,4;1004,2;;26,4;24,2;27,7;26,4;24,8;24,2;88;83;88;105;5,3;2;
2020/01/23;0700 UTC;,2;1004,2;1004,4;1004,2;;26,7;24,8;27;26,3;24,9;24,2;90;87;89;95;5,1;2,3;
2020/01/23;0800 UTC;0;1004,3;1004,3;1003,9;;27,2;24,6;27,2;26,6;25,1;24,5;90;86;86;104;5,7;2,8;
2020/01/23;0900 UTC;0;1004,7;1004,7;1004,3;26,4;27,5;24,5;27,5;27,1;24,9;24,5;87;84;84;108;6;3,4;
2020/01/23;1000 UTC;0;1005,4;1005,4;1004,7;455,3;28,2;24,8;28,2;27,4;25;24,5;85;81;81;96;7,8;3,6;
2020/01/23;1100 UTC;0;1006;1006;1005,4;1339,3;29,1;25;29,2;28,2;25,4;24,4;82;77;78;114;8,3;4,7;
2020/01/23;1200 UTC;0;1006,2;1006,2;1006;1719,6;29,2;24,7;29,8;28,5;25,4;24,3;80;76;77;116;9,3;4,7;
2020/01/23;1300 UTC;0;1006,2;1006,3;1006;2622,7;30;24,9;30,5;29,2;25,4;24,4;77;72;74;106;9,3;4,4;
2020/01/23;1400 UTC;0;1006,1;1006,4;1006,1;2676,1;30,8;25,5;30,8;29,6;25,6;24,5;76;72;73;109;8,1;3,9;
2020/01/23;1500 UTC;0;1005,4;1006,1;1005,4;2873,6;29,9;24,9;31,5;29,7;26;24,5;76;70;75;122;9;4,6;
2020/01/23;1600 UTC;,6;1005,1;1005,5;1005,1;2163,2;29;25,7;30,8;27,5;26,7;24;89;72;82;113;8,6;3,3;
2020/01/23;1700 UTC;0;1004,4;1005,1;1004,4;2066,3;29,7;24,9;30,1;28,8;25,9;24,6;83;75;76;118;8,8;4,9;
2020/01/23;1800 UTC;0;1004,1;1004,4;1004,1;1790,3;29,7;24,5;30,2;29,2;25,5;24,4;78;74;74;112;8,9;4,2;
2020/01/23;1900 UTC;0;1003,6;1004,1;1003,4;1418,1;29;24,6;30,2;29;25,1;24,3;78;73;77;112;9,1;4,8;
2020/01/23;2000 UTC;0;1003,4;1003,7;1003,3;548,3;28,5;24,4;29,4;28,5;24,9;24;79;75;78;119;9,1;4,7;
2020/01/23;2100 UTC;0;1004;1004;1003,3;60,8;28,2;24,4;28,5;28,2;24,5;24,2;80;78;80;117;8,1;4,3;
2020/01/23;2200 UTC;0;1005;1005;1004;;28;24,5;28,2;28;24,5;23,8;81;77;81;111;9,1;3,2;
2020/01/23;2300 UTC;0;1005,8;1005,8;1005;;28,1;24,2;28,2;27,9;24,7;24,2;82;79;80;125;7,5;3,8;
2020/01/24;0000 UTC;0;1006,2;1006,2;1005,8;;28;23,8;28,1;28;24,1;23,5;80;76;78;127;7,7;3,8;
2020/01/24;0100 UTC;0;1006,6;1006,6;1006,3;;28;23,8;28;27,9;24,1;23,7;80;78;78;117;6,4;2,6;
2020/01/24;0200 UTC;0;1006,4;1006,6;1006,3;;27,7;24,2;28;27,6;24,4;23,8;82;78;81;120;5,4;2,9;
2020/01/24;0300 UTC;0;1006,2;1006,4;1006,1;;26,5;24,5;27,8;26,2;24,5;23,7;89;81;89;159;7,6;1,7;
2020/01/24;0400 UTC;0;1005,5;1006,2;1005,5;;27,6;24,5;27,6;26,5;25;24,3;89;83;83;118;6,6;3;
2020/01/24;0500 UTC;0;1005;1005,5;1005;;27,6;24,4;27,7;27,5;24,6;24,2;84;82;83;126;6,8;3,1;
2020/01/24;0600 UTC;0;1004,9;1005;1004,8;;27,7;24,2;27,8;27,6;24,4;24,1;83;80;82;124;7;3,6;
2020/01/24;0700 UTC;0;1004,8;1005;1004,8;;27,6;24;27,7;27,5;24,3;23,9;82;80;81;117;6,4;2,9;
2020/01/24;0800 UTC;0;1005;1005;1004,8;;27,6;23,9;27,7;27,6;24,2;23,9;81;80;80;119;7,9;3,5;
2020/01/24;0900 UTC;0;1005,7;1005,7;1005;31;27,7;24;27,7;27,6;24;23,7;80;79;80;125;7,3;3,6;
2020/01/24;1000 UTC;0;1006,4;1006,4;1005,7;289,7;28,1;24,2;28,1;27,7;24,4;23,9;81;79;80;127;6,8;3,8;
2020/01/24;1100 UTC;0;1006,8;1006,8;1006,4;885,7;28,5;24,1;28,7;28,1;24,5;24;80;77;77;129;8,5;4,5;
2020/01/24;1200 UTC;0;1007,2;1007,2;1006,8;1864,4;29,7;24,5;30,3;28,5;25,1;23,8;78;71;74;116;8,7;4;
2020/01/24;1300 UTC;0;1006,8;1007,2;1006,8;2305,8;29,4;23,9;30,5;29,1;25;23,7;74;69;72;118;8,7;4,8;
2020/01/24;1400 UTC;0;1006,8;1006,9;1006,6;1479,9;29,2;24,2;29,6;29;24,2;23,5;75;72;74;114;8,5;3,6;
2020/01/24;1500 UTC;0;1006,5;1006,9;1006,5;2225,5;29,3;24,1;30,3;29;24,6;23,6;76;69;74;125;7,4;4;
2020/01/24;1600 UTC;0;1005,8;1006,5;1005,8;3613,8;30,2;23,7;31,3;29,2;25,1;23,3;74;67;68;128;8,2;4,3;
2020/01/24;1700 UTC;0;1005,1;1005,9;1005,1;1913,8;29,4;23,8;30,5;29,2;24,4;23,4;74;68;72;142;9;5;
2020/01/24;1800 UTC;0;1004,7;1005,2;1004,7;1871,2;29,9;24,2;30,1;29,2;24,5;23,5;73;69;72;133;9;3,9;
2020/01/24;1900 UTC;0;1004,9;1004,9;1004,7;886,9;28,9;24,3;29,9;28,6;24,3;23,5;76;70;76;137;7,4;4,2;
2020/01/24;2000 UTC;0;1005,1;1005,1;1004,9;433,8;28,4;24;28,9;28,3;24,3;23,5;78;74;77;137;8;4,7;
2020/01/24;2100 UTC;0;1005,8;1005,8;1005,1;92,6;28,3;23,6;28,6;28,2;24,3;23,6;78;75;76;142;8;3,5;
2020/01/24;2200 UTC;0;1006,3;1006,3;1005,8;;28,1;24;28,3;28,1;24;23,6;78;76;78;139;6,2;3,4;
2020/01/24;2300 UTC;0;1007,1;1007,1;1006,3;;28,1;24;28,2;28,1;24,1;23,8;79;78;79;140;7;3,7;
2020/01/25;0000 UTC;0;1007,6;1007,6;1007,1;;28,1;23,7;28,2;28;24,1;23,7;79;77;77;145;7,4;4,1;
2020/01/25;0100 UTC;,2;1008;1008;1007,6;;26,4;24,4;28,2;26,3;24,5;23,7;89;77;89;141;9,2;3,6;
2020/01/25;0200 UTC;0;1007,7;1008;1007,7;;26,3;24,1;26,8;26,2;24,7;23,9;89;84;88;126;8;4,2;
2020/01/25;0300 UTC;0;1007;1007,7;1007;;27;23,4;27;26,2;24,2;23,4;88;81;81;129;8;3,5;
2020/01/25;0400 UTC;0;1006,2;1007;1006,2;;26,9;23,5;27,1;26,6;24,1;23,1;86;79;82;128;7;3,9;
2020/01/25;0500 UTC;0;1005,6;1006,2;1005,6;;27,1;23,9;27,1;26,8;24,1;23,6;85;82;82;153;6,7;1,7;
2020/01/25;0600 UTC;0;1005,2;1005,6;1005,2;;27,1;24,2;27,4;27,1;24,2;23,4;84;79;84;140;6,2;2,9;
2020/01/25;0700 UTC;0;1005,2;1005,3;1005,1;;27,2;24,1;27,3;27,1;24,3;23,7;84;81;83;137;5,6;3;
2020/01/25;0800 UTC;0;1005,4;1005,4;1005,2;;27,1;23,9;27,3;27,1;24,2;23,9;84;82;83;168;5,4;2,1;
2020/01/25;0900 UTC;0;1005,8;1005,8;1005,4;14,4;26,4;23,9;27,1;26,4;24,1;23,9;86;83;86;198;4;2,3;
2020/01/25;1000 UTC;,8;1006,5;1006,5;1005,8;206,5;26,1;24,7;26,4;25,8;24,8;23,9;92;86;92;174;5,1;2,6;
2020/01/25;1100 UTC;,6;1007,1;1007,1;1006,5;481,3;26,5;25,3;26,6;25,9;25,3;24,5;93;91;93;174;6,1;1,9;
2020/01/25;1200 UTC;0;1007,1;1007,2;1007,1;1095,3;27,5;25,4;27,7;26,3;26,1;25;93;88;88;180;4,3;2,1;
2020/01/25;1300 UTC;0;1006,9;1007,2;1006,9;2143,6;29,2;25;29,6;27,5;26,4;24,8;89;78;78;133;8,9;4,9;
2020/01/25;1400 UTC;0;1006,8;1006,9;1006,8;2901,6;29,4;24,4;30,1;29;25,7;24,4;80;74;74;129;9,1;4,3;
2020/01/25;1500 UTC;0;1006;1006,8;1006;2847,5;29,7;24,9;30,3;29,1;26;24,4;80;75;76;135;9,1;4,7;
2020/01/25;1600 UTC;0;1005,4;1006;1005,4;2398,1;29,7;25,1;30,4;29,3;25,9;24,7;79;75;76;123;9,1;4,6;
2020/01/25;1700 UTC;0;1005;1005,4;1005;2222,8;29,4;25;30,2;29,4;25,6;24,7;78;75;77;127;8,8;4,6;
2020/01/25;1800 UTC;0;1004,5;1005;1004,5;1516,1;28,3;25,5;29,9;28,2;25,9;24,7;86;75;85;130;9,2;4,3;
2020/01/25;1900 UTC;0;1004,3;1004,5;1004,2;902,7;28,7;25;29,1;28,3;25,4;24,7;85;79;81;125;9,2;4,6;
2020/01/25;2000 UTC;0;1005,1;1005,1;1004,3;339,8;28,5;24,9;28,9;28,5;25,1;24,6;82;79;81;132;8,6;4,1;
2020/01/25;2100 UTC;0;1005,4;1005,4;1005,1;69,9;28,3;25,1;28,6;28,2;25,1;24,7;83;80;83;127;7,6;3,5;
2020/01/25;2200 UTC;0;1005,9;1005,9;1005,3;;28,1;25,1;28,3;28,1;25,1;24,8;84;82;84;128;7,2;3,8;
2020/01/25;2300 UTC;0;1006,8;1006,8;1005,9;;28,2;25,1;28,2;28,1;25,2;24,8;84;82;84;131;6,8;3,9;
2020/01/26;0000 UTC;0;1007,5;1007,5;1006,8;;28,1;24,7;28,2;28,1;25,2;24,7;84;82;82;133;6,9;3,2;
2020/01/26;0100 UTC;0;1007,4;1007,5;1007,4;;28,1;24,9;28,1;28;24,9;24,6;83;81;83;133;6,1;2,8;
2020/01/26;0200 UTC;0;1007;1007,4;1007;;28;25,1;28,1;27,9;25,1;24,8;85;83;84;130;7;3,6;
2020/01/26;0300 UTC;0;1006,5;1007;1006,5;;27,9;24,8;28;27,9;25;24,7;84;82;83;126;7,5;3,7;
2020/01/26;0400 UTC;0;1005,8;1006,5;1005,8;;27,9;25;27,9;27,8;25;24,7;84;83;84;135;6,7;2,9;
2020/01/26;0500 UTC;,2;1005,5;1005,9;1005,5;;27,1;24,6;27,9;27,1;25,3;24,6;88;84;86;138;6,8;3,3;
2020/01/26;0600 UTC;0;1005,4;1005,6;1005,4;;27,5;24,8;27,5;26,9;25,2;24,7;89;85;85;128;7,1;3,5;
2020/01/26;0700 UTC;0;1005,3;1005,6;1005,3;;27,5;24,8;27,6;27,4;24,8;24,6;85;84;85;129;6,5;3,3;
2020/01/26;0800 UTC;0;1005,5;1005,5;1005,1;;27,5;24,6;27,6;27,4;24,8;24,3;85;83;84;123;6,5;3,3;
2020/01/26;0900 UTC;0;1005,6;1005,6;1005,4;41,6;27,7;24,7;27,7;27,5;24,7;24,6;85;84;84;124;6,7;3,2;
2020/01/26;1000 UTC;0;1006,1;1006,1;1005,6;452;28,3;25;28,3;27,7;25;24,5;84;81;82;118;7,3;3,8;
2020/01/26;1100 UTC;0;1006,6;1006,6;1006,1;969;29,1;24,9;29,2;28,1;25,5;24,6;83;78;78;131;8,2;4,5;
2020/01/26;1200 UTC;0;1007,2;1007,2;1006,6;1565,6;29,4;25,1;29,7;28,6;25,6;24,5;81;76;78;131;8,2;4,1;
2020/01/26;1300 UTC;0;1007,4;1007,4;1007,2;2471,2;29,8;25,3;30,4;29;25,7;24,5;78;73;77;127;7,8;4;
2020/01/26;1400 UTC;0;1007,3;1007,4;1007,3;2757;29,9;25;30,6;29,3;25,7;24,7;77;73;75;134;8,4;4,4;
2020/01/26;1500 UTC;0;1006,7;1007,3;1006,7;3098,7;30,5;25,2;30,8;29,3;25,9;24,6;78;72;73;110;9,5;4,3;
2020/01/26;1600 UTC;0;1006;1006,8;1006;3291,2;30,3;25,2;31;29,8;25,9;24,8;76;72;74;102;8,5;4,3;
2020/01/26;1700 UTC;0;1005,4;1006,1;1005,4;2877;30,1;25,2;31;29,8;26,1;24,2;76;68;75;115;7,2;4,2;
2020/01/26;1800 UTC;0;1004,5;1005,4;1004,5;2366,2;30;25,5;30,7;29,6;25,7;24,2;77;72;77;116;8,2;4;
2020/01/26;1900 UTC;0;1004,1;1004,5;1004,1;1690;29,4;24,9;30,5;29,2;25,7;24,6;77;73;77;118;8,2;4,4;
2020/01/26;2000 UTC;0;1004,1;1004,2;1003,9;794,2;28,8;24,7;29,7;28,8;25,1;24,5;79;76;79;131;8,1;4,1;
2020/01/26;2100 UTC;0;1004,4;1004,4;1004;141,7;28,5;24,8;29,2;28,5;25;24,5;81;78;80;125;6,7;3,7;
2020/01/26;2200 UTC;0;1005,4;1005,4;1004,4;;28,4;24,6;28,5;28,3;24,8;24,5;81;80;80;127;6,4;3,4;
2020/01/26;2300 UTC;0;1006,6;1006,6;1005,4;;28,3;24,7;28,4;28,3;25,1;24,6;82;80;81;137;6,5;3,3;
2020/01/27;0000 UTC;0;1007,6;1007,6;1006,6;;28,2;24,8;28,4;28,1;24,8;24,5;82;80;82;134;7,4;3;
2020/01/27;0100 UTC;0;1007,6;1007,7;1007,5;;28,2;24,8;28,3;28,1;25;24,8;83;82;82;135;8;4,2;
2020/01/27;0200 UTC;0;1007,6;1007,7;1007,6;;28,2;25;28,3;28,1;25,1;24,8;83;82;83;135;7,1;3;
2020/01/27;0300 UTC;0;1007,2;1007,7;1007,2;;28;24,9;28,2;28;25;24,8;83;82;83;138;7,5;3,7;
2020/01/27;0400 UTC;0;1006,6;1007,2;1006,6;;27,9;24,7;28;27,9;24,9;24,6;84;82;83;149;7,1;3;
2020/01/27;0500 UTC;0;1006,2;1006,7;1006,2;;27,7;24,6;27,9;27,7;24,8;24,6;84;83;83;171;6,9;2,3;
2020/01/27;0600 UTC;1,4;1005,9;1006,2;1005,8;;26,6;24,8;27,7;26,6;24,9;24,4;90;83;90;189;5,5;2,1;
2020/01/27;0700 UTC;0;1005,6;1005,9;1005,5;;26,9;25,1;26,9;26,5;25,2;24,8;92;90;90;168;4,8;2,8;
2020/01/27;0800 UTC;0;1005,8;1005,8;1005,5;,8;26,6;24,8;27;26,6;25,2;24,7;90;88;90;178;5,5;2,1;
2020/01/27;0900 UTC;0;1006;1006,1;1005,7;46,4;26,6;25;26,7;26,5;25;24,8;91;90;91;190;5;2,6;
2020/01/27;1000 UTC;0;1006,6;1006,6;1006;395,3;27,6;25,3;27,6;26,6;25,3;24,9;91;87;87;176;4,7;2,5;
2020/01/27;1100 UTC;0;1007,1;1007,1;1006,6;1158,6;28,7;24,7;28,9;27,6;25,4;24,3;87;78;79;141;9;5,5;
2020/01/27;1200 UTC;0;1007;1007,2;1007;1970,2;29,3;24,7;29,8;28,6;25,3;24,3;80;74;76;143;9,9;5,8;
2020/01/27;1300 UTC;0;1007,1;1007,2;1007;2310,1;29,4;24,4;30,4;29,1;25,4;24,4;78;72;74;133;10,4;4,8;
2020/01/27;1400 UTC;0;1007;1007,1;1006,9;3062,6;30,3;24,5;30,7;29,3;25,3;24;77;70;71;130;10;5,9;
2020/01/27;1500 UTC;0;1006,5;1007;1006,5;3325,6;30,5;25,2;30,8;29,6;25,2;24,2;75;70;73;128;10;5,4;
2020/01/27;1600 UTC;0;1005,9;1006,5;1005,9;3474,4;30,1;24,4;30,9;29,9;25,2;24,1;73;69;72;128;9,6;5,1;
2020/01/27;1700 UTC;0;1005,3;1006;1005,3;3148,2;30,2;24,9;30,8;29,7;25;24;73;70;73;133;9,8;5,4;
2020/01/27;1800 UTC;0;1004,7;1005,3;1004,7;2517,6;29,8;24,6;30,6;29,5;25;23,8;75;70;73;127;9,2;5,1;
2020/01/27;1900 UTC;0;1004,6;1004,7;1004,4;1766,1;29,4;24;30,3;29,3;25;23,7;75;71;73;129;9,1;4,9;
2020/01/27;2000 UTC;0;1005,1;1005,1;1004,6;782,5;29,1;24,7;29,7;28,8;25,1;24;79;73;77;135;9,1;4,4;
2020/01/27;2100 UTC;0;1005,4;1005,4;1005,1;148,9;28,3;24,4;29,1;28,3;24,7;24,1;80;76;79;130;8,2;4,2;
2020/01/27;2200 UTC;0;1005,9;1005,9;1005,3;;28,1;24,5;28,3;28,1;24,8;24,3;82;79;81;127;8,7;4,6;
2020/01/27;2300 UTC;0;1006,6;1006,6;1005,9;;28;24,5;28,2;27,9;24,8;24,3;82;80;82;128;7,9;3,6;
2020/01/28;0000 UTC;0;1007,1;1007,1;1006,6;;27,9;24,6;28;27,9;24,6;24,1;82;80;82;124;7,8;4,1;
2020/01/28;0100 UTC;0;1007,9;1007,9;1007,1;;27,8;23,9;28;27,8;24,7;23,8;83;78;79;123;7,7;3,1;
2020/01/28;0200 UTC;0;1008,2;1008,2;1007,9;;27,9;24;27,9;27,8;24,3;23,9;81;79;79;126;7,8;3,7;
2020/01/28;0300 UTC;0;1007,9;1008,3;1007,9;;27,8;24,5;27,9;27,7;24,5;23,9;82;79;82;123;7;3,7;
2020/01/28;0400 UTC;0;1007,1;1007,9;1007,1;;27,6;23,9;27,8;27,5;24,5;23,9;82;80;81;127;7,1;3,3;
2020/01/28;0500 UTC;0;1006,9;1007,1;1006,9;;27,5;24;27,6;27,5;24,1;23,8;82;80;81;131;6,8;3,2;
2020/01/28;0600 UTC;0;1006,9;1006,9;1006,8;;27,4;23,8;27,5;27,4;24,1;23,7;82;80;81;125;6,3;3,5;
2020/01/28;0700 UTC;0;1006,5;1006,9;1006,5;;27,4;24,1;27,5;27,3;24,2;23,9;83;81;82;128;7,9;4;
2020/01/28;0800 UTC;0;1006,7;1006,7;1006,5;;27,4;23,8;27,5;27,3;24,3;23,8;83;81;81;128;7,1;4;
2020/01/28;0900 UTC;0;1007,3;1007,3;1006,7;45,3;27,5;23,7;27,5;27,3;24,2;23,6;83;80;80;132;7,4;4;
2020/01/28;1000 UTC;0;1007,9;1007,9;1007,3;446;28;23,8;28,2;27,5;24,3;23,6;81;77;78;132;6,9;3,3;
2020/01/28;1100 UTC;0;1008,4;1008,4;1007,9;1228,1;28,7;24,1;29;28;24,5;23,6;79;74;77;138;6,5;4;
2020/01/28;1200 UTC;0;1008,2;1008,5;1008,2;2288,3;30,5;23,9;30,5;28,6;24,6;23,4;77;68;68;153;7,6;4,6;
2020/01/28;1300 UTC;0;1008,3;1008,3;1008;3028,5;30,2;23,8;31,5;30;24,8;22,6;70;62;69;118;8,3;4,8;
2020/01/28;1400 UTC;0;1008,2;1008,4;1008,1;3319,4;31;24;31,5;30;24,5;23,1;71;63;66;112;7,9;3,8;
2020/01/28;1500 UTC;0;1007,9;1008,2;1007,9;3484,5;30,8;24,7;31,3;29,7;25,3;23,5;73;66;70;107;8,1;4;
2020/01/28;1600 UTC;0;1006,9;1007,9;1006,9;3406,5;30,7;25,3;31,3;29,6;25,3;23,5;74;65;73;120;8,7;4;
2020/01/28;1700 UTC;0;1005,7;1006,9;1005,7;3072,2;30,5;24,8;31,2;29,5;25,5;23,6;75;68;72;109;7,4;4,2;
2020/01/28;1800 UTC;0;1005,2;1005,7;1005,2;2463,2;29,8;24,7;30,8;29,5;25,1;23,7;75;69;74;94;7,7;4,2;
2020/01/28;1900 UTC;0;1004,8;1005,2;1004,8;1704,8;29,3;24,2;30;29;24,8;23,9;75;71;74;87;7,7;4;
2020/01/28;2000 UTC;0;1005,3;1005,3;1004,8;835,4;28,6;24,2;29,7;28,6;24,7;23,8;77;73;77;76;7,6;3,4;
2020/01/28;2100 UTC;0;1005,2;1005,3;1005,1;161;28;24;28,7;28;24,2;23,9;79;77;79;81;6,9;3,4;
2020/01/28;2200 UTC;0;1005,3;1005,5;1005,2;;27,7;24,1;28;27,7;24,3;24;81;79;81;93;6,5;2,6;
2020/01/28;2300 UTC;0;1005,7;1005,8;1005,3;;27,6;24,2;27,7;27,5;24,3;24;82;80;82;95;5,9;2,5;
2020/01/29;0000 UTC;0;1006,3;1006,3;1005,7;;27,8;24,4;27,8;27,6;24,4;24,1;82;80;82;109;5,2;2,4;
2020/01/29;0100 UTC;0;1006,7;1006,7;1006,3;;27,8;24,1;27,8;27,7;24,3;24,1;82;80;81;106;5,4;2,8;
2020/01/29;0200 UTC;0;1006,5;1006,7;1006,5;;27,7;24;27,9;27,7;24,2;23,9;81;79;80;128;5,8;2,7;
2020/01/29;0300 UTC;0;1006;1006,5;1006;;27,6;24,1;27,8;27,5;24,3;24;82;80;81;114;6,2;3,2;
2020/01/29;0400 UTC;0;1005,7;1006;1005,7;;27,2;24,2;27,7;27;24,2;23,6;84;79;83;135;6,9;3,3;
2020/01/29;0500 UTC;0;1005,7;1005,8;1005,5;;27,5;23,8;27,6;27,2;24,2;23,5;83;79;80;128;8,1;4,3;
2020/01/29;0600 UTC;0;1005,9;1005,9;1005,6;;27,2;23,9;27,7;27,2;24;23,4;83;78;82;123;8,1;3,7;
2020/01/29;0700 UTC;0;1005,8;1005,9;1005,7;;27,4;23,4;27,5;27,2;24;23,3;82;78;79;130;8;3,7;
2020/01/29;0800 UTC;0;1006,1;1006,1;1005,8;;27,4;23,5;27,5;27,3;23,6;23,3;80;78;79;127;7;3,7;
2020/01/29;0900 UTC;0;1006,7;1006,7;1006,1;33;27,5;23,7;27,5;27,3;23,7;23,2;80;78;80;130;6,6;3,4;
2020/01/29;1000 UTC;0;1007,3;1007,3;1006,7;555,2;28,2;23,8;28,3;27,5;24;23,2;80;75;77;136;6,8;3,8;
2020/01/29;1100 UTC;0;1007,8;1007,8;1007,3;1439,6;29,2;23,8;29,4;28,2;24,1;23,3;77;72;73;146;7,5;3,3;
2020/01/29;1200 UTC;0;1008;1008,1;1007,8;2493,9;29,6;23,6;29,8;29;24,1;23,1;73;69;70;124;7,7;4,3;
2020/01/29;1300 UTC;0;1007,8;1008,1;1007,8;3045,7;30,4;24,2;30,7;29,5;24,2;23,1;72;66;69;127;8,5;4,6;
2020/01/29;1400 UTC;0;1007,6;1007,8;1007,6;3359,6;30;23,9;31,3;29,6;24,3;22,8;70;64;70;116;8,5;4;
2020/01/29;1500 UTC;0;1007,1;1007,6;1007,1;3518;30,5;24,3;31,3;29,7;24,7;23,5;72;64;70;114;8,3;4,9;
2020/01/29;1600 UTC;0;1006,3;1007,1;1006,3;3438,8;30,3;23,9;30,8;29,7;24,3;23,4;71;67;69;118;8,9;4,7;
2020/01/29;1700 UTC;0;1005,8;1006,3;1005,8;3101,5;30,4;23,1;31;29,7;24,2;23,1;71;65;65;123;9,5;5,2;
2020/01/29;1800 UTC;0;1005,5;1005,8;1005,4;2531,1;29,8;23,6;30,8;29,5;24,1;23,1;71;64;69;130;10,4;5,4;
2020/01/29;1900 UTC;0;1005,5;1005,6;1005,4;1726,6;29,3;23,7;30,3;29,1;24,4;23,2;73;69;72;128;10,3;5,3;
2020/01/29;2000 UTC;0;1005,5;1005,6;1005,4;861,6;28,7;23,5;29,9;28,6;24,3;23,4;74;71;74;129;9,8;5,5;
2020/01/29;2100 UTC;0;1006;1006;1005,5;141;28,2;23,4;28,8;28,2;23,6;23,2;76;73;75;126;8,8;4,8;
2020/01/29;2200 UTC;0;1006,8;1006,8;1006;;28,1;23,4;28,3;28,1;23,6;23,3;77;75;76;121;9,4;4,2;
2020/01/29;2300 UTC;0;1007,4;1007,4;1006,8;;28;23,5;28,1;28;23,6;23,2;77;75;76;129;8,5;4,9;
2020/01/30;0000 UTC;0;1007,7;1007,7;1007,4;;28;23,3;28,1;27,9;23,6;23;77;74;75;133;8,8;4,9;
2020/01/30;0100 UTC;0;1007,9;1008;1007,6;;27,9;23,1;28;27,9;23,4;23;77;74;75;131;8,8;4,2;
2020/01/30;0200 UTC;0;1007,2;1007,9;1007,2;;27,8;23,1;28;27,8;23,3;22,7;76;74;76;139;8;4,4;
2020/01/30;0300 UTC;0;1006,7;1007,2;1006,7;;27,9;23;27,9;27,7;23,2;22,8;76;74;75;139;8,1;3,8;
2020/01/30;0400 UTC;0;1006,1;1006,7;1006;;27,8;22,4;27,9;27,8;23,1;22,4;75;72;72;139;8,2;4,4;
2020/01/30;0500 UTC;0;1005,8;1006,1;1005,7;;26,8;23,2;27,8;26,6;23,2;22,3;81;72;80;135;8,9;3,8;
2020/01/30;0600 UTC;0;1005,7;1005,9;1005,7;;26,8;22,2;27,5;26,8;23,5;22,1;81;75;76;150;8,7;2,9;
2020/01/30;0700 UTC;0;1005,8;1005,9;1005,6;;26,4;23;27,6;26,1;23;22,2;82;73;82;202;6,9;1,9;
2020/01/30;0800 UTC;,4;1006,2;1006,2;1005,8;;25,5;23,3;26,5;25,5;23,4;22,8;88;82;88;212;5,6;2,3;
2020/01/30;0900 UTC;0;1007;1007;1006,2;7,3;25,1;23,3;25,6;25,1;23,4;23;90;87;90;203;5;2,3;
2020/01/30;1000 UTC;4,6;1007,7;1007,7;1007;62,9;24,7;23,5;25,2;24,6;23,5;23,2;93;90;93;228;6;2,5;
2020/01/30;1100 UTC;1,8;1008,3;1008,3;1007,7;232,1;24,9;23,8;25;24,6;24;23,5;94;93;94;190;6,1;2,2;
2020/01/30;1200 UTC;,8;1008,6;1008,7;1008,3;607,7;25,4;23,7;26;24,9;24,5;23,5;94;90;90;146;6,5;2,3;
2020/01/30;1300 UTC;,2;1008,4;1008,6;1008,4;1445,9;27;23,9;27,3;25,4;25,2;23,5;91;83;83;143;9,2;3;
2020/01/30;1400 UTC;0;1008,2;1008,6;1008,2;2560,8;28,7;23,6;28,9;26,5;24,4;22,9;83;74;74;132;8,9;3,5;
2020/01/30;1500 UTC;0;1007,4;1008,2;1007,4;3496,8;29,8;22,8;29,9;28,5;24,6;22,2;78;65;66;131;9,5;5,7;
2020/01/30;1600 UTC;0;1006,8;1007,4;1006,8;3689,2;29,9;22,7;30,6;29,3;23,5;21,7;68;64;66;138;9,7;5;
2020/01/30;1700 UTC;0;1006;1006,8;1006;3118,7;29,4;22,6;30,3;29,3;23,4;22,2;69;64;67;138;9,1;5,7;
2020/01/30;1800 UTC;0;1005,5;1006;1005,4;2518,3;29,1;22,5;29,9;29,1;23,4;22,3;70;65;68;129;10;5,5;
2020/01/30;1900 UTC;0;1005,5;1005,5;1005,2;1326,7;28,7;23;29,3;28,5;23,4;22,4;73;67;72;131;9,6;5,4;
2020/01/30;2000 UTC;0;1006;1006;1005,4;820,4;28,4;22,8;28,9;28,4;23,3;22,6;73;71;72;128;9,2;4,9;
2020/01/30;2100 UTC;0;1006,9;1006,9;1006;198,2;28;22;28,5;28;22,9;22;73;70;70;125;8,1;4,2;
2020/01/30;2200 UTC;0;1007,2;1007,2;1006,9;;27,8;22,7;28,1;27,8;22,7;22;74;70;74;124;7,7;4,5;
2020/01/30;2300 UTC;0;1007,9;1008;1007,2;;27,7;23;27,8;27,7;23,1;22,5;76;73;76;124;8,7;4,6;
2020/01/31;0000 UTC;0;1008,1;1008,2;1007,9;;27,7;22,7;27,7;27,6;23;22,7;76;74;74;133;8,4;4,4;
2020/01/31;0100 UTC;0;1008,4;1008,5;1008;;27,5;23;27,7;27,5;23;22,7;76;74;76;137;8;4,1;
2020/01/31;0200 UTC;0;1008,4;1008,7;1008,4;;27,5;23,2;27,6;27,4;23,2;22,9;77;76;77;132;8,7;3,9;
2020/01/31;0300 UTC;0;1007,9;1008,4;1007,9;;27,4;22,8;27,6;27,3;23,2;22,8;78;76;76;131;8;3,8;
2020/01/31;0400 UTC;0;1007,1;1007,9;1007,1;;27,3;23,1;27,4;27,2;23,1;22,7;78;76;78;133;7,7;4,1;
2020/01/31;0500 UTC;0;1006,8;1007,1;1006,8;;27,2;23;27,3;27,1;23,1;22,8;78;76;78;124;7,3;3,6;
2020/01/31;0600 UTC;0;1006,5;1006,8;1006,5;;27,3;22,9;27,3;27,2;23,2;22,9;79;77;77;123;6;3;
2020/01/31;0700 UTC;0;1006,6;1006,6;1006,4;;27,3;22,8;27,3;27,2;22,9;22,6;77;76;76;117;6,1;2,6;
2020/01/31;0800 UTC;0;1006,8;1006,8;1006,6;;27,3;23,2;27,4;27,2;23,2;22,7;79;76;79;125;5,8;2,9;
2020/01/31;0900 UTC;0;1007,2;1007,2;1006,8;19,7;27,4;23,1;27,4;27;23,5;23;80;77;77;122;5,9;3,5;
2020/01/31;1000 UTC;0;1007,8;1007,9;1007,2;236,6;27,7;23,4;27,7;27,3;23,4;22,7;78;75;77;120;6;2,8;
2020/01/31;1100 UTC;0;1008,2;1008,3;1007,8;1064,5;27,6;23;28,9;27,6;24,1;22,9;78;72;76;109;6,8;3;
2020/01/31;1200 UTC;0;1008,1;1008,2;1008;2405,1;29,2;23,6;29,5;27,6;23,8;22,9;78;69;72;124;6,6;4,1;
2020/01/31;1300 UTC;0;1008,1;1008,1;1007,9;2431,5;29,5;24,1;30;28,7;24,6;23,1;74;69;73;119;6,6;3,1;
2020/01/31;1400 UTC;0;1008;1008,2;1007,9;3523,6;29,8;24,1;30,6;29,3;24,6;23,5;73;68;71;118;6,5;3,1;
2020/01/31;1500 UTC;0;1007,8;1008,2;1007,8;1590,9;27,5;23,5;30,4;26,6;24,6;22,8;81;71;79;63;9;1,3;
2020/01/31;1600 UTC;0;1007,1;1007,8;1007;1899,6;28,9;23,3;29,5;27,6;24,7;23;79;69;72;98;5,5;2,7;
2020/01/31;1700 UTC;0;1006,6;1007,1;1006,6;1431,9;28,6;23,1;29,4;28,6;23,8;22,8;73;69;72;101;6,3;3;
2020/01/31;1800 UTC;0;1006,1;1006,6;1006,1;1187;28,7;23,8;29,1;28,4;24;23,2;76;72;75;87;6,3;3,1;
2020/01/31;1900 UTC;0;1006,1;1006,1;1005,8;792,8;28,5;23,5;28,8;28,4;23,9;23,3;76;74;75;89;6,4;2,6;
2020/01/31;2000 UTC;0;1006,9;1006,9;1006,1;354,3;28,1;23,9;28,7;28,1;23,9;23,3;78;74;78;81;5,4;1,8;
2020/01/31;2100 UTC;0;1007,4;1007,4;1006,9;68,4;27,7;23,7;28,1;27,7;23,9;23,5;79;77;79;66;4,7;2,3;
2020/01/31;2200 UTC;0;1007,8;1007,8;1007,4;;27,5;23,7;27,7;27,5;24;23,7;81;79;80;77;4,8;1,8;
2020/01/31;2300 UTC;0;1008,7;1008,7;1007,8;;27,3;23,9;27,5;27,2;23,9;23,7;82;80;82;59;3,5;1,8;
2020/02/01;0000 UTC;0;1008,8;1008,8;1008,7;;27,3;24;27,5;27,3;24,2;23,9;82;81;82;53;4,1;1,6;
2020/02/01;0100 UTC;0;1009;1009,1;1008,8;;26,9;24;27,3;26,9;24,1;24;84;82;84;64;2,6;1,3;
2020/02/01;0200 UTC;0;1008,6;1009;1008,6;;27;24,2;27;26,8;24,2;24;85;84;85;62;4,4;2,3;
2020/02/01;0300 UTC;0;1008,3;1008,6;1008,2;;26,9;23,8;27;26,9;24,1;23,8;85;83;83;74;4,5;1,4;
2020/02/01;0400 UTC;0;1007,5;1008,3;1007,5;;26,9;24;27,1;26,8;24,2;23,8;85;83;84;44;3,6;,9;
2020/02/01;0500 UTC;0;1007,3;1007,5;1007,2;;26,7;24,2;27;26,6;24,2;23,9;86;84;86;293;2,3;,6;
2020/02/01;0600 UTC;0;1007,4;1007,4;1007;;26,1;23,9;26,7;26,1;24,3;23,8;88;86;88;300;3;1,8;
2020/02/01;0700 UTC;0;1007,8;1007,8;1007,4;;25,4;23,4;26,1;25,3;24;23,4;89;88;88;257;3,2;,9;
2020/02/01;0800 UTC;0;1007,8;1007,8;1007,7;;25,5;23,4;25,5;25,3;23,4;23,2;88;88;88;288;2,5;1,3;
2020/02/01;0900 UTC;0;1008,2;1008,3;1007,8;22,7;25,3;23,4;25,5;25,3;23,4;23,3;89;88;89;251;2,9;1,3;
2020/02/01;1000 UTC;0;1009;1009;1008,2;613,2;27,5;23,3;27,6;25,2;24,5;23,3;89;78;78;246;3,5;1,1;
2020/02/01;1100 UTC;0;1009,5;1009,6;1009;1343,8;28,5;23,9;28,6;27,4;24,1;23,2;79;75;76;239;3,3;1,2;
2020/02/01;1200 UTC;0;1009,3;1009,5;1009,3;2096,8;30,4;24,5;30,4;28,2;24,5;23,5;77;70;71;248;4,4;1,4;
2020/02/01;1300 UTC;0;1009,2;1009,3;1009,1;2935,1;30,4;24,5;31,4;29,5;25,3;22,8;73;64;71;106;5,7;3,3;
2020/02/01;1400 UTC;0;1008,8;1009,2;1008,8;2744,5;29,2;23,6;31;29,1;25,1;22,8;74;64;72;111;6;3;
2020/02/01;1500 UTC;0;1007,8;1008,8;1007,8;2404,6;29;24;29,9;28,8;24,8;23,3;75;70;74;129;7;4,4;
2020/02/01;1600 UTC;0;1007,4;1007,8;1007,3;2767,2;30,2;24,1;30,2;28,8;24,4;23,1;75;68;70;119;7,3;3,9;
2020/02/01;1700 UTC;0;1006,8;1007,4;1006,8;1980,8;29,2;24,5;30,5;28,8;24,7;23;77;66;76;109;7,3;3,3;
2020/02/01;1800 UTC;0;1006,1;1006,8;1006,1;1167,9;28,3;24;29,4;28,3;24,7;23,9;79;75;78;99;6,6;3,6;
2020/02/01;1900 UTC;0;1005,3;1006,1;1005,3;807,1;28,1;24,4;28,6;28,1;24,5;23,8;81;77;80;92;6,5;3,8;
2020/02/01;2000 UTC;0;1006,1;1006,2;1005,3;398,6;28;24,5;28,3;28;24,7;24,3;82;80;81;106;7,1;2,6;
2020/02/01;2100 UTC;0;1006,8;1006,8;1006,1;72,5;27,7;24,2;28;27,6;24,6;24,2;83;81;81;114;4,9;2;
2020/02/01;2200 UTC;0;1007,2;1007,2;1006,7;;27,6;24,4;27,7;27,5;24,4;24;83;81;83;105;4,1;1,8;
2020/02/01;2300 UTC;0;1007,8;1007,8;1007,2;;27,7;24,4;27,8;27,4;24,5;24,2;83;82;82;107;4,7;2,2;
2020/02/02;0000 UTC;0;1008,2;1008,2;1007,8;;27,4;24;27,8;27,4;24,4;23,7;82;80;82;94;4,7;1,9;
2020/02/02;0100 UTC;0;1008,4;1008,5;1008,2;;27,1;24;27,5;27;24,1;23,7;83;82;83;91;3,7;1,7;
2020/02/02;0200 UTC;0;1007,7;1008,4;1007,7;;27,5;24,4;27,5;27,1;24,5;24;84;83;83;104;4,3;1,7;
2020/02/02;0300 UTC;0;1007,2;1007,7;1007,2;;27,5;24,4;27,5;27,3;24,5;24,2;84;83;83;107;4;2,2;
2020/02/02;0400 UTC;0;1006,7;1007,2;1006,7;;27;24,4;27,5;27;24,5;24,2;86;83;86;59;4;2;
2020/02/02;0500 UTC;0;1006,4;1006,7;1006,3;;27,2;24,5;27,2;26,7;24,7;24,4;88;85;85;116;4;1,7;
2020/02/02;0600 UTC;0;1006,2;1006,4;1006,2;;27,1;24,3;27,2;26,9;24,5;24,3;86;85;85;101;4;2;
2020/02/02;0700 UTC;0;1006,2;1006,3;1006,1;;27,1;24,2;27,3;26,9;24,3;24,2;85;84;84;99;4,7;1,9;
2020/02/02;0800 UTC;0;1006,9;1006,9;1006,2;;26,9;23,8;27,1;26,9;24,2;23,7;85;83;83;128;3,5;1,1;
2020/02/02;0900 UTC;0;1007,6;1007,6;1006,9;39,5;25,7;24,1;26,9;25,7;24,1;23,5;91;83;91;239;3,3;1,3;
2020/02/02;1000 UTC;0;1008,4;1008,4;1007,6;565;27,4;24,6;28,1;25,7;25,6;24,1;91;84;85;196;2,7;,9;
2020/02/02;1100 UTC;0;1008,7;1008,7;1008,4;1435,9;28,7;24,7;29,1;27,4;25,2;24,4;85;78;79;135;4,3;2,5;
2020/02/02;1200 UTC;0;1008,9;1008,9;1008,7;2479,9;29,5;24,3;29,8;28,6;25,1;24;80;73;74;115;5,6;3,1;
2020/02/02;1300 UTC;0;1008,8;1009;1008,8;2846,9;29,7;24,3;30,4;29,4;25,1;24,1;75;72;73;130;6,6;3,3;
2020/02/02;1400 UTC;0;1008,6;1008,9;1008,6;2834,8;30,7;25,1;30,9;29,6;25,1;23,7;74;68;72;111;6,5;3,4;
2020/02/02;1500 UTC;0;1007,9;1008,6;1007,8;2797,1;28,9;23,8;30,9;28,9;25,6;23,8;75;69;74;104;8,5;3,8;
2020/02/02;1600 UTC;,2;1007,3;1007,9;1007,3;2184,9;29,2;25,1;29,4;27,6;26,3;23,8;88;74;78;74;8,5;3,3;
2020/02/02;1700 UTC;0;1006,8;1007,3;1006,8;2696,3;30,2;25;30,2;28,6;25,5;24,2;79;73;74;107;6,7;3,4;
2020/02/02;1800 UTC;0;1006,1;1006,8;1006,1;2410;28,9;24,3;30,2;28,9;25,2;23,1;77;70;76;113;7,4;4;
2020/02/02;1900 UTC;0;1006,4;1006,5;1006,1;1071,4;28,2;24,5;29,3;28,2;24,9;24;80;75;80;93;7,4;3,2;
2020/02/02;2000 UTC;0;1006,3;1006,4;1006,2;338,7;27,8;24,8;28,2;27,6;24,9;24,3;84;80;84;79;5,8;2,6;
2020/02/02;2100 UTC;0;1006,8;1006,8;1006,3;78,5;27,9;24,6;28;27,7;24,9;24,6;84;82;82;111;5,4;2,4;
2020/02/02;2200 UTC;0;1007;1007;1006,8;;28;24,8;28,1;27,7;24,9;24,5;83;82;83;109;4,6;1,9;
2020/02/02;2300 UTC;0;1007,4;1007,4;1006,9;;28;24,4;28,1;27,9;24,8;24,3;83;80;81;110;6,5;3,3;
2020/02/03;0000 UTC;0;1008;1008;1007,4;;27,9;24,5;28,1;27,9;24,7;24,4;82;81;82;108;6,5;2,7;
2020/02/03;0100 UTC;0;1008,5;1008,5;1008;;27,8;24,5;28;27,8;24,8;24,5;83;82;82;112;5,7;2,6;
2020/02/03;0200 UTC;0;1008;1008,5;1008;;27,6;24,4;28;27,6;24,7;24,4;84;82;83;98;6,1;2,9;
2020/02/03;0300 UTC;0;1007,3;1008;1007,3;;27,7;24,6;27,8;27,6;24,6;24;84;80;84;105;6,1;2,5;
2020/02/03;0400 UTC;0;1007;1007,3;1007;;27,5;24,2;27,8;27,5;24,7;24,2;84;82;82;100;5,1;2;
2020/02/03;0500 UTC;,2;1006,7;1007;1006,7;;26,9;24,4;27,5;26,9;24,5;24,2;86;82;86;98;4,5;1,7;
2020/02/03;0600 UTC;0;1006,7;1006,8;1006,4;;26,5;24,2;27,1;26,5;24,8;24,2;87;86;87;83;6,3;1,3;
2020/02/03;0700 UTC;5,2;1006,8;1006,9;1006,6;;24,4;23,1;26,5;24,3;24,2;22,5;93;86;93;55;6,4;,5;
2020/02/03;0800 UTC;0;1007;1007;1006,6;;24,6;23,6;24,8;24,4;23,8;23,2;94;93;94;235;1;,4;
2020/02/03;0900 UTC;,2;1007,4;1007,4;1007;29,1;25,9;24,7;25,9;24,6;24,7;23,6;95;93;93;93;2,8;1,7;
2020/02/03;1000 UTC;0;1008,1;1008,1;1007,4;474,6;27,1;24,6;28;25,9;25,8;24,6;93;86;86;153;2,8;1;
2020/02/03;1100 UTC;0;1008,6;1008,6;1008,1;1528,1;29,1;24,6;29,7;27;25,8;24,5;87;77;77;97;3,8;2,1;
2020/02/03;1200 UTC;0;1008,9;1008,9;1008,7;1985,3;30,2;25,7;30,2;28,1;26,3;24,6;84;76;77;84;4,9;2,7;
2020/02/03;1300 UTC;0;1008,6;1008,9;1008,6;2762,3;30;25,3;30,6;29,2;26,1;24,2;79;72;76;93;6,4;3,8;
2020/02/03;1400 UTC;0;1008,5;1008,7;1008,5;3255;30,3;24,8;31,2;29,7;26,2;24,6;78;72;72;96;7,5;2,9;
2020/02/03;1500 UTC;0;1008,2;1008,5;1008,2;3201,5;30;24,9;31,2;29,3;26;24,3;79;71;74;101;7,1;3,4;
2020/02/03;1600 UTC;0;1007,4;1008,2;1007,4;3637,1;30,3;25,1;31,1;29,8;26;24,5;77;70;74;92;6,9;4;
2020/02/03;1700 UTC;0;1006,8;1007,4;1006,7;3021;30,1;24,8;31,4;30;25,9;24,6;75;70;73;96;7,4;3,8;
2020/02/03;1800 UTC;0;1006,6;1006,9;1006,5;1151,5;28,8;25,1;31;28,8;25,5;24,3;80;71;80;110;7,4;2,6;
2020/02/03;1900 UTC;0;1006,7;1006,9;1006,6;613,8;28,9;24,7;29,2;28,4;25,4;24,6;83;78;78;81;5,3;2,7;
2020/02/03;2000 UTC;0;1006,7;1006,8;1006,6;757,6;28,7;24,6;29,7;28,7;25;24,3;78;75;78;90;5,9;2,8;
2020/02/03;2100 UTC;0;1007;1007,1;1006,6;173,5;28,3;24,5;28,8;28,2;24,8;24,3;80;78;80;98;5,6;2,6;
2020/02/03;2200 UTC;0;1007,6;1007,6;1007;;28,1;24,7;28,3;28;24,7;24,4;82;80;82;101;5;2,1;
2020/02/03;2300 UTC;0;1008,2;1008,3;1007,6;;27,9;24,7;28,1;27,8;24,8;24,6;84;82;83;98;5,1;2,6;
2020/02/04;0000 UTC;0;1008,3;1008,4;1008,1;;27,9;24,8;27,9;27,7;25;24,6;84;83;83;100;4,9;2,6;
2020/02/04;0100 UTC;0;1008,5;1008,5;1008,3;;28,1;24,6;28,1;27,8;24,9;24,6;83;82;82;113;5,4;2,5;
2020/02/04;0200 UTC;0;1008,5;1008,6;1008,4;;28;24,4;28,1;27,8;25;24,4;84;81;81;104;6,7;3,2;
2020/02/04;0300 UTC;0;1008,1;1008,5;1008;;27,9;23,9;28;27,8;24,5;23,9;81;79;79;115;6,7;3,1;
2020/02/04;0400 UTC;0;1007;1008;1007;;27,7;24,3;27,9;27,5;24,4;23,9;82;79;82;111;5,8;2,4;
2020/02/04;0500 UTC;1;1006,4;1007;1006,3;;26,7;24,6;27,7;26,6;24,7;24;89;82;89;95;7,3;2,9;
2020/02/04;0600 UTC;0;1006,3;1006,4;1006,1;;26,7;24,5;27;26,6;24,8;24,4;89;87;88;97;6;2,5;
2020/02/04;0700 UTC;0;1006,2;1006,3;1006,2;;27,1;24,6;27,1;26,6;24,7;24,4;88;86;86;125;5;2,3;
2020/02/04;0800 UTC;0;1006,5;1006,5;1006,1;;27,2;24,2;27,3;27,1;24,7;24,2;86;84;84;107;5,9;2,8;
2020/02/04;0900 UTC;0;1006,9;1006,9;1006,5;34;27,4;24,3;27,4;27,1;24,4;24;84;83;84;115;5,2;2,4;
2020/02/04;1000 UTC;0;1007,6;1007,7;1006,9;527,5;28,5;24,5;28,6;27,4;25;24,2;83;79;79;116;7;3,2;
2020/02/04;1100 UTC;0;1008,2;1008,2;1007,6;1319,9;29;24,8;29,2;28,2;25,5;24,2;82;77;78;113;6,9;3,7;
2020/02/04;1200 UTC;0;1008,2;1008,4;1008,1;1723,1;29,2;24,8;29,7;28,5;25,1;24,3;79;75;77;110;6,9;4;
2020/02/04;1300 UTC;0;1008,3;1008,4;1008,1;2314;29,4;24,8;30,1;29,1;25,2;24,5;77;73;76;116;7,7;4,4;
2020/02/04;1400 UTC;1,2;1008,4;1008,5;1008;1982,1;26,6;24,3;30,6;26;25,6;22,9;87;73;87;115;9,6;4,2;
2020/02/04;1500 UTC;0;1007,6;1008,4;1007,6;2377,6;29,5;24,5;29,9;26,4;25,7;24,1;89;74;74;116;8,9;4,9;
2020/02/04;1600 UTC;0;1006,8;1007,6;1006,8;3013;29,7;24,7;30,3;29,5;25,4;24,2;76;72;74;124;9,7;4,6;
2020/02/04;1700 UTC;0;1006,1;1006,8;1006,1;1723,3;29,4;24,5;29,8;29;24,9;24,1;77;73;75;130;9,2;5,5;
2020/02/04;1800 UTC;0;1005,6;1006,1;1005,6;1696,1;29;24,2;30,1;29;25,2;24,2;78;73;75;129;9,4;4,9;
2020/02/04;1900 UTC;0;1005,2;1005,6;1005,2;1049,3;29,1;24,1;29,6;28,8;24,8;23,9;77;74;75;127;9,1;4,7;
2020/02/04;2000 UTC;0;1005,5;1005,6;1005,2;739,4;28,6;24,3;29,4;28,6;24,4;23,8;78;73;77;126;9,9;4,3;
2020/02/04;2100 UTC;0;1006;1006;1005,5;104,7;28,3;24,1;28,7;28,3;24,5;23,8;79;76;78;121;8;3;
2020/02/04;2200 UTC;0;1006,2;1006,2;1005,8;;28,1;23,8;28,3;28,1;24,3;23,4;79;75;77;122;7,7;4;
2020/02/04;2300 UTC;0;1006,8;1006,8;1006,2;;28,1;24;28,2;28,1;24,3;23,8;80;77;79;116;9,2;4,3;
2020/02/05;0000 UTC;0;1007,3;1007,3;1006,8;;28;24;28,2;28;24,2;23,7;80;77;79;123;9;3,9;
2020/02/05;0100 UTC;0;1007,6;1007,6;1007,3;;28;23,9;28,1;27,9;24,1;23,7;80;77;78;124;9,2;4,1;
2020/02/05;0200 UTC;0;1007,5;1007,7;1007,5;;27,8;23,8;28;27,8;24,2;23,7;80;78;79;129;7,6;3,7;
2020/02/05;0300 UTC;0;1006,7;1007,5;1006,7;;27,7;24,1;27,9;27,7;24,1;23,3;81;76;81;125;7,7;3,8;
2020/02/05;0400 UTC;0;1006,2;1006,7;1006,2;;27,6;23,6;27,8;27,6;24,2;23,5;81;78;79;125;6,9;3,4;
2020/02/05;0500 UTC;0;1005,9;1006,2;1005,8;;27,7;23,7;27,7;27,5;23,8;23,6;80;79;79;127;7,3;3,8;
2020/02/05;0600 UTC;0;1005,6;1005,9;1005,5;;27,5;23,5;27,7;27,5;23,8;23,5;80;78;79;135;7,4;3,9;
2020/02/05;0700 UTC;0;1005,6;1005,6;1005,3;;27,5;23,6;27,5;27,3;23,7;23,3;80;78;79;132;7,1;3,3;
2020/02/05;0800 UTC;0;1005,9;1005,9;1005,6;;27,5;23,8;27,6;27,4;23,9;23,4;81;78;80;137;6,5;3,6;
2020/02/05;0900 UTC;0;1006,3;1006,3;1005,9;27,3;27,5;23,7;27,5;27,4;23,8;23,6;81;79;80;142;7;3,5;
2020/02/05;1000 UTC;0;1006,8;1006,9;1006,3;575,6;28,7;24;28,7;27,5;24,5;23,7;80;76;76;143;8,8;4,9;
2020/02/05;1100 UTC;0;1007,5;1007,5;1006,8;1276,5;29,1;23,8;29,3;28,3;24;23,3;76;72;73;138;8,9;4,9;
2020/02/05;1200 UTC;0;1007,8;1007,8;1007,5;1493,8;29,2;24,4;29,4;28,7;24,4;23,6;76;72;75;131;9,4;4,9;
2020/02/05;1300 UTC;0;1007,9;1008;1007,7;1645;29,5;24,1;29,8;28,7;24,9;23,3;77;71;73;136;9,4;4,2;
2020/02/05;1400 UTC;0;1007,5;1007,9;1007,5;2267,6;29,6;23,7;29,9;29;24,5;23,5;74;70;70;132;9,4;5,2;
2020/02/05;1500 UTC;0;1006,8;1007,6;1006,8;3123,8;30,3;24,3;30,6;29,3;24,5;23,3;73;68;70;130;8,6;5;
2020/02/05;1600 UTC;0;1006,2;1006,8;1006,1;2857,9;30;24,1;30,7;29,4;24,6;23,3;73;68;71;121;9,8;4,9;
2020/02/05;1700 UTC;0;1005,6;1006,2;1005,6;1736,6;29,2;23,7;30,3;29,2;24,6;23,3;74;69;72;133;8,6;4,4;
2020/02/05;1800 UTC;0;1005,4;1005,6;1005,2;1613,8;29,1;23,8;30,2;29;24,1;23;74;68;73;133;7,4;4,2;
2020/02/05;1900 UTC;0;1005,3;1005,4;1005,2;1281,5;28,9;23,1;29,9;28,9;24;22,8;74;68;71;125;7,3;4,3;
2020/02/05;2000 UTC;0;1005,6;1005,6;1005,1;635,6;28,6;23,4;29,3;28,6;23,8;23,1;74;70;74;131;7,2;3,7;
2020/02/05;2100 UTC;0;1005,9;1005,9;1005,5;103,1;28,2;23,4;28,6;28,2;23,7;23,3;76;73;75;121;6,4;3,1;
2020/02/05;2200 UTC;0;1006,3;1006,3;1005,9;;28;23,7;28,2;27,9;23,9;23,3;78;75;77;107;6,4;3,5;
2020/02/05;2300 UTC;0;1006,8;1006,8;1006,3;;27,8;23,9;28,1;27,8;23,9;23,3;79;76;79;109;6,5;3,3;
2020/02/06;0000 UTC;0;1007,3;1007,3;1006,8;;27,9;23,6;27,9;27,7;23,9;23,4;79;76;78;116;7,1;3,4;
2020/02/06;0100 UTC;0;1007,4;1007,6;1007,3;;27,8;23,6;28;27,8;24,2;23,2;81;75;78;112;7,7;3,9;
2020/02/06;0200 UTC;0;1007;1007,5;1007;;27,5;23,9;27,8;27,5;24;23,5;81;78;81;114;7,7;3,2;
2020/02/06;0300 UTC;0;1006,7;1007;1006,7;;27,7;23,3;27,7;27,4;24,1;23,2;82;77;77;113;5,8;3,4;
2020/02/06;0400 UTC;0;1006;1006,7;1006;;27,5;23,5;27,7;27,4;23,7;23,3;80;77;79;117;6;3,2;
2020/02/06;0500 UTC;0;1005,6;1006;1005,6;;27,4;23,1;27,5;27,2;23,9;23,1;81;77;78;116;6,3;2,6;
2020/02/06;0600 UTC;0;1005,6;1005,7;1005,6;;27,1;23;27,5;27,1;23,5;22,9;80;77;78;117;5;2,4;
2020/02/06;0700 UTC;0;1005,9;1005,9;1005,5;;27,1;22,6;27,3;27;23;22,6;78;76;77;119;4,9;2,3;
2020/02/06;0800 UTC;0;1006;1006;1005,7;;27;23,1;27,2;26,9;23,1;22,6;80;77;80;133;5;2,2;
2020/02/06;0900 UTC;0;1006,5;1006,5;1006;53,9;25,4;22,9;27,1;25,4;23,2;22,4;86;78;86;223;4,3;1,9;
2020/02/06;1000 UTC;0;1007,3;1007,3;1006,5;753,9;27,8;23,9;28,1;25,4;24,6;22,9;87;79;79;208;3,8;1,7;
2020/02/06;1100 UTC;,2;1008;1008;1007,3;1248,2;28,9;23,1;29;27;24,7;23,1;82;71;71;110;5,4;3,1;
2020/02/06;1200 UTC;0;1008,4;1008,4;1008;2161,9;29,6;23,5;29,7;28,4;23,8;22,7;74;68;70;123;6,1;3,1;
2020/02/06;1300 UTC;0;1008,1;1008,4;1008,1;2899;29,8;23,5;30,3;29,2;24;22,6;71;65;69;128;6,6;4;
2020/02/06;1400 UTC;0;1007,7;1008,2;1007,7;3446,9;29,8;23,4;31;29,4;23,9;22,8;69;64;69;122;6,9;3,9;
2020/02/06;1500 UTC;0;1007,1;1007,7;1007,1;3333,7;29,8;22,8;30,8;29,7;23,9;22,5;70;64;66;118;7,2;3,8;
2020/02/06;1600 UTC;0;1006,6;1007,1;1006,6;3479,3;31,1;23,7;31,1;29,6;24,2;22,7;70;64;65;106;7,2;3,5;
2020/02/06;1700 UTC;0;1005,8;1006,6;1005,8;3017,8;29,6;23,4;31,1;29,6;24,5;23;70;64;69;114;6,8;3,3;
2020/02/06;1800 UTC;0;1005,4;1005,9;1005,4;2380,7;29,9;24;30,6;29,5;24,3;23,4;72;67;71;106;7,8;3,2;
2020/02/06;1900 UTC;0;1005,1;1005,4;1005;1779,7;29,5;23,9;30,7;29,4;24,4;23,3;73;68;72;93;7,9;3,8;
2020/02/06;2000 UTC;0;1005,5;1005,5;1005;830,2;28,5;23,5;29,9;28,5;24,5;23,4;75;71;75;98;7,2;3,2;
2020/02/06;2100 UTC;0;1005,8;1005,8;1005,5;113,6;27,9;23,7;28,6;27,9;23,7;23,2;78;73;78;100;6,8;2,6;
2020/02/06;2200 UTC;0;1006,2;1006,2;1005,8;;28;23,6;28;27,8;23,9;23,6;79;77;77;102;5,7;3,1;
2020/02/06;2300 UTC;0;1006,7;1006,7;1006,2;;27,9;23,3;28;27,7;23,7;23,1;78;75;76;101;6,9;3;
2020/02/07;0000 UTC;0;1007,1;1007,1;1006,6;;27,6;23,5;27,9;27,6;23,5;23,2;79;76;79;96;7,3;2,9;
2020/02/07;0100 UTC;0;1007,3;1007,3;1007;;27,8;23,9;27,9;27,5;23,9;23,5;80;79;79;111;5,6;3,2;
2020/02/07;0200 UTC;0;1007;1007,3;1007;;27,7;23,5;27,8;27,6;23,9;23,3;80;77;78;106;5,6;2,6;
2020/02/07;0300 UTC;0;1006,4;1007;1006,4;;27,7;23,4;27,8;27,6;23,9;23,4;80;78;78;113;5,1;2,7;
2020/02/07;0400 UTC;0;1005,8;1006,4;1005,8;;27,5;23,2;27,7;27,5;23,5;23,1;79;77;77;114;5,4;2,6;
2020/02/07;0500 UTC;0;1005,2;1005,8;1005,2;;27,4;23;27,6;27,3;23,3;23;78;77;77;103;5,5;2,6;
2020/02/07;0600 UTC;0;1004,9;1005,2;1004,9;;27,3;22,8;27,5;27,2;23,2;22,6;78;75;77;107;5,6;2,7;
2020/02/07;0700 UTC;0;1004,7;1005;1004,7;;27,2;22,5;27,4;27;23;22,4;78;75;76;120;5,6;2,5;
2020/02/07;0800 UTC;0;1004,6;1004,7;1004,6;;26,8;22,4;27,2;26,8;22,6;22,1;77;75;77;125;4,6;2;
2020/02/07;0900 UTC;0;1004,9;1004,9;1004,6;48,6;27,2;22,7;27,2;26,7;22,7;22;77;74;76;123;4,7;1,7;
2020/02/07;1000 UTC;0;1005,6;1005,6;1004,9;630,7;27,7;22,1;28,3;27,2;22,9;22,1;76;72;72;111;4,9;2,6;
2020/02/07;1100 UTC;0;1006,4;1006,4;1005,6;1278,1;28,3;22,8;29,2;27,7;23,7;22,2;74;68;72;115;5,9;3,4;
2020/02/07;1200 UTC;0;1006,6;1006,6;1006,4;2311,3;29,8;23,1;30,1;28,3;23,3;21,9;73;64;67;97;6,3;3,4;
2020/02/07;1300 UTC;0;1006,7;1006,8;1006,6;2884,2;29,6;23;30,3;29,1;23,6;22,5;70;65;68;105;6,8;3,7;
2020/02/07;1400 UTC;0;1006,2;1006,8;1006,2;3533,3;29,8;23;30,8;29,3;24,1;22,6;70;65;67;117;7,6;3,8;
2020/02/07;1500 UTC;0;1005,9;1006,2;1005,8;3587,6;30,4;22,5;31;29,6;23,8;22,2;68;62;63;117;7,1;3,9;
2020/02/07;1600 UTC;0;1005,3;1005,9;1005,3;3429,2;30,4;23,5;31,2;29,7;23,7;22,2;67;61;67;120;7,3;3,5;
2020/02/07;1700 UTC;0;1004,8;1005,3;1004,8;3043,2;30,7;24;31;29,6;24;22,4;69;63;68;101;6,7;3,1;
2020/02/07;1800 UTC;0;1004,5;1004,8;1004,4;2565,6;29,5;22,6;31;29,5;23,8;22;68;63;67;116;7;3,9;
2020/02/07;1900 UTC;0;1004,4;1004,5;1004,4;1747,4;29,7;23,1;29,9;29;23,5;22,5;69;66;68;116;7,1;3,8;
2020/02/07;2000 UTC;0;1004,4;1004,5;1004,3;885,7;28,7;23,1;29,7;28,7;23,3;22,5;72;67;71;104;7;2,7;
2020/02/07;2100 UTC;0;1004,8;1004,8;1004,4;122,6;27,8;23,3;28,7;27,8;23,4;22,8;77;71;76;98;5,6;3,3;
2020/02/07;2200 UTC;0;1005,1;1005,1;1004,8;;27,6;23;27,9;27,6;23,3;22,9;77;75;76;100;6,2;2,8;
2020/02/07;2300 UTC;0;1006;1006;1005,1;;28;23,1;28;27,6;23,5;23;77;75;75;108;6,8;3,4;
2020/02/08;0000 UTC;0;1006,7;1006,7;1006;;27,9;23,1;28;27,8;23,2;22,9;76;75;75;105;7,2;3,5;
2020/02/08;0100 UTC;0;1007;1007;1006,6;;27,8;23,3;27,9;27,8;23,5;22,8;77;74;77;108;7,4;3;
2020/02/08;0200 UTC;0;1006,8;1007;1006,8;;27,6;23,1;27,8;27,5;23,3;22,5;77;74;77;105;6,5;2,8;
2020/02/08;0300 UTC;0;1006,4;1007;1006,4;;27,5;23;27,6;27,4;23,3;22,9;77;76;76;108;5,1;2,3;
2020/02/08;0400 UTC;0;1005,8;1006,4;1005,8;;27,4;22,6;27,5;27,3;22,9;22,6;76;75;75;113;4,5;1,7;
2020/02/08;0500 UTC;0;1005,6;1005,9;1005,6;;27,2;22,7;27,4;27,1;22,8;22,6;77;75;76;123;4,1;1,6;
2020/02/08;0600 UTC;0;1005,2;1005,6;1005,2;;27,1;22,7;27,3;27;22,8;22,5;77;75;77;124;3,7;1,9;
2020/02/08;0700 UTC;0;1005;1005,2;1005;;25,7;22,6;27,1;25,7;23,1;22,4;83;77;83;207;3,9;1,1;
2020/02/08;0800 UTC;0;1005,2;1005,2;1004,9;;25,4;22,4;26,8;25,4;23,4;22,4;84;80;83;210;3,9;1,2;
2020/02/08;0900 UTC;0;1005,7;1005,7;1005,2;48,4;25,4;23;25,4;25;23,1;22,4;87;83;87;215;3,5;1,1;
2020/02/08;1000 UTC;0;1006,5;1006,5;1005,7;551,5;27,4;23,9;27,4;25,4;24,1;22,9;87;82;82;208;3,8;1,5;
2020/02/08;1100 UTC;0;1006,6;1006,7;1006,4;1313;29,2;23,8;29,2;27,4;24,3;23,2;82;72;72;130;6,7;3,6;
2020/02/08;1200 UTC;0;1007;1007,1;1006,6;2552,8;29,4;22,8;29,9;28,6;23,9;22,5;73;66;68;123;7,8;4,1;
2020/02/08;1300 UTC;0;1007,1;1007,1;1006,9;2909,9;30;23,9;30,3;28,9;24,1;22,1;70;64;70;128;7,9;3,7;
2020/02/08;1400 UTC;0;1007;1007,3;1006,9;3280;30,2;22,7;30,8;29,1;23,6;22,1;70;62;64;130;7,7;4,2;
2020/02/08;1500 UTC;0;1006,6;1007,1;1006,6;3478;30,2;22,6;31;29,5;23,9;22,1;69;60;64;121;7,6;4,1;
2020/02/08;1600 UTC;0;1005,9;1006,6;1005,9;3504,1;31,1;23,8;31,1;29,6;23,9;22,3;68;63;65;99;7,5;3,8;
2020/02/08;1700 UTC;0;1005,3;1005,9;1005,3;3174,7;30,5;23,2;31,3;29,5;24,1;22,5;68;63;65;116;7,6;3,5;
2020/02/08;1800 UTC;0;1004,8;1005,3;1004,8;2607,1;30,4;23,2;30,7;29,5;23,7;22,1;69;63;66;130;7,7;3,9;
2020/02/08;1900 UTC;0;1004,8;1004,9;1004,7;1833,2;29,4;23,1;30,4;29,1;23,3;22,4;70;65;69;116;7,8;4,8;
2020/02/08;2000 UTC;0;1005,1;1005,1;1004,8;918,5;28,6;23,1;29,8;28,6;23,3;22,7;72;67;72;127;8,6;3,5;
2020/02/08;2100 UTC;0;1005,5;1005,5;1005,1;142,9;28,2;23,2;28,8;28,2;23,4;23;74;72;74;128;6,7;3,5;
2020/02/08;2200 UTC;0;1006,2;1006,2;1005,5;;28,2;23,7;28,3;28,1;23,8;23,2;77;74;77;139;6,2;3,2;
2020/02/08;2300 UTC;0;1006,9;1006,9;1006,2;;28,3;23,6;28,3;28,1;23,9;23,6;77;76;76;141;7,6;4,1;
2020/02/09;0000 UTC;0;1007,5;1007,5;1006,9;;28,1;23,5;28,3;28,1;23,5;23,3;76;75;76;142;7,4;3,8;
2020/02/09;0100 UTC;0;1007,7;1007,8;1007,4;;28,2;23,9;28,3;28,1;23,9;23,5;78;76;78;139;6,7;3,7;
2020/02/09;0200 UTC;0;1007,4;1007,7;1007,4;;28;23,6;28,2;28;23,9;23,5;78;76;77;138;7,6;3,8;
2020/02/09;0300 UTC;0;1006,9;1007,4;1006,9;;27,9;23,9;28;27,8;23,9;23,6;79;77;79;146;7;3,5;
2020/02/09;0400 UTC;0;1006,4;1006,9;1006,4;;27,7;24,1;27,9;27,6;24,4;23,9;82;79;81;150;7,8;4;
2020/02/09;0500 UTC;0;1005,8;1006,4;1005,8;;27,5;24,1;27,7;27,5;24,1;23,9;82;80;82;145;7,7;3,6;
2020/02/09;0600 UTC;0;1005,6;1005,8;1005,5;;27,3;24,1;27,5;27,3;24,3;23,9;83;81;82;156;6,1;3,3;
2020/02/09;0700 UTC;0;1005,8;1005,8;1005,6;;26,8;24,1;27,3;26,7;24,3;24,1;86;82;86;191;6;2,7;
2020/02/09;0800 UTC;0;1006,2;1006,2;1005,8;;26,3;24;26,8;26,2;24,2;23,9;88;86;87;191;6,2;2,6;
2020/02/09;0900 UTC;0;1006,8;1006,8;1006,2;18,7;26,4;24,1;26,4;26,1;24,1;23,9;88;87;87;184;5;2,1;
2020/02/09;1000 UTC;0;1007,7;1007,8;1006,8;555,8;28,4;24,3;28,4;26,4;24,3;24;87;78;78;166;5,8;2,4;
2020/02/09;1100 UTC;0;1008,4;1008,5;1007,7;1447,6;29,1;23,4;29,6;28,1;24,3;23,1;78;70;72;148;9;5,5;
2020/02/09;1200 UTC;0;1008,9;1008,9;1008,4;2478,4;30;23,4;30,4;29,1;24,3;22,9;73;66;68;134;9,7;5,4;
2020/02/09;1300 UTC;0;1008,7;1008,9;1008,7;2947,2;30,2;23,1;30,7;29,7;24,4;22,9;71;64;66;140;9,8;5,8;
2020/02/09;1400 UTC;0;1008,8;1008,9;1008,7;3406,8;30,6;24;31,4;30,1;24,2;22,8;69;64;68;130;10;5,3;
2020/02/09;1500 UTC;0;1008,3;1008,8;1008,3;3640,2;31;23,6;31,4;30,1;24,6;23,3;70;65;65;126;9,3;5,1;
2020/02/09;1600 UTC;0;1007,9;1008,3;1007,8;3513,6;30,2;23,6;31,3;29,9;24,4;23;69;64;68;121;10,7;5,6;
2020/02/09;1700 UTC;0;1007,4;1007,9;1007,4;3168,3;30,3;23,5;31,3;30,1;24,5;23,1;69;64;67;128;10,5;5,8;
2020/02/09;1800 UTC;0;1006,6;1007,4;1006,6;2618,8;30,2;24,1;31,1;29,8;24,4;23;71;65;70;132;10,1;5,8;
2020/02/09;1900 UTC;0;1006,6;1006,7;1006,5;1833,4;29,7;23,8;30,8;29,4;24,6;23,6;73;68;71;131;9,5;5;
2020/02/09;2000 UTC;0;1006,8;1006,8;1006,5;835,8;29;24,1;30,1;28,9;24,4;23,7;75;70;75;136;8,9;5,2;
2020/02/09;2100 UTC;0;1007,5;1007,6;1006,8;199,6;28,8;24,5;29,2;28,6;24,6;24,1;78;75;78;132;10;5,1;
2020/02/09;2200 UTC;0;1007;1007,5;1007;;27,6;24,3;28,8;27;25;24;84;77;82;139;11,6;3,9;
2020/02/09;2300 UTC;0;1008,2;1008,2;1006,8;;27,4;23,9;28,1;27,4;24,5;23,4;83;76;81;124;8,7;4,9;
2020/02/10;0000 UTC;0;1008,8;1008,9;1008,2;;27,3;24;27,5;27,3;24;23,3;82;79;82;121;9;3,6;
2020/02/10;0100 UTC;0;1009;1009,2;1008,8;;27,4;23,8;27,5;27,3;24,1;23,8;83;81;81;134;6;2,6;
2020/02/10;0200 UTC;0;1008,7;1009,1;1008,7;;27,5;24,2;27,5;27,4;24,2;23,8;83;81;82;142;5,2;2,8;
2020/02/10;0300 UTC;0;1008,4;1008,7;1008,4;;27,4;24,3;27,5;27,3;24,3;24,1;83;82;83;142;5;2,5;
2020/02/10;0400 UTC;0;1008;1008,5;1008;;27,6;24,1;27,7;27,4;24,3;24,1;83;81;81;131;4,8;2,9;
2020/02/10;0500 UTC;0;1007,5;1008;1007,5;;27,5;24;27,6;27,4;24,2;24;82;81;82;139;4,9;2,3;
2020/02/10;0600 UTC;0;1007,4;1007,5;1007,3;;27;23,7;27,5;27;24,1;23,7;82;81;82;178;4,3;1,8;
2020/02/10;0700 UTC;0;1007,5;1007,5;1007,3;;26,2;24;27;26,1;24,1;23,6;88;82;88;188;3,5;1,9;
2020/02/10;0800 UTC;0;1007,9;1007,9;1007,5;;26,3;24,4;26,3;26;24,4;24,1;90;88;89;172;2,9;1,4;
2020/02/10;0900 UTC;,4;1008;1008,1;1007,9;38,3;25,9;24,2;26,4;25,7;24,4;23,8;91;88;91;194;3,5;1,7;
2020/02/10;1000 UTC;0;1008,6;1008,6;1008;397,5;27;25;27,2;25,9;25,5;24,2;92;89;89;177;3,4;1,5;
2020/02/10;1100 UTC;0;1009,1;1009,1;1008,6;1128;28,7;25,1;28,8;26,9;25,6;24,8;89;81;81;172;4,7;2,5;
2020/02/10;1200 UTC;0;1008,9;1009,1;1008,9;2625,4;29,4;24,5;30,2;28,7;25,4;24,4;81;74;75;123;6,8;4,2;
2020/02/10;1300 UTC;0;1009,2;1009,2;1008,9;2712,7;30,1;24,8;30,6;29,1;25,6;24,1;78;71;73;121;8;3,7;
2020/02/10;1400 UTC;0;1008,9;1009,2;1008,9;3163,1;30,5;24,5;31,2;29,5;26;24,2;77;70;70;131;8,7;4,9;
2020/02/10;1500 UTC;0;1008,3;1008,9;1008,3;3655,7;30,7;24,9;31,5;30,1;25,2;23,9;72;67;72;130;9;4,5;
2020/02/10;1600 UTC;0;1008;1008,4;1008;3515,9;30,7;24,3;31,6;30;25,4;23,9;73;67;69;125;8,9;5;
2020/02/10;1700 UTC;0;1007,3;1008;1007,3;3148,5;30,6;24,6;31,3;30,1;24,9;24;72;68;70;114;8,4;4,8;
2020/02/10;1800 UTC;0;1006,7;1007,3;1006,7;2602,8;30,1;24,7;30,9;29,9;25;24,1;73;69;73;127;8;4,6;
2020/02/10;1900 UTC;0;1006,4;1006,7;1006,4;1831,5;29,8;24,2;30,9;29,6;25,3;24,1;75;70;72;127;8,5;4,5;
2020/02/10;2000 UTC;0;1006,5;1006,5;1006,2;879,4;29,2;24,3;30,8;28,9;24,9;24,2;76;70;75;128;8,1;4,8;
2020/02/10;2100 UTC;0;1007;1007;1006,5;128,9;28,6;24,7;29,5;28,6;24,8;24,3;80;75;79;128;8,9;4,1;
2020/02/10;2200 UTC;0;1007,3;1007,3;1007;;28,5;24,2;28,7;28,4;24,7;24;80;77;77;130;7,8;3,6;
2020/02/10;2300 UTC;0;1007,9;1007,9;1007,3;;28,3;24,5;28,5;28,3;24,6;24;80;77;80;134;7,8;3,9;
2020/02/11;0000 UTC;0;1008,5;1008,6;1007,9;;28,3;24,1;28,3;28,2;24,6;24;80;78;78;128;7,7;4,5;
2020/02/11;0100 UTC;0;1008,4;1008,6;1008,4;;28,2;24,6;28,3;28,2;24,6;23,9;81;77;81;134;8,3;4,2;
2020/02/11;0200 UTC;0;1008;1008,5;1008;;28,1;24;28,2;28,1;24,7;24;81;78;78;134;8,8;4,7;
2020/02/11;0300 UTC;0;1007,6;1008;1007,6;;28;24,3;28,2;28;24,7;24;81;78;80;134;8,8;4,5;
2020/02/11;0400 UTC;0;1007;1007,6;1007;;28;24,1;28,2;28;24,4;23,9;80;78;79;132;8,1;4,7;
2020/02/11;0500 UTC;0;1006,8;1007;1006,8;;28;24;28,1;28;24,6;23,4;81;76;79;135;8,9;5;
2020/02/11;0600 UTC;0;1006,6;1007;1006,6;;27,8;23,6;28;27,8;24,1;23,6;80;77;78;138;8,9;4;
2020/02/11;0700 UTC;0;1006,6;1006,8;1006,6;;27,7;23,5;27,8;27,6;23,9;23,3;80;76;78;129;8,5;3,5;
2020/02/11;0800 UTC;0;1006,3;1006,7;1006,3;;27,6;23,5;27,8;27,6;23,7;23,4;79;77;78;142;8,1;3,9;
2020/02/11;0900 UTC;0;1006,5;1006,5;1006,3;26,3;27,6;23;27,7;27,5;23,7;23;79;76;76;149;8,2;4,1;
2020/02/11;1000 UTC;0;1006,8;1006,8;1006,4;699,9;28,7;23,2;28,8;27,6;23,6;23;77;72;72;144;9,4;5,1;
2020/02/11;1100 UTC;0;1007,5;1007,6;1006,8;1405,9;28,9;23,2;29,1;28,4;23,4;22,4;74;69;72;142;10,7;6,5;
2020/02/11;1200 UTC;0;1008,1;1008,1;1007,5;2422,1;30,2;23,2;30,2;28,8;23,5;22,7;72;66;66;145;10,7;5,7;
2020/02/11;1300 UTC;0;1008,1;1008,1;1008;3099,2;30,5;22,8;30,6;29,5;23,5;22,1;68;62;64;143;11,1;6;
2020/02/11;1400 UTC;0;1007,9;1008,1;1007,8;3370;30,5;22,6;31;29,5;23,2;22;67;61;63;132;11,3;6;
2020/02/11;1500 UTC;0;1007,1;1007,9;1007,1;3576,6;30,5;21,3;31,1;29,6;23,1;21,3;66;58;58;126;10,5;5,2;
2020/02/11;1600 UTC;0;1006,3;1007,1;1006,2;3628,8;30,7;22,7;31,2;30;22,8;21,1;63;58;63;134;9,8;5,5;
2020/02/11;1700 UTC;0;1005,5;1006,3;1005,5;3060,2;30,2;22,2;30,9;29,9;23;21,5;65;60;62;129;9,1;5,3;
2020/02/11;1800 UTC;0;1005;1005,5;1005;2574,8;30,2;22,5;30,9;29,6;22,7;21,7;65;60;63;122;9,9;4,6;
2020/02/11;1900 UTC;0;1005;1005;1004,9;1915,5;30,1;22,8;30,4;29,4;23,1;21,9;68;62;65;135;8,8;4;
2020/02/11;2000 UTC;0;1005,2;1005,2;1004,9;845,4;29;22,4;30,2;28,7;23,1;22;70;64;67;136;7,9;4;
2020/02/11;2100 UTC;0;1005,4;1005,5;1005,1;277;28,3;22,2;29,1;28,3;22,7;21,9;69;67;69;131;7;3,7;
2020/02/11;2200 UTC;0;1005,9;1005,9;1005,4;;28;22,4;28,4;28;22,5;22;72;69;72;123;6,3;3;
2020/02/11;2300 UTC;0;1006,4;1006,4;1005,9;;27,9;22,7;28,1;27,9;22,7;22,3;73;71;73;126;6,4;3;
2020/02/12;0000 UTC;0;1006,8;1006,9;1006,4;;27,9;22,9;28;27,8;22,9;22,4;74;72;74;124;6,1;3,5;
2020/02/12;0100 UTC;0;1006,8;1006,8;1006,6;;27,7;23;28;27,6;23;22,3;76;71;76;130;6,2;2,7;
2020/02/12;0200 UTC;0;1006,5;1006,8;1006,5;;27,7;23,2;27,7;27,5;23,3;23;77;76;77;136;5,7;3,5;
2020/02/12;0300 UTC;0;1006,1;1006,5;1006,1;;27,4;22,9;27,7;27,2;23,2;22,9;78;76;77;140;5,7;2,7;
2020/02/12;0400 UTC;0;1005,6;1006,1;1005,6;;27,5;22,9;27,5;27,3;23,1;22,8;77;76;76;142;6,2;3,1;
2020/02/12;0500 UTC;0;1004,8;1005,6;1004,8;;27,2;23;27,5;27,2;23;22,9;78;76;78;147;5,6;3;
2020/02/12;0600 UTC;0;1004,8;1004,9;1004,8;;25,7;23;27,2;25,7;23;22,6;85;78;85;190;5,3;2,2;
2020/02/12;0700 UTC;0;1005,2;1005,2;1004,8;;25,5;23,1;25,8;25,5;23,1;23;86;85;86;187;3,7;2,1;
2020/02/12;0800 UTC;0;1005,3;1005,4;1005,2;;25,1;22,8;25,5;25,1;23,2;22,8;87;86;87;191;5;2,6;
2020/02/12;0900 UTC;0;1005,7;1005,7;1005,3;21,6;25;22,7;25,1;24,9;22,8;22,7;88;87;87;188;5;2,2;
2020/02/12;1000 UTC;0;1006,3;1006,3;1005,7;517,9;26,8;23,2;26,8;25;23,4;22,6;87;81;81;183;5,5;2,7;
2020/02/12;1100 UTC;0;1007;1007;1006,3;1568,9;28,8;23,6;28,9;26,4;24;22,7;82;73;73;154;5,5;2,5;
2020/02/12;1200 UTC;0;1007,1;1007,1;1006,8;2335,4;29,4;23,7;29,8;28,8;24,2;23;73;70;71;145;7,8;4,1;
2020/02/12;1300 UTC;0;1007,1;1007,3;1007;2625,3;29,7;24,4;30,2;28,6;24,5;23,5;76;71;73;125;7,6;4,4;
2020/02/12;1400 UTC;0;1006,8;1007,1;1006,7;3312,2;30,1;23,5;30,6;29,5;24,9;23,2;73;66;68;126;8,1;4,5;
2020/02/12;1500 UTC;0;1006,1;1006,8;1006,1;3218,9;30;22,6;31,1;29,7;24;22,3;69;62;65;130;8,4;4,7;
2020/02/12;1600 UTC;0;1005,3;1006,1;1005,2;2300,1;30,1;23,4;31;29,6;23,6;21,7;69;60;67;115;8,4;3,9;
2020/02/12;1700 UTC;0;1004,7;1005,3;1004,7;2067,2;29,7;24,3;30,6;29,2;24,3;22,9;74;67;73;118;7,9;4,6;
2020/02/12;1800 UTC;0;1004,6;1004,9;1004,5;1677,6;29,6;23,2;30,1;29,2;24,5;23,1;74;68;69;118;8,9;4,6;
2020/02/12;1900 UTC;0;1004,5;1004,7;1004,5;1594,3;29,1;23,3;30,3;28,9;24,2;22,6;73;66;71;115;8,9;4,5;
2020/02/12;2000 UTC;0;1005,1;1005,1;1004,5;728,2;28,9;23,5;29,3;28,8;24,3;23,3;75;70;73;104;8,2;3,8;
2020/02/12;2100 UTC;0;1005,3;1005,3;1005;155,6;28,3;23,9;29;28,3;23,9;23,2;77;72;77;102;7,6;3,8;
2020/02/12;2200 UTC;0;1005,5;1005,5;1005,3;;28;23,5;28,3;27,9;24,4;23,5;81;77;77;110;8,1;3,1;
2020/02/12;2300 UTC;0;1005,7;1005,7;1005,5;;28,1;23,2;28,2;28;23,5;22,9;77;73;75;117;6;3,1;
2020/02/13;0000 UTC;0;1005,8;1006;1005,7;;28;23,9;28,2;28;23,9;23,1;78;74;78;134;6,6;3,9;
2020/02/13;0100 UTC;0;1006,3;1006,4;1005,8;;27,9;24,2;28,1;27,8;24,3;23,9;81;78;81;128;6,8;3,7;
2020/02/13;0200 UTC;0;1006,4;1006,5;1006,2;;27,8;24,2;27,9;27,8;24,3;24,1;81;80;81;125;6,3;2,9;
2020/02/13;0300 UTC;0;1005,7;1006,4;1005,7;;27,5;24,2;27,8;27,5;24,4;24,1;82;81;82;127;5,9;2,5;
2020/02/13;0400 UTC;0;1005,2;1005,7;1005,2;;27,5;24,1;27,6;27,5;24,4;24,1;83;82;82;139;6,7;3,2;
2020/02/13;0500 UTC;0;1004,6;1005,2;1004,6;;27,6;23,9;27,6;27,5;24,2;23,9;82;80;80;146;5,3;2,5;
2020/02/13;0600 UTC;0;1004,5;1004,6;1004,4;;27,6;24,3;27,7;27,5;24,3;23,8;82;80;82;149;5,5;2,9;
2020/02/13;0700 UTC;,4;1004,5;1004,6;1004,4;;26,2;24,4;27,6;26,1;24,7;23,9;91;82;90;185;6,5;1,4;
2020/02/13;0800 UTC;0;1004,5;1004,5;1004,3;;26,5;24,4;26,5;26,1;24,5;24,3;90;88;88;174;2,9;1,3;
2020/02/13;0900 UTC;0;1004,6;1004,8;1004,5;1,2;26,5;24,5;26,6;26,4;24,5;24,3;89;88;89;178;3,6;1,9;
2020/02/13;1000 UTC;6,4;1005,5;1005,5;1004,6;52,3;25,6;24,1;26,5;25,6;24,6;24,1;91;89;91;143;5;2,8;
2020/02/13;1100 UTC;7,2;1006,5;1006,5;1005,3;236,4;26,2;25,1;26,2;24,8;25,1;23,7;95;91;94;184;7,2;2;
2020/02/13;1200 UTC;0;1006,7;1006,9;1006,5;560,4;25,7;23,9;26,4;25,6;25,3;23,8;94;90;90;197;7,1;3,3;
2020/02/13;1300 UTC;19;1006,8;1007,2;1006,7;306,4;23,9;23,2;25,7;23,4;24;22,6;96;89;96;211;11;2,4;
2020/02/13;1400 UTC;5,2;1007,1;1007,5;1006,8;175,9;24,5;23,7;24,7;23,9;23,9;23,3;96;95;95;198;8,1;3,7;
2020/02/13;1500 UTC;2,8;1006,5;1007,1;1006,3;157,7;24,2;23,2;24,6;24,1;23,8;23,2;96;94;94;192;8;1,9;
2020/02/13;1600 UTC;1,2;1005,6;1006,8;1005,5;145,3;23,9;22,8;24,2;23,8;23,2;22,8;95;94;94;199;5;1,6;
2020/02/13;1700 UTC;,2;1005;1005,7;1004,8;82,7;24,3;23,1;24,3;23,8;23,1;22,7;94;93;93;189;4,1;2,1;
2020/02/13;1800 UTC;,8;1003,8;1005;1003,8;101,1;24,1;22,9;24,3;24;23,1;22,7;93;92;93;203;4,4;2,1;
2020/02/13;1900 UTC;,2;1004,4;1004,4;1003,8;290,4;24,8;23,6;24,8;24,1;23,6;22,9;93;93;93;198;3,8;1,8;
2020/02/13;2000 UTC;,2;1005,7;1005,7;1004,4;169,4;24,9;23,6;25,1;24,8;23,7;23,5;93;92;92;289;3,6;,7;
2020/02/13;2100 UTC;,2;1006;1006;1005,5;14,1;24,8;23,7;24,9;24,8;23,8;23,5;94;92;94;290;2,9;,6;
2020/02/13;2200 UTC;,4;1006,4;1006,4;1005,9;;24,7;23,8;24,9;24,7;24;23,7;95;94;95;310;2,6;1,1;
2020/02/13;2300 UTC;0;1006,8;1006,8;1006,4;;24,7;24;24,8;24,6;24;23,8;96;95;96;306;2,8;1,2;
2020/02/14;0000 UTC;0;1007,2;1007,2;1006,8;;24,6;23,9;24,7;24,6;24;23,8;96;96;96;326;3,1;,3;
2020/02/14;0100 UTC;,2;1007,4;1007,5;1007,3;;24,7;24;24,7;24,6;24,1;23,9;96;96;96;306;2,7;1,6;
2020/02/14;0200 UTC;,2;1007,2;1007,4;1007;;24,6;24;24,7;24,6;24,1;24;96;96;96;322;2,7;,4;
2020/02/14;0300 UTC;0;1006,3;1007,2;1006,2;;24,8;24,2;24,8;24,6;24,2;24;97;96;97;206;2;1,2;
2020/02/14;0400 UTC;1,4;1005,8;1006,3;1005,8;;25;24,5;25;24,7;24,5;24,2;97;97;97;175;4,1;1;
2020/02/14;0500 UTC;,2;1005,4;1005,8;1005,4;;25;24,5;25,2;25;24,6;24,4;97;97;97;183;3;1,6;
2020/02/14;0600 UTC;0;1005,3;1005,4;1005;;25,2;24,5;25,3;25;24,7;24,5;97;96;96;161;4,5;1,7;
2020/02/14;0700 UTC;,2;1005,2;1005,3;1005,1;;25;24;25,4;25;24,5;24;96;94;94;188;4,9;2,6;
2020/02/14;0800 UTC;0;1005,6;1005,6;1005,2;;25;24;25,3;24,9;24,2;23,9;94;94;94;169;5,4;2,2;
2020/02/14;0900 UTC;0;1006,3;1006,3;1005,6;48,1;25;24;25,1;24,8;24,1;23,8;94;94;94;150;4,4;1,3;
2020/02/14;1000 UTC;0;1006,6;1006,7;1006,3;504,5;26,2;24,4;26,3;25;24,8;24;94;90;90;164;7,8;4,5;
2020/02/14;1100 UTC;0;1007,1;1007,1;1006,6;1440,9;27,7;24,7;27,8;26,2;25,2;24,4;90;83;84;163;7,8;3,6;
2020/02/14;1200 UTC;0;1007,3;1007,4;1007,1;2061,9;29,5;24,7;29,5;27,7;25,1;24;84;75;76;146;8,1;3,7;
2020/02/14;1300 UTC;0;1007,2;1007,4;1007,2;2524,4;28,9;24,7;30;28,8;25,3;23,4;79;69;78;130;9,1;5,1;
2020/02/14;1400 UTC;,2;1007;1007,2;1006,9;2924;28,8;25,8;30,5;27,5;25,8;24,2;86;74;84;154;9,4;4,1;
2020/02/14;1500 UTC;0;1006,3;1007;1006,3;3528,5;30,2;24,1;30,4;28,8;26,3;24,1;84;70;70;138;8,8;5,2;
2020/02/14;1600 UTC;0;1005,3;1006,3;1005,3;3669,1;30,6;24,3;30,7;29,7;24,7;23,8;73;68;69;136;9,1;5,3;
2020/02/14;1700 UTC;0;1004,5;1005,3;1004,5;3224,3;30;24,3;31,2;29,6;25;23,8;72;68;72;129;8,9;4,9;
2020/02/14;1800 UTC;0;1003,7;1004,5;1003,7;1849,1;29,2;24,4;30,7;29,1;24,9;24;75;69;75;139;8,5;4,2;
2020/02/14;1900 UTC;0;1003,5;1003,7;1003,4;1807;29,7;24,3;30;29,1;24,7;24;76;72;73;132;8,7;4,5;
2020/02/14;2000 UTC;0;1003,8;1003,8;1003,5;969,5;29;24,3;30,1;29;24,7;24;76;72;76;132;8,4;4,5;
2020/02/14;2100 UTC;0;1004,5;1004,5;1003,8;162,5;28,3;24,4;29,1;28,3;24,6;24,1;80;75;79;133;8,2;4;
2020/02/14;2200 UTC;0;1004,9;1004,9;1004,5;;28,1;24,2;28,3;28,1;24,6;23,7;80;76;79;132;7,3;3,3;
2020/02/14;2300 UTC;0;1005,8;1005,8;1004,9;;28,1;24,1;28,2;28,1;24,5;23,8;81;77;79;128;8,2;3,9;
2020/02/15;0000 UTC;0;1006,2;1006,3;1005,8;;28;24,4;28,1;27,9;24,5;24;81;78;81;129;7,6;3,5;
2020/02/15;0100 UTC;0;1006,4;1006,5;1006,2;;28;24,2;28,1;27,9;24,6;24;82;78;80;127;7,5;4;
2020/02/15;0200 UTC;0;1006;1006,4;1006;;27,8;24,2;28;27,6;24,7;24,2;84;80;81;143;8;4;
2020/02/15;0300 UTC;0;1005,6;1006,1;1005,5;;27,8;24,2;27,9;27,6;24,3;23,8;82;79;81;134;8,5;4,8;
2020/02/15;0400 UTC;0;1005;1005,6;1005;;27,5;23,8;27,8;27,5;24,2;23,6;82;79;80;143;8,5;3,7;
2020/02/15;0500 UTC;0;1004,7;1005;1004,7;;27,3;24;27,5;27,3;24;23,7;82;80;82;145;6,6;3;
2020/02/15;0600 UTC;0;1004,5;1004,7;1004,5;;27,3;23,5;27,4;27,1;24;23,5;82;80;80;141;5,4;3,1;
2020/02/15;0700 UTC;0;1004,9;1004,9;1004,5;;27,2;23,6;27,3;27;23,7;23,4;82;80;81;146;5,6;2,9;
2020/02/15;0800 UTC;0;1005,4;1005,4;1004,9;;25,8;23,4;27,2;25,8;23,5;23,1;86;80;86;218;5,3;2;
2020/02/15;0900 UTC;0;1005,8;1005,8;1005,4;28;25,6;23,7;25,8;25,5;23,8;23,4;90;86;89;191;4,5;2,8;
2020/02/15;1000 UTC;0;1006,4;1006,4;1005,8;502,6;26,5;23,7;26,6;25,5;23,9;23,6;89;84;84;187;5,3;2,4;
2020/02/15;1100 UTC;0;1006,8;1006,8;1006,4;1500,7;28,5;23,6;28,5;26,5;24,1;23,3;84;74;75;159;6,5;3,6;
2020/02/15;1200 UTC;0;1006,8;1006,9;1006,7;2408;29;23,2;29,7;28,1;23,8;22,8;75;69;71;133;10;5,9;
2020/02/15;1300 UTC;0;1006,6;1007;1006,6;3000,7;30,2;23,1;30,4;29;23,5;22,5;71;64;66;142;10;5,6;
2020/02/15;1400 UTC;0;1006,3;1006,6;1006,3;3380,8;29,9;23;30,9;29,8;23,8;22,2;69;61;67;134;10,2;5,6;
2020/02/15;1500 UTC;0;1005,5;1006,3;1005,5;3558,1;30,1;22,4;30,8;29,9;23,3;22,4;67;62;63;127;9,9;6;
2020/02/15;1600 UTC;0;1004,8;1005,5;1004,7;3537,8;30;21,4;30,9;29,9;23,2;21,3;66;58;60;126;10;5,4;
2020/02/15;1700 UTC;0;1004,3;1004,8;1004,3;3122,3;30,5;22,8;30,8;29,6;23,5;21,4;67;60;63;138;9,8;4,7;
2020/02/15;1800 UTC;0;1004,2;1004,3;1004,1;2596,7;29,6;22,3;30,7;29,5;23;21,5;66;61;65;129;9,1;5,1;
2020/02/15;1900 UTC;0;1004,1;1004,2;1004;1783,6;29,5;22,9;30,1;29,3;23,2;21,9;69;63;68;127;9,1;4,7;
2020/02/15;2000 UTC;0;1004,4;1004,5;1004,1;917,2;28,8;23,4;29,7;28,6;23,5;22,6;73;67;73;117;9;4,9;
2020/02/15;2100 UTC;0;1005;1005;1004,4;123,8;28,1;23,8;28,8;28,1;23,8;23,4;77;73;77;126;9,2;4,6;
2020/02/15;2200 UTC;0;1005,7;1005,7;1005;;28,1;24,1;28,1;28;24,2;23,7;80;77;79;129;8,5;3,8;
2020/02/15;2300 UTC;0;1005,9;1005,9;1005,7;;28;23,9;28,2;28;24,2;23,9;79;78;79;124;8;4,1;
2020/02/16;0000 UTC;0;1006,6;1006,6;1005,9;;27,9;24,1;28,1;27,9;24,1;23,9;80;78;80;130;8,6;3,7;
2020/02/16;0100 UTC;0;1006,7;1006,7;1006,5;;27,9;24;28;27,9;24,3;24;81;79;80;116;7,3;3,3;
2020/02/16;0200 UTC;0;1006,3;1006,7;1006,3;;27,7;24,1;27,9;27,7;24,1;23,8;81;79;81;132;6,3;2,5;
2020/02/16;0300 UTC;0;1005,7;1006,3;1005,7;;27,5;23,9;27,7;27,5;24,3;23,9;82;81;81;139;5,4;2,5;
2020/02/16;0400 UTC;0;1005,2;1005,7;1005,2;;27,3;23,7;27,5;27,3;23,9;23,7;81;81;81;156;6,2;1,7;
2020/02/16;0500 UTC;0;1004,8;1005,2;1004,8;;25,7;23,6;27,3;25,7;23,7;23,3;88;80;88;232;4;1,7;
2020/02/16;0600 UTC;0;1004,6;1004,8;1004,5;;25,2;23,3;25,7;25,2;23,6;23,3;89;88;89;206;4,2;1,7;
2020/02/16;0700 UTC;0;1004,7;1004,7;1004,6;;24,9;22,9;25,2;24,9;23,3;22,9;89;88;89;217;3,5;1,6;
2020/02/16;0800 UTC;0;1005;1005;1004,7;;24,9;22,8;25,1;24,9;23;22,8;89;88;88;190;4,8;2,7;
2020/02/16;0900 UTC;0;1005,3;1005,3;1005;22,4;25,2;23;25,2;24,9;23;22,8;88;88;88;192;4,8;2,3;
2020/02/16;1000 UTC;0;1006,1;1006,1;1005,3;639,9;26,7;23,2;26,8;25,2;23,8;23;88;81;81;191;6;3,1;
2020/02/16;1100 UTC;0;1006,8;1006,9;1006,1;1500,7;28,4;23,4;28,5;26,6;24,1;23,1;82;75;75;185;7,1;4,2;
2020/02/16;1200 UTC;0;1007,1;1007,1;1006,8;1898,9;29,1;22,9;29,8;28,3;23,8;22,7;75;69;69;163;8;4,1;
2020/02/16;1300 UTC;0;1006,8;1007,2;1006,8;2922,2;31,4;23,1;31,4;28,9;23,8;22,3;71;60;62;129;8,1;4;
2020/02/16;1400 UTC;0;1006,4;1006,8;1006,4;3507,6;31,4;23,2;31,5;30,1;23,7;22,2;65;60;62;134;9;5;
2020/02/16;1500 UTC;0;1005,8;1006,4;1005,8;3584,2;30,3;23,7;31,5;30,1;24,2;22,4;69;61;68;130;9;5,1;
2020/02/16;1600 UTC;0;1004,9;1005,8;1004,9;3502,5;30,1;23,2;31,4;29,9;24,5;22,9;70;64;67;124;8,9;5,3;
2020/02/16;1700 UTC;0;1004,2;1004,9;1004,2;3193,2;30,4;24;30,8;29,6;24,4;22,9;70;65;69;127;9;5,2;
2020/02/16;1800 UTC;0;1004,1;1004,2;1004;2305,6;29,4;24,1;30,6;29,3;24,6;23,1;74;67;73;129;8,8;5,3;
2020/02/16;1900 UTC;0;1004,1;1004,1;1004;1827,1;29,8;24,1;30,3;29,4;24,8;23,6;73;70;71;126;8,8;4,6;
2020/02/16;2000 UTC;0;1004,3;1004,3;1004;914,9;29;24;30;28,9;24,3;23,7;74;70;74;125;8,5;4,4;
2020/02/16;2100 UTC;0;1004,9;1004,9;1004,3;157;28,4;23,8;29,2;28,4;24,1;23,6;77;73;76;126;7,7;4,8;
2020/02/16;2200 UTC;0;1005,4;1005,4;1004,9;;28,3;23,8;28,4;28,3;24,1;23,6;78;75;77;126;8,4;4,1;
2020/02/16;2300 UTC;0;1006,1;1006,2;1005,4;;28,3;24,2;28,3;28,2;24,4;23,8;80;77;78;125;9,2;4,7;
2020/02/17;0000 UTC;0;1006,7;1006,7;1006,1;;28,2;24,2;28,3;28,2;24,3;24,1;79;78;79;127;9,5;4,4;
2020/02/17;0100 UTC;0;1007,1;1007,1;1006,6;;28,3;24,4;28,3;28,2;24,5;24,1;80;78;79;134;7,9;4,2;
2020/02/17;0200 UTC;0;1006,6;1007,1;1006,6;;28,3;24,6;28,3;28,2;24,7;24,2;81;79;81;134;8,4;4,4;
2020/02/17;0300 UTC;0;1006,1;1006,6;1006,1;;28,2;24,2;28,4;28,2;24,6;24,2;80;79;79;131;8,3;4,9;
2020/02/17;0400 UTC;0;1005,2;1006,1;1005,2;;27,9;24;28,2;27,9;24,2;23,9;80;78;79;140;8,9;4;
2020/02/17;0500 UTC;0;1004,8;1005,2;1004,8;;27,4;23,9;28;27,4;24,2;23,5;81;78;81;128;8,6;5;
2020/02/17;0600 UTC;,2;1004,7;1004,8;1004,6;;27,4;23,6;27,9;27,4;24,1;23,5;82;77;80;136;8,5;4,1;
2020/02/17;0700 UTC;0;1004,9;1004,9;1004,5;;27,6;23,7;27,7;27,3;23,9;23,6;81;79;79;136;7,4;3,3;
2020/02/17;0800 UTC;0;1005,1;1005,1;1004,9;;27,6;23,8;27,8;27,5;24;23,7;81;79;80;146;7,5;3,4;
2020/02/17;0900 UTC;4,4;1005,9;1006;1005,1;50,7;25,6;24;27,7;25,1;24,2;23,2;92;79;91;110;9,4;2,8;
2020/02/17;1000 UTC;0;1006,4;1006,4;1005,9;586;27,8;25,6;27,8;25,6;25,8;24,1;92;87;88;170;4,8;1,2;
2020/02/17;1100 UTC;0;1007;1007;1006,4;1176,9;28,6;24,9;28,7;27,7;25,8;24,8;88;80;80;130;5,7;2,9;
2020/02/17;1200 UTC;0;1007;1007,2;1007;2181;29,6;24,7;29,9;28,6;25,4;24,3;81;74;75;128;7,1;3,2;
2020/02/17;1300 UTC;,2;1006,8;1007,1;1006,8;1826,1;29;24,9;29,6;27,8;25,2;23,2;83;75;78;172;7,8;2,2;
2020/02/17;1400 UTC;0;1006,3;1006,8;1006,3;3255,5;30,1;25;30,5;29;25,5;24,3;79;73;74;123;7,7;4,3;
2020/02/17;1500 UTC;0;1005,2;1006,3;1005,2;3721,6;30,9;25,7;30,9;29,6;25,7;24,3;77;72;74;129;8,1;4,8;
2020/02/17;1600 UTC;0;1004,4;1005,2;1004,3;3642,5;30,4;25;31,3;29,9;25,6;24,4;75;70;73;123;8,7;4,4;
2020/02/17;1700 UTC;0;1004,1;1004,4;1004;2818,7;30,3;25,5;30,9;29,5;25,6;24,3;77;69;75;105;9;4,2;
2020/02/17;1800 UTC;0;1003,9;1004,2;1003,7;2096,2;29,9;24,7;30,6;29,5;25,4;24;77;71;74;131;8,5;4,9;
2020/02/17;1900 UTC;0;1003,9;1004;1003,8;1385,3;29,1;24,3;30,3;29,1;24,8;24,1;76;72;75;119;8,4;4,8;
2020/02/17;2000 UTC;0;1004,3;1004,3;1003,9;394;28,7;24,5;29,2;28,7;24,6;24,2;78;75;78;122;8,4;4,3;
2020/02/17;2100 UTC;0;1005;1005;1004,3;42,1;28,4;24,8;28,7;28,4;24,8;24,1;81;76;81;114;8;3,7;
2020/02/17;2200 UTC;0;1005,8;1005,8;1005;;27,7;24,7;28,5;27,2;25,4;24,4;87;81;84;107;9,6;4,7;
2020/02/17;2300 UTC;0;1006,3;1006,3;1005,8;;28,1;24,4;28,1;27,7;24,7;24,3;84;80;80;113;9,2;4;
2020/02/18;0000 UTC;0;1006,6;1006,6;1006,2;;27,7;24,3;28,1;27,6;24,6;24,3;83;80;82;112;8,5;4,6;
2020/02/18;0100 UTC;0;1007;1007;1006,6;;27,9;24,6;27,9;27,6;24,6;24,1;83;80;82;120;7,9;3,8;
2020/02/18;0200 UTC;0;1006,4;1007,1;1006,4;;27,7;24,5;28;27,7;24,6;24;83;79;83;131;7,3;3,8;
2020/02/18;0300 UTC;0;1006,2;1006,4;1006,2;;27,8;24,5;27,8;27,7;24,5;24,3;83;82;83;126;7,4;4;
2020/02/18;0400 UTC;0;1005,4;1006,2;1005,4;;27,4;24,8;27,8;26,5;24,9;23,2;86;80;86;129;8,4;3,1;
2020/02/18;0500 UTC;0;1004,8;1005,4;1004,8;;27,6;23,8;27,7;27,4;24,8;23,6;86;79;80;129;7,6;3,8;
2020/02/18;0600 UTC;0;1004,7;1004,9;1004,7;;27,5;24,3;27,6;27,5;24,3;23,8;83;80;82;124;8;3,8;
2020/02/18;0700 UTC;0;1005,1;1005,2;1004,7;;26,6;24,1;27,6;26,2;24,4;23,3;89;82;86;133;9,3;3,7;
2020/02/18;0800 UTC;0;1005,1;1005,3;1005,1;;26,7;24,3;26,9;26,6;24,3;23,9;86;84;86;134;6,9;2,4;
2020/02/18;0900 UTC;0;1005,3;1005,3;1004,9;40,5;27;24;27;26,5;24,5;24;88;84;84;143;5,4;2,6;
2020/02/18;1000 UTC;0;1005,9;1005,9;1005,3;562;28,4;24,4;28,4;27;24,4;23,9;84;78;79;135;7,9;3,5;
2020/02/18;1100 UTC;0;1006,4;1006,4;1005,9;1312,3;28,7;24,4;29,5;28,3;25,1;23,8;80;73;77;133;8;4,8;
2020/02/18;1200 UTC;0;1006,7;1006,8;1006,4;2081,3;29,6;24,6;30;28,6;25,7;24,1;80;73;75;133;9,3;5,1;
2020/02/18;1300 UTC;0;1006,7;1006,7;1006,6;2928,3;29,9;24,1;30,4;29;25,1;23,9;77;70;71;131;10,2;5,3;
2020/02/18;1400 UTC;0;1006,7;1006,8;1006,6;3192,3;29,7;25;30,9;29,5;25;23,8;76;69;76;128;10,1;4,7;
2020/02/18;1500 UTC;0;1005,9;1006,7;1005,9;3597,2;30,5;24,7;31,1;29,4;25,5;23,8;76;68;71;125;8,4;4,5;
2020/02/18;1600 UTC;0;1005,4;1005,9;1005,4;3257,1;30,7;24,5;31,3;29,6;25,2;23,9;74;69;70;133;8,9;4,9;
2020/02/18;1700 UTC;0;1004,5;1005,4;1004,5;2705,7;30,1;23,7;31,1;29,2;25,2;23,3;74;67;69;127;10;5,3;
2020/02/18;1800 UTC;0;1004,1;1004,5;1004;2005;29;24,6;30,7;29;25,1;23,7;77;69;77;127;9,3;6;
2020/02/18;1900 UTC;0;1004,1;1004,1;1003,9;879;28,8;23,8;29,2;28,6;25,1;22,7;80;69;74;126;10,1;4,4;
2020/02/18;2000 UTC;0;1004,2;1004,2;1003,9;362,8;28,1;24,9;28,9;28;25;23,7;83;74;82;127;8,4;4,6;
2020/02/18;2100 UTC;0;1004,3;1004,3;1004;62,9;28,3;23,7;28,3;28;24,8;23,6;82;76;76;138;8,1;3,9;
2020/02/18;2200 UTC;0;1004,8;1004,8;1004,4;;28,3;24,4;28,4;28,2;24,7;23,7;81;76;79;131;9,3;3,6;
2020/02/18;2300 UTC;0;1005,5;1005,5;1004,8;;28,3;24,4;28,4;28,2;24,7;24,3;81;79;79;140;8,1;4,8;
2020/02/19;0000 UTC;,2;1006,2;1006,2;1005,5;;27,4;24,8;28,3;27,2;25;24,1;87;79;86;135;9,3;4,4;
2020/02/19;0100 UTC;0;1006,5;1006,5;1006,2;;27,6;24,6;27,6;27,3;25;24,4;86;83;84;131;8,4;4,4;
2020/02/19;0200 UTC;0;1005,7;1006,5;1005,7;;27,2;24,8;27,7;27,1;24,9;24,4;87;83;87;138;8,7;2,9;
2020/02/19;0300 UTC;0;1005,2;1005,7;1005;;27,4;24,7;27,5;27,2;24,9;24,4;87;83;85;123;6,8;3,7;
2020/02/19;0400 UTC;0;1004,5;1005,2;1004,5;;27,2;24,7;27,5;27,1;25;24,2;87;83;86;130;6,5;3,6;
2020/02/19;0500 UTC;0;1003,6;1004,5;1003,6;;26,8;24,6;27,3;26,8;24,7;24;88;83;87;138;6,9;3,3;
2020/02/19;0600 UTC;0;1003,3;1003,7;1003,3;;26,9;24,4;27;26,8;24,7;24,2;88;85;86;146;6,1;3,4;
2020/02/19;0700 UTC;0;1003,4;1003,4;1003,2;;25,3;23,1;26,9;25,3;24,4;23,1;88;86;88;178;7,7;2,8;
2020/02/19;0800 UTC;0;1003,8;1003,8;1003,3;;25,4;23,3;25,4;25,3;23,3;23,1;88;88;88;166;5;2,8;
2020/02/19;0900 UTC;0;1004,3;1004,3;1003,8;17,2;25,8;23,8;25,8;25,4;23,8;23,3;89;88;89;191;4,8;2,1;
2020/02/19;1000 UTC;,4;1004,7;1004,7;1004,2;184,8;25,6;23,9;25,9;25,5;23,9;23,6;90;88;90;197;4,9;2,3;
2020/02/19;1100 UTC;,6;1005,3;1005,3;1004,7;354;26,2;24,8;26,3;25,5;24,9;23,9;93;90;92;193;4,7;1,8;
2020/02/19;1200 UTC;,2;1005,4;1005,5;1005,3;1062,8;26,8;24,5;27,3;26,2;25,2;24,2;92;85;87;186;5,6;2;
2020/02/19;1300 UTC;0;1005,2;1005,4;1005,1;2109,8;29,1;25,1;29,2;26,8;25,6;24,4;88;77;79;152;7,6;4,3;
2020/02/19;1400 UTC;0;1005,2;1005,4;1005,1;2761,9;29,7;24,6;30,1;29,2;25,4;24,3;79;72;74;134;8,6;5;
2020/02/19;1500 UTC;2;1005,2;1005,2;1004,9;1472,5;26,6;25;30,5;26,2;25,1;24,2;91;71;91;118;9,1;4,1;
2020/02/19;1600 UTC;5,8;1004,3;1005,4;1004,3;403,4;25,7;23,9;26,6;24,9;25;23,2;93;90;90;176;9,7;4,7;
2020/02/19;1700 UTC;7,8;1004,1;1004,5;1004;303,7;25,4;24,1;26,4;24,7;24,1;23,2;93;83;93;89;8,7;2,9;
2020/02/19;1800 UTC;34,4;1003,7;1004,4;1003,7;94,2;23,6;23,1;25,9;23,1;25;22,4;97;92;97;105;14,1;4,3;
2020/02/19;1900 UTC;41,2;1004,4;1004,4;1003,5;110,4;24;23,7;24,7;23,1;24,2;22,6;98;97;98;115;10,3;3,9;
2020/02/19;2000 UTC;4;1003,9;1004,4;1003,9;69,7;24,3;23,9;24,5;23,9;24,2;23,5;98;98;98;167;7,5;1,3;
2020/02/19;2100 UTC;0;1003,8;1003,9;1003,7;31,9;24,5;24,1;24,5;24,2;24,1;23,8;98;98;98;127;2,8;1,6;
2020/02/19;2200 UTC;0;1004;1004;1003,7;,3;25;24,2;25;24,5;24,3;23,9;98;95;95;118;3,4;1,5;
2020/02/19;2300 UTC;0;1004,5;1004,6;1004;;26;24,7;26;24,9;24,8;24,1;95;93;93;135;7,5;3,3;
2020/02/20;0000 UTC;0;1004,9;1005;1004,5;;26,2;24,4;26,3;25,9;24,8;23,7;93;87;90;136;7,5;3,3;
2020/02/20;0100 UTC;0;1005,2;1005,2;1004,8;;26,5;24,4;26,6;26,2;24,6;24,3;90;87;88;141;6,8;3,4;
2020/02/20;0200 UTC;0;1004,8;1005,3;1004,8;;26,4;24,6;26,9;26,4;24,7;24,4;90;88;90;162;8,7;4;
2020/02/20;0300 UTC;0;1004,4;1004,8;1004,3;;26,1;24,2;26,5;26,1;24,7;24,2;90;89;89;142;9,2;5;
2020/02/20;0400 UTC;0;1004,2;1004,4;1004,1;;25,7;24,2;26,1;25,7;24,2;24;91;89;91;173;8,7;3,3;
2020/02/20;0500 UTC;1,4;1003,5;1004,2;1003,5;;24,7;23,7;25,7;24,6;24,1;23,5;94;91;94;169;6,4;3,4;
2020/02/20;0600 UTC;4,4;1003,3;1003,6;1003,1;;24,7;24;24,9;24,3;24;23,5;96;94;96;146;7,4;4,2;
2020/02/20;0700 UTC;3,8;1003,5;1003,7;1003,2;;24,6;23,7;24,9;24,4;24,1;23,6;96;95;95;163;7,6;,7;
2020/02/20;0800 UTC;,2;1003,6;1003,6;1003,5;;24,5;23,8;24,6;24,5;23,9;23,7;96;95;96;217;3,8;2,1;
2020/02/20;0900 UTC;0;1004,3;1004,3;1003,6;16,8;24,2;23,6;24,5;24,2;23,8;23,6;97;96;97;216;3,9;1,6;
2020/02/20;1000 UTC;0;1005,2;1005,2;1004,3;267,7;24,7;24,1;24,7;24,2;24,1;23,6;97;96;96;230;3,7;1,2;
2020/02/20;1100 UTC;0;1005,7;1005,7;1005,2;854,7;26,4;25,2;26,4;24,6;25,2;24;96;92;93;225;4,1;1,4;
2020/02/20;1200 UTC;0;1005,5;1005,8;1005,5;1332,7;27,7;25;27,7;26,2;25,3;24,5;93;84;85;212;5;2,7;
2020/02/20;1300 UTC;0;1005,4;1005,6;1005,3;1817,1;28,7;24,8;28,8;27,6;25,2;24,3;85;79;79;152;5,5;3,1;
2020/02/20;1400 UTC;0;1005,9;1005,9;1005,2;2648,9;29,3;24,9;29,7;28,7;25,4;24,2;79;73;77;133;8,3;5;
2020/02/20;1500 UTC;1,6;1006,8;1006,8;1005,9;1248,9;24,7;23,8;29,5;24,5;25,5;23,4;95;76;95;113;12,1;3,5;
2020/02/20;1600 UTC;11,4;1005;1006,8;1005;283,5;25;24;25;23,6;24,1;23;97;94;95;128;9,3;4,2;
2020/02/20;1700 UTC;,4;1003,7;1005;1003,7;339,5;25,3;23,7;25,4;25;24,1;23,6;94;91;91;115;8;2,7;
2020/02/20;1800 UTC;,8;1003,2;1003,7;1003,2;355,5;25,6;23,6;25,6;25,1;23,7;23;91;88;89;112;5,3;2,2;
2020/02/20;1900 UTC;0;1003,3;1003,5;1003,2;509,2;26;23,6;26,1;25,6;23,7;22,9;89;84;86;137;5,4;3,5;
2020/02/20;2000 UTC;0;1004,2;1004,2;1003,3;155,7;26,1;24,1;26,1;25,8;24,1;23,5;89;86;89;137;5,4;2,1;
2020/02/20;2100 UTC;0;1004,3;1004,3;1004;34;26;23,9;26,1;25,9;24,1;23,7;89;87;88;165;5,3;2,1;
2020/02/20;2200 UTC;0;1004,8;1004,8;1004,3;;25,7;23,7;26;25,7;23,9;23,7;89;88;89;163;4,4;2,5;
2020/02/20;2300 UTC;0;1005,2;1005,3;1004,8;;25,5;23,5;25,8;25,5;23,7;23,5;89;88;89;177;5,5;2,8;
2020/02/21;0000 UTC;0;1006;1006;1005,1;;25,5;23,7;25,5;25,3;23,7;23,5;90;89;90;182;4,8;2,6;
2020/02/21;0100 UTC;0;1006,3;1006,4;1006;;25,2;23,8;25,5;25,2;23,8;23,6;92;90;92;180;4,5;2,3;
2020/02/21;0200 UTC;0;1006,2;1006,4;1006;;25,1;23,6;25,2;25,1;23,8;23,6;92;91;91;184;5;2,5;
2020/02/21;0300 UTC;0;1005,5;1006,3;1005,5;;25,1;23,2;25,2;25,1;23,6;23,2;91;89;89;184;5,6;2,9;
2020/02/21;0400 UTC;0;1004,8;1005,5;1004,8;;24,9;23;25,1;24,8;23,2;23;90;89;90;193;6;2,6;
2020/02/21;0500 UTC;0;1004,5;1004,8;1004,4;;24,6;22,9;24,9;24,6;23,1;22,9;90;90;90;195;6;2,8;
2020/02/21;0600 UTC;0;1003,7;1004,4;1003,7;;24,4;22,9;24,6;24,4;23;22,8;91;90;91;177;5,7;2;
2020/02/21;0700 UTC;0;1003,6;1003,7;1003,5;;24,4;22,9;24,5;24,4;23;22,9;92;91;91;173;5,2;2,3;
2020/02/21;0800 UTC;0;1003,7;1003,7;1003,5;;24,3;23;24,5;24,3;23;22,9;92;91;92;175;4,2;2;
2020/02/21;0900 UTC;0;1004,3;1004,3;1003,7;29,4;24,6;23,3;24,6;24,3;23,3;22,9;92;92;92;181;4,4;1,9;
2020/02/21;1000 UTC;0;1004,5;1004,5;1004,3;515,5;25,7;23,6;25,7;24,6;23,8;23,3;92;88;89;188;5,7;2,6;
2020/02/21;1100 UTC;0;1005,5;1005,5;1004,5;1294;27,8;24,9;27,8;25,7;24,9;23,6;89;84;84;176;5,7;2,6;
2020/02/21;1200 UTC;0;1005,7;1005,7;1005,5;2353,7;29,4;24,9;29,8;27,6;25,7;24,5;84;77;77;136;8,1;4,1;
2020/02/21;1300 UTC;0;1005,8;1005,9;1005,7;2805,6;30;25,5;30;29;25,6;24,6;79;75;77;137;9;4,5;
2020/02/21;1400 UTC;0;1005,3;1005,8;1005,3;3388,9;30;25,4;30,6;29,5;25,9;24,9;78;74;77;139;8,8;4,8;
2020/02/21;1500 UTC;0;1004,8;1005,4;1004,8;3020,4;29,7;25,4;30,7;29,4;26,2;25,1;79;74;78;127;8,3;4,1;
2020/02/21;1600 UTC;0;1004,2;1004,8;1004,2;2497,1;29,6;25,3;30,4;29,4;26,1;24,9;80;76;77;132;8,7;4,2;
2020/02/21;1700 UTC;0;1003,6;1004,3;1003,6;2143,2;29,7;25,3;30,3;29,4;26;24,7;80;76;77;128;8,6;4,4;
2020/02/21;1800 UTC;0;1003,4;1003,6;1003,4;1532;29,6;25,3;30,1;29,4;25,7;24,5;79;75;78;131;8,1;4,1;
2020/02/21;1900 UTC;0;1003,4;1003,5;1003,2;887,8;29,1;25,3;29,8;28,9;25,4;24,8;81;76;80;133;9;4,6;
2020/02/21;2000 UTC;0;1003,7;1003,8;1003,4;651,9;28,7;25,1;29,3;28,7;25,4;25;82;78;81;124;8,1;4,3;
2020/02/21;2100 UTC;,2;1004,3;1004,3;1003,7;60,1;27,8;25,3;28,8;27,8;25,5;25,1;87;81;86;140;8,8;4,2;
2020/02/21;2200 UTC;0;1005,2;1005,2;1004,2;;28;25,1;28,1;27,7;25,6;25,1;87;84;84;140;7,3;4,1;
2020/02/21;2300 UTC;0;1005,8;1005,8;1005,2;;28,1;25,3;28,1;28;25,3;25;85;83;85;137;7,8;3,9;
2020/02/22;0000 UTC;0;1006,4;1006,4;1005,8;;28,2;25,2;28,2;28,1;25,3;24,8;85;82;84;139;9,3;4;
2020/02/22;0100 UTC;0;1007;1007;1006,4;;28;24,7;28,2;28;25,2;24,5;84;81;82;135;8;3,8;
2020/02/22;0200 UTC;0;1006,9;1007;1006,9;;28,1;24,5;28,1;28;24,7;24,3;82;80;81;137;8,4;4,6;
2020/02/22;0300 UTC;0;1006,4;1006,9;1006,4;;27,9;24,9;28,1;27,8;24,9;24,5;84;81;84;133;8,4;3,1;
2020/02/22;0400 UTC;0;1005,9;1006,4;1005,9;;27,8;24,7;27,9;27,8;25;24,6;84;82;83;136;6,6;3,1;
2020/02/22;0500 UTC;0;1005,3;1005,9;1005,3;;27,6;24,7;27,9;27,6;24,8;24,4;84;82;84;132;6,4;2,9;
2020/02/22;0600 UTC;0;1005;1005,3;1005;;27,6;24,5;27,8;27,5;24,7;24,4;85;83;83;136;6,2;3,1;
2020/02/22;0700 UTC;0;1005;1005,1;1005;;27,5;24,7;27,6;27,4;24,7;24,4;85;83;85;143;5,6;2,5;
2020/02/22;0800 UTC;0;1005,6;1005,6;1005;;27,4;24,4;27,5;27,4;24,8;24,4;85;84;84;156;5,6;2,6;
2020/02/22;0900 UTC;0;1006,3;1006,3;1005,5;8,3;26,5;24,4;27,5;26,5;24,6;24,3;88;84;88;232;4,3;1,7;
2020/02/22;1000 UTC;0;1006,6;1006,6;1006,3;192;27,3;25,1;27,3;26,4;25,1;24,4;90;88;88;169;3,5;1,9;
2020/02/22;1100 UTC;0;1007,3;1007,3;1006,6;666,2;28,5;24,7;28,5;27,3;25,2;24,6;88;80;80;133;6,2;3,8;
2020/02/22;1200 UTC;0;1006,9;1007,3;1006,9;943,7;28,6;24,9;28,9;28,5;25,3;24,7;81;79;81;122;6,6;3,5;
2020/02/22;1300 UTC;0;1006,6;1006,9;1006,5;965,7;29;25,3;29;28,4;25,4;24,8;83;80;81;137;6,3;3,6;
2020/02/22;1400 UTC;0;1006,7;1006,7;1006,4;1904,5;29,4;25,1;29,8;28,8;25,5;24,8;81;76;78;119;7;3,8;
2020/02/22;1500 UTC;0;1006,4;1006,9;1006,4;1733,3;29,8;25,5;29,9;29;25,9;24,9;80;77;78;113;6,5;3,2;
2020/02/22;1600 UTC;0;1006;1006,4;1006;1725,2;29,2;25,1;29,8;29;25,7;25,1;81;77;79;107;6,7;3,5;
2020/02/22;1700 UTC;0;1005,6;1006;1005,6;2349,2;29,7;24,8;30,3;29;25,8;24,7;80;74;75;116;7;3,8;
2020/02/22;1800 UTC;0;1005,1;1005,6;1005,1;2255;30,1;25,3;30,5;29,4;25,7;24,7;78;74;76;100;6,2;3,2;
2020/02/22;1900 UTC;0;1005;1005,1;1004,9;1195,2;28,8;25,1;30,1;28,8;25,4;24,5;81;74;81;107;6,6;3;
2020/02/22;2000 UTC;0;1005;1005;1004,8;489,1;28,7;24,7;29,1;28,6;25,1;24;81;75;79;118;6,3;3,1;
2020/02/22;2100 UTC;0;1005,3;1005,3;1005;80,8;28,4;24,8;28,7;28,3;24,9;24,7;81;79;81;118;5,7;3;
2020/02/22;2200 UTC;0;1005,6;1005,6;1005,3;;28,2;25;28,4;28,2;25;24,8;83;81;83;113;5,4;2,7;
2020/02/22;2300 UTC;0;1006,9;1006,9;1005,6;;28,3;24,8;28,3;28,1;25,2;24,8;84;82;82;112;5,4;3;
2020/02/23;0000 UTC;0;1007,6;1007,6;1006,9;;28;25;28,3;28;25,1;24,8;84;81;84;104;6,2;3,3;
2020/02/23;0100 UTC;0;1008;1008;1007,6;;28;24,9;28,1;28;25;24,8;84;82;83;103;6,7;3,1;
2020/02/23;0200 UTC;0;1008,1;1008,2;1008;;27,9;25;28;27,8;25,1;24,8;85;83;85;103;6,5;2,8;
2020/02/23;0300 UTC;0;1007,2;1008,1;1007,2;;27,8;24,5;27,9;27,7;25;24,5;85;82;82;101;6,3;3,6;
2020/02/23;0400 UTC;0;1006,9;1007,3;1006,9;;27,7;24,7;27,9;27,6;24,8;24,5;84;82;84;101;6,3;2,6;
2020/02/23;0500 UTC;0;1006,7;1006,9;1006,7;;27,5;24,7;27,7;27,5;24,7;24,3;84;82;84;102;5;1,9;
2020/02/23;0600 UTC;0;1006,4;1006,7;1006,3;;27,3;24,5;27,6;27,3;24,6;24,2;85;82;85;105;5,6;1,9;
2020/02/23;0700 UTC;0;1006,8;1006,8;1006,3;;27,3;24,3;27,5;27,2;24,5;23,8;85;80;84;120;4,9;2;
2020/02/23;0800 UTC;0;1006,9;1006,9;1006,8;;27,3;24,1;27,5;27,2;24,4;24,1;84;83;83;125;4,3;1,8;
2020/02/23;0900 UTC;0;1007,2;1007,2;1006,8;22,3;27,4;24,3;27,4;27,1;24,3;23,7;83;81;83;123;4;2;
2020/02/23;1000 UTC;0;1008,1;1008,1;1007,2;634,6;28,6;24,2;28,7;27,4;24,7;24;84;76;77;129;4,2;2,5;
2020/02/23;1100 UTC;0;1008,5;1008,5;1008,1;1165,8;29,1;24,3;29,2;28,5;24,8;23,9;78;75;76;135;5,1;2,7;
2020/02/23;1200 UTC;0;1008,4;1008,5;1008,4;2085,3;29,3;24,1;30;29;24,8;23,9;77;71;74;121;5,8;3;
2020/02/23;1300 UTC;0;1007,9;1008,4;1007,8;2996,2;30,8;24,2;30,8;29,2;24,5;23,1;75;66;68;112;5,7;3,4;
2020/02/23;1400 UTC;0;1007,7;1007,9;1007,7;3349,4;30,7;24,3;31,2;29,9;24,7;22,5;72;63;69;119;8;4,3;
2020/02/23;1500 UTC;0;1006,8;1007,8;1006,8;3505,8;30,2;24,2;31,4;30;25;23,4;72;66;70;123;8,2;4,6;
2020/02/23;1600 UTC;0;1005,9;1006,8;1005,9;3383,1;30,7;24,7;31,1;30;25;23;72;65;71;127;8,2;4,7;
2020/02/23;1700 UTC;0;1005,2;1005,9;1005,2;3078,3;30,1;24,8;30,9;29,8;24,9;23,8;74;67;73;125;8,4;4,9;
2020/02/23;1800 UTC;0;1004,6;1005,2;1004,6;2497,4;30;24,8;30,6;29,7;25,2;24,5;75;72;74;126;8,6;4,9;
2020/02/23;1900 UTC;0;1004,6;1004,6;1004,5;1678,8;29,5;24,4;30,4;29,4;25,5;24,4;78;73;74;120;8,6;4,5;
2020/02/23;2000 UTC;0;1004,7;1004,7;1004,5;813;28,8;24,8;29,7;28,8;25;24,3;79;74;79;111;8,4;4,4;
2020/02/23;2100 UTC;0;1005;1005,1;1004,7;95,6;28,2;24,4;28,8;28,2;25,1;24,4;82;79;80;106;7,7;3,8;
2020/02/23;2200 UTC;0;1005,3;1005,4;1005;;28,1;24,6;28,3;28,1;24,6;24,3;81;79;81;114;7,5;3,2;
2020/02/23;2300 UTC;0;1006,3;1006,3;1005,4;;28,2;24,3;28,3;28,1;24,6;24,1;81;78;79;124;7,6;3,5;
2020/02/24;0000 UTC;0;1007,2;1007,2;1006,2;;28,2;24,4;28,3;28,1;24,5;24,1;81;78;80;116;7,8;3,4;
2020/02/24;0100 UTC;0;1007,5;1007,5;1007,2;;28,2;24,4;28,3;28,2;24,5;24,2;80;78;80;124;7,6;4,1;
2020/02/24;0200 UTC;0;1007,6;1007,6;1007,4;;28,2;24,5;28,3;28,2;24,6;24,2;81;79;80;125;8;3,6;
2020/02/24;0300 UTC;0;1007,2;1007,6;1007,2;;28,2;24,2;28,3;28,2;24,7;24,2;82;79;79;120;6,7;3,3;
2020/02/24;0400 UTC;0;1006,6;1007,2;1006,6;;27,5;24,3;28,2;27,4;24,8;23,3;82;78;82;113;7,6;2,9;
2020/02/24;0500 UTC;0;1006;1006,6;1006;;27,9;24,6;28;27,5;24,7;24,3;84;80;82;123;6,1;3,4;
2020/02/24;0600 UTC;0;1005,8;1006;1005,7;;27,8;24,8;28;27,8;24,8;24,5;84;82;84;124;6,7;3,1;
2020/02/24;0700 UTC;0;1005,5;1005,8;1005,5;;27,9;24,4;27,9;27,7;24,9;24,4;84;81;82;126;6,4;3,9;
2020/02/24;0800 UTC;0;1005,6;1005,6;1005,4;;27,9;24,6;28;27,8;24,7;24,4;83;81;82;131;7,1;3,3;
2020/02/24;0900 UTC;0;1006;1006;1005,5;26,2;27,9;24,2;27,9;27,8;24,8;24,1;84;80;80;127;7,2;3,6;
2020/02/24;1000 UTC;0;1006,9;1006,9;1006;391,8;28,6;24,8;28,6;27,9;24,8;24,1;81;79;80;136;7,5;3,9;
2020/02/24;1100 UTC;0;1007,6;1007,6;1006,9;1195,6;29,2;24,9;29,3;28,4;25,4;24,5;81;77;78;131;9;5,1;
2020/02/24;1200 UTC;0;1007,6;1007,6;1007,5;2252,6;29,6;25,1;29,9;28,9;25,5;24,5;78;76;77;127;8,6;4,5;
2020/02/24;1300 UTC;0;1007,3;1007,6;1007,3;2118,3;30,1;24,8;30,5;29,1;25,7;24,8;79;72;73;134;9,2;5,1;
2020/02/24;1400 UTC;0;1007,1;1007,4;1007,1;3480,4;30,9;24,9;31,2;29,9;25,4;24,4;75;69;70;122;9,1;4,8;
2020/02/24;1500 UTC;0;1006,4;1007,1;1006,4;3564,4;31;25,2;31,4;30,2;25,8;24,5;75;69;71;126;9,1;5,2;
2020/02/24;1600 UTC;0;1005,5;1006,4;1005,5;3486,2;30,5;25;31,4;30,3;25,7;24,3;74;70;72;116;9,5;5;
2020/02/24;1700 UTC;0;1004,7;1005,6;1004,7;3088,2;30,1;24,4;31,6;30;25,7;24,2;75;69;72;125;9,8;6;
2020/02/24;1800 UTC;0;1004,3;1004,7;1004,3;2292,6;29,9;24,8;30,9;29,8;25,4;24,5;76;70;74;132;9,4;5,4;
2020/02/24;1900 UTC;0;1004,3;1004,3;1004,2;1608,4;29,7;24;30,5;29,6;25,2;23,8;75;70;72;129;8,9;4,9;
2020/02/24;2000 UTC;0;1004,1;1004,3;1004,1;655,7;29;24,8;29,9;29;24,9;23,9;78;71;78;122;8,8;4,1;
2020/02/24;2100 UTC;0;1004,6;1004,6;1004,1;70,5;28,6;24,7;29,1;28,6;24,9;24,2;79;76;79;137;8,8;4,6;
2020/02/24;2200 UTC;0;1004,9;1004,9;1004,5;;28,5;24,7;28,7;28,4;24,9;24,6;81;79;80;124;8,5;4,5;
2020/02/24;2300 UTC;0;1005,5;1005,5;1004,9;;28,4;24,3;28,6;28,4;24,8;23,8;81;76;78;129;8,6;4,7;
2020/02/25;0000 UTC;0;1005,9;1005,9;1005,5;;28,3;24,2;28,5;28,3;24,6;23,9;81;77;78;128;9,5;4,6;
2020/02/25;0100 UTC;0;1006,4;1006,5;1005,9;;28,3;24;28,3;28,2;24,6;24;81;77;77;127;7,8;4;
2020/02/25;0200 UTC;0;1006,3;1006,5;1006,3;;28,2;24,3;28,3;28,2;24,4;23,8;80;76;80;128;7,8;4,2;
2020/02/25;0300 UTC;0;1005,6;1006,3;1005,6;;28;23,9;28,2;28;24,5;23,8;81;78;78;131;7,6;4;
2020/02/25;0400 UTC;0;1005,2;1005,6;1005,2;;27,9;24;28;27,8;24,4;23,9;82;78;80;127;7,1;4;
2020/02/25;0500 UTC;0;1004,6;1005,2;1004,6;;27,8;23,7;28;27,8;24,3;23,3;81;76;78;135;7,5;3,6;
2020/02/25;0600 UTC;0;1004,3;1004,6;1004,3;;27,7;23,7;27,9;27,7;24,3;23,7;81;78;79;129;7,3;3,8;
2020/02/25;0700 UTC;0;1004,9;1004,9;1004,3;;27,7;24,1;27,7;27,6;24,1;23,7;81;79;81;127;6,3;3,6;
2020/02/25;0800 UTC;0;1005,3;1005,3;1004,9;;27,6;23,6;27,8;27,5;24,1;23,5;81;78;79;145;7,4;3,5;
2020/02/25;0900 UTC;0;1005,7;1005,7;1005,2;28,8;27,7;23,5;27,7;27,4;23,8;23,5;81;78;78;142;6,6;3,4;
2020/02/25;1000 UTC;0;1006,1;1006,1;1005,7;384,3;28,1;23,8;28,2;27,7;23,8;23,3;78;75;78;144;7,3;3,4;
2020/02/25;1100 UTC;0;1006,8;1006,8;1006,1;1132,1;29,1;24;29,1;28,1;24,3;22,8;78;71;74;133;9,3;4,5;
2020/02/25;1200 UTC;0;1006,9;1006,9;1006,6;2333,3;29,7;23,9;30;29,1;24,2;22,7;74;66;71;129;9,7;5,2;
2020/02/25;1300 UTC;0;1006,7;1006,9;1006,7;2859,1;30,3;23,4;30,7;29,2;24,4;23,4;72;67;67;131;10,8;5,5;
2020/02/25;1400 UTC;0;1006,5;1006,7;1006,5;3382,9;30,6;24,1;31;29,6;24,3;23,2;70;66;69;131;10,3;5,2;
2020/02/25;1500 UTC;0;1006;1006,5;1006;3462;30,6;23,6;31,7;30,1;24,3;23;70;63;67;125;9,7;5,3;
2020/02/25;1600 UTC;0;1004,9;1006;1004,9;3434,1;30,7;23,7;31,1;30;24,5;23;70;64;66;138;9,9;5,5;
2020/02/25;1700 UTC;0;1004,1;1004,9;1004;3150,7;30,4;24;31;30,1;24,5;23,4;70;66;69;138;10,1;5,8;
2020/02/25;1800 UTC;0;1003,7;1004,1;1003,7;2450,4;29,7;24;31,1;29,6;24,8;23,6;74;67;71;130;9,7;5,7;
2020/02/25;1900 UTC;0;1003,4;1003,7;1003,3;1574,7;29,3;24,5;30,3;29,2;25,1;23,8;76;70;76;115;9,4;5,2;
2020/02/25;2000 UTC;0;1003,6;1003,6;1003,4;710,9;28,8;24,3;29,7;28,8;24,8;23,7;77;71;77;125;9,1;4,9;
2020/02/25;2100 UTC;0;1003,8;1003,8;1003,5;100,3;28,4;23,8;28,9;28,4;24,4;23,8;77;76;76;123;9,2;5,1;
2020/02/25;2200 UTC;0;1004;1004;1003,8;;28,3;24,1;28,4;28,3;24,1;23,6;78;75;78;129;8,8;3,9;
2020/02/25;2300 UTC;0;1004,8;1004,8;1004;;28,3;23,9;28,3;28,2;24,2;23,7;79;76;77;125;8,4;4,6;
2020/02/26;0000 UTC;0;1005,2;1005,2;1004,8;;28,3;24,1;28,3;28,2;24,1;23,7;79;76;78;125;8,7;4,5;
2020/02/26;0100 UTC;0;1005,5;1005,5;1005,2;;28,2;23,4;28,3;28,1;24,1;23,4;78;75;75;124;9,3;4,2;
2020/02/26;0200 UTC;0;1005,4;1005,6;1005,4;;28,2;23,9;28,2;28,1;23,9;23,4;78;75;78;128;8,6;4,4;
2020/02/26;0300 UTC;0;1005,1;1005,4;1005;;28;23,3;28,2;28;23,6;23,2;78;75;76;126;8,5;4,1;
2020/02/26;0400 UTC;0;1004,4;1005,1;1004,4;;28;23,3;28,1;27,9;23,4;22,8;76;73;76;126;7,9;3,7;
2020/02/26;0500 UTC;0;1003,8;1004,4;1003,8;;27,9;23,1;28;27,8;23,3;22,9;76;74;75;129;7,8;3,6;
2020/02/26;0600 UTC;0;1003,6;1003,8;1003,6;;27,7;23,3;27,9;27,7;23,3;23;77;75;77;134;7,1;3,2;
2020/02/26;0700 UTC;0;1003,4;1003,6;1003,3;;27,6;23,2;27,8;27,4;23,5;22,9;79;75;77;134;6,8;3,6;
2020/02/26;0800 UTC;0;1003,9;1004;1003,4;;27,6;23,2;27,7;27,5;23,9;23;81;76;77;139;7,2;3,7;
2020/02/26;0900 UTC;0;1004,2;1004,2;1003,9;26,4;27,4;23,1;27,6;27,2;23,5;22,9;80;76;78;152;7,2;2,3;
2020/02/26;1000 UTC;0;1004,7;1004,7;1004,2;465,6;28,4;23,4;28,4;27,4;23,5;23,1;78;75;75;149;7;3,9;
2020/02/26;1100 UTC;0;1005,7;1005,7;1004,7;1162,2;29,2;23,6;29,2;28,3;23,8;23,3;76;72;72;145;7,6;4,5;
2020/02/26;1200 UTC;0;1005,9;1006;1005,7;2102,3;29,5;23,5;29,9;28,9;24;23,2;73;69;70;134;8,4;4,9;
2020/02/26;1300 UTC;0;1005,6;1005,9;1005,6;2821,1;30,2;24,1;30,7;29,5;24,7;23,3;72;69;70;130;8,1;4,9;
2020/02/26;1400 UTC;0;1005,5;1005,7;1005,4;3509,5;31;24,1;31;29,9;24,5;23,3;71;66;67;125;8;4,3;
2020/02/26;1500 UTC;0;1005;1005,5;1005;3660,7;30,4;23,6;31,2;29,8;25;23,1;71;65;67;132;8,9;5,5;
2020/02/26;1600 UTC;0;1004;1005;1004;3539,9;30,6;24,4;31,3;29,9;24,6;23,3;71;66;69;130;8,9;5,1;
2020/02/26;1700 UTC;0;1003,3;1004;1003,3;3167,7;30,3;24,5;31;29,8;25,1;23,7;73;67;71;116;9,8;4,8;
2020/02/26;1800 UTC;0;1002,8;1003,3;1002,8;2577,2;30;24,2;30,9;29,7;24,7;23,3;72;68;71;117;9;5;
2020/02/26;1900 UTC;0;1002,8;1002,9;1002,7;1777,3;29,6;24;30,5;29,6;24,7;23,7;73;69;72;119;8,2;4,8;
2020/02/26;2000 UTC;0;1003,4;1003,4;1002,8;845;29,2;24,3;29,9;29,1;24,6;24;75;72;75;130;8,2;4,9;
2020/02/26;2100 UTC;0;1003,6;1003,6;1003,4;124,4;28,6;23,8;29,2;28,6;24,7;23,5;78;73;76;128;9;5,1;
2020/02/26;2200 UTC;0;1004,3;1004,3;1003,6;;28,5;24,6;28,6;28,5;24,8;23,8;80;75;79;132;9,5;4,9;
2020/02/26;2300 UTC;0;1004,9;1004,9;1004,3;;28,2;24,7;28,6;28,2;24,8;24,3;81;78;81;137;9,2;5,1;
2020/02/27;0000 UTC;0;1005,5;1005,6;1004,9;;28,1;24,4;28,2;28,1;24,7;24,4;81;80;80;135;9,2;4,2;
2020/02/27;0100 UTC;0;1005,9;1005,9;1005,5;;28,1;24;28,2;28,1;24,5;23,6;80;76;78;121;8,8;3,8;
2020/02/27;0200 UTC;0;1005,7;1006;1005,7;;28;24,1;28,2;28;24,4;24;80;78;79;124;7,3;3,2;
2020/02/27;0300 UTC;0;1005,6;1005,8;1005,5;;28,2;23,8;28,2;28;24,1;23,6;79;76;77;123;6,9;3;
2020/02/27;0400 UTC;0;1005,1;1005,6;1005,1;;28,1;23,6;28,2;28;23,9;23,3;78;75;76;126;5,6;2,7;
2020/02/27;0500 UTC;0;1004,9;1005,2;1004,8;;28,1;23,4;28,2;28;23,6;23,3;77;75;76;124;5,2;2,5;
2020/02/27;0600 UTC;0;1004,7;1004,9;1004,7;;27,8;23,6;28,1;27,8;23,7;23,3;78;75;78;135;5,5;2,9;
2020/02/27;0700 UTC;0;1005,2;1005,2;1004,7;;26,3;23,3;27,8;26,3;23,8;23,2;84;78;84;226;5;1,7;
2020/02/27;0800 UTC;0;1005,7;1005,7;1005,2;;25,7;23,2;26,3;25,7;23,3;23,2;86;84;86;221;4,2;1,5;
2020/02/27;0900 UTC;0;1006,3;1006,3;1005,7;23,7;25,7;23,3;25,7;25,6;23,4;23,2;87;86;87;235;2,6;1,3;
2020/02/27;1000 UTC;0;1006,7;1006,7;1006,3;534,9;27,4;23,8;27,5;25,6;24;23,3;87;80;81;177;4,3;2,4;
2020/02/27;1100 UTC;0;1007,2;1007,3;1006,7;1556,3;28,8;24,5;28,9;27,4;24,6;23,5;81;77;77;166;5,4;3,2;
2020/02/27;1200 UTC;0;1007,6;1007,7;1007,1;2577,3;30,2;24,3;30,4;28,8;25;24;78;71;71;151;8,2;4,7;
2020/02/27;1300 UTC;0;1007,8;1007,8;1007,6;2924,2;30;24,5;31,1;29,6;25,1;23,9;74;67;72;136;8,3;5,2;
2020/02/27;1400 UTC;0;1007,8;1007,9;1007,7;3454,9;30,5;24,5;31;29,9;25,1;23,9;74;68;71;121;8,8;4,8;
2020/02/27;1500 UTC;0;1006,9;1007,8;1006,9;3254,8;29,7;24,5;31,3;29,6;25,6;23,9;74;68;74;119;7,7;4,5;
2020/02/27;1600 UTC;0;1005,7;1006,9;1005,7;2628,9;30,5;24;31;29,4;25,3;24;76;68;68;106;7,9;4,6;
2020/02/27;1700 UTC;0;1004,8;1005,7;1004,8;3172,6;30,8;24,5;31,1;30,1;25;23,7;72;66;69;119;8,8;4,8;
2020/02/27;1800 UTC;0;1004,7;1004,9;1004,7;2565,9;30,1;24;31,4;30;24,7;23,4;71;66;70;103;8,1;4,3;
2020/02/27;1900 UTC;0;1004,1;1004,7;1004,1;1772,4;29,9;24,2;30,8;29,8;24,7;23,6;73;68;72;108;7,5;3,4;
2020/02/27;2000 UTC;0;1004,7;1004,7;1004,1;851,9;29,3;24,5;30,1;29,2;24,7;24,1;76;72;75;103;7,6;3,2;
2020/02/27;2100 UTC;0;1005,1;1005,1;1004,7;70,8;28,3;24,4;29,3;28,3;24,6;24,1;79;75;79;92;7,1;2,6;
2020/02/27;2200 UTC;0;1005,9;1005,9;1005,1;;28,2;24,5;28,4;28,1;24,8;24,2;81;78;81;85;6,5;2,5;
2020/02/27;2300 UTC;0;1006,8;1006,8;1005,9;;28,1;24,3;28,3;28;24,6;24,3;81;80;80;81;5,3;2,4;
2020/02/28;0000 UTC;0;1007,5;1007,5;1006,8;;27,8;24,6;28,2;27,7;24,6;24,3;83;80;83;65;5,1;2;
2020/02/28;0100 UTC;0;1007,9;1008;1007,5;;27,9;24,3;28;27,8;24,6;24;83;80;81;61;4;1,7;
2020/02/28;0200 UTC;0;1007,4;1007,9;1007,4;;27,9;24,4;28;27,9;24,5;24,3;82;81;81;57;6,2;2,5;
2020/02/28;0300 UTC;0;1007;1007,4;1007;;27,7;24,2;27,9;27,6;24,6;24,1;83;81;82;58;5,8;2,3;
2020/02/28;0400 UTC;0;1006,5;1007;1006,5;;27,7;24,2;27,7;27,5;24,6;24,2;83;81;81;47;5,3;2,5;
2020/02/28;0500 UTC;0;1005,9;1006,5;1005,9;;27,5;24,6;27,7;27,4;24,6;23,9;84;81;84;64;5,3;1,9;
2020/02/28;0600 UTC;0;1006;1006;1005,9;;27,4;24,7;27,6;27,3;24,7;24,5;85;84;85;62;4,4;2,1;
2020/02/28;0700 UTC;0;1006,3;1006,3;1006;;27,4;24,7;27,5;27,3;24,7;24,5;85;84;85;59;4,4;2;
2020/02/28;0800 UTC;0;1006,8;1006,8;1006,3;;27,5;24,7;27,6;27,4;24,8;24,4;85;84;85;51;4,9;2,5;
2020/02/28;0900 UTC;0;1007,2;1007,2;1006,8;16,1;27,1;24,9;27,5;26,9;24,9;24,4;87;85;87;66;4,2;1,5;
2020/02/28;1000 UTC;0;1007,7;1007,7;1007,2;501,4;29,4;25,2;29,4;27,1;25,5;24,5;87;78;78;78;5,4;2,8;
2020/02/28;1100 UTC;0;1008,2;1008,2;1007,7;1441;30,1;24,9;30,1;28,9;25,6;24,4;80;74;74;82;5,9;3;
2020/02/28;1200 UTC;0;1008,2;1008,3;1008,1;2532,4;30,4;25,6;30,8;29,6;25,6;24,5;76;71;76;121;5,2;2,7;
2020/02/28;1300 UTC;0;1008,2;1008,2;1008,1;3086,1;30,8;25,1;31,3;29,9;25,7;24,6;76;70;72;135;6,4;3,8;
2020/02/28;1400 UTC;0;1007,9;1008,2;1007,9;3411,6;30,2;25,4;31,2;30,2;26;24,7;76;71;75;123;7,5;4,1;
2020/02/28;1500 UTC;0;1007,2;1007,9;1007,2;3582,7;31,3;25,2;31,3;30,2;25,9;24,5;76;70;70;116;7,8;4,2;
2020/02/28;1600 UTC;0;1006,3;1007,2;1006,3;3543,3;31,1;25,4;31,4;30,2;25,7;24,1;73;68;72;122;7,9;4,5;
2020/02/28;1700 UTC;0;1005,5;1006,3;1005,5;3081,6;30,2;24,6;31,3;30,1;26;24,6;76;69;72;107;8,3;4,7;
2020/02/28;1800 UTC;0;1005,2;1005,6;1005,2;2490,6;30,5;24,9;31,1;30,1;25,4;23,3;75;64;72;102;9,4;3,4;
2020/02/28;1900 UTC;0;1004,9;1005,2;1004,8;1792,7;29,6;24,2;30,8;29,6;25;23,5;74;68;73;90;8,8;4,2;
2020/02/28;2000 UTC;0;1005,1;1005,1;1004,8;896,5;29,1;24;30;29;24,3;23,5;74;70;74;89;7;3;
2020/02/28;2100 UTC;0;1005,4;1005,4;1005,1;109,3;28,2;23,9;29,1;28,2;24;23,7;78;74;77;93;6;2,4;
2020/02/28;2200 UTC;0;1006,3;1006,3;1005,4;;28,1;24,4;28,3;28;24,4;23,9;80;77;80;98;5,1;2,2;
2020/02/28;2300 UTC;0;1007,2;1007,2;1006,3;;27,9;24,5;28,3;27,9;24,6;24,3;82;80;82;103;4,2;1,1;
2020/02/29;0000 UTC;0;1007,5;1007,6;1007,2;;28,1;24,3;28,2;27,8;24,7;24,3;82;80;80;116;3,9;2,1;
2020/02/29;0100 UTC;0;1007,9;1007,9;1007,5;;28;24,5;28,2;27,9;24,6;24,3;82;80;81;141;3,5;1,4;
2020/02/29;0200 UTC;0;1007,5;1007,9;1007,4;;27,8;24,6;28;27,8;24,7;24,4;83;81;83;152;2,8;1,6;
2020/02/29;0300 UTC;0;1007,2;1007,7;1007,2;;27,5;24,7;27,9;27,5;24,7;24,4;84;82;84;102;2,6;,9;
2020/02/29;0400 UTC;0;1006,8;1007,2;1006,8;;27,1;24,3;27,9;27,1;24,9;24,3;85;83;85;215;2,4;1,2;
2020/02/29;0500 UTC;0;1006,5;1006,8;1006,5;;26,6;24,7;27,1;26,6;24,7;24,3;89;85;89;233;3,1;1,7;
2020/02/29;0600 UTC;0;1006,3;1006,6;1006,2;;26,2;24,5;26,6;26,2;24,7;24,4;90;89;90;229;2,8;1,2;
2020/02/29;0700 UTC;0;1006,5;1006,6;1006,3;;25,7;24,3;26,2;25,7;24,5;24,2;92;90;92;256;3,2;,7;
2020/02/29;0800 UTC;,4;1006,8;1006,8;1006,5;;25,4;24,2;25,8;25,4;24,4;24,2;94;92;93;236;3,4;1,2;
2020/02/29;0900 UTC;,6;1007,5;1007,5;1006,8;4,9;25,4;24,2;25,6;25,4;24,3;24,1;93;92;93;206;2,6;,5;
2020/02/29;1000 UTC;0;1007,9;1007,9;1007,5;106,7;25,4;24,4;25,5;25,3;24,5;24,2;95;93;94;353;3;,4;
2020/02/29;1100 UTC;0;1008,5;1008,5;1007,9;985,3;27,7;25,1;27,9;25,4;26,2;24,5;95;86;86;200;3,8;2,1;
2020/02/29;1200 UTC;,2;1008,3;1008,5;1008,3;2027,1;28,9;25,1;29,1;27,5;26;24,3;86;78;80;145;4,8;1,9;
2020/02/29;1300 UTC;0;1007,9;1008,3;1007,9;2825,2;30;24;30,3;28,7;25,7;24;80;70;70;149;5,4;3,1;
2020/02/29;1400 UTC;0;1007,4;1007,9;1007,4;3418,7;30,3;23,8;31,2;30;24,9;23;72;63;68;127;5,5;3,2;
2020/02/29;1500 UTC;0;1006,8;1007,4;1006,8;3568;30,7;23,5;31,1;29,8;25;23,1;71;64;66;100;6,5;3,2;
2020/02/29;1600 UTC;0;1005,9;1006,8;1005,9;3464,1;30,1;25;31,1;29,6;25,5;23,6;75;66;74;116;7,8;4;
2020/02/29;1700 UTC;0;1005,1;1005,9;1005,1;3049,6;30;24,9;31,2;29,8;25,7;24,4;75;71;74;109;7,6;4,3;
2020/02/29;1800 UTC;0;1004,9;1005,2;1004,8;2610,4;30,4;24,3;31,1;29,8;25,4;24;75;69;70;115;7,8;4,8;
2020/02/29;1900 UTC;0;1004,9;1005,2;1004,9;1765,3;29,9;24,8;30,8;29,8;25,1;24;74;69;74;92;7,8;4;
2020/02/29;2000 UTC;0;1005,4;1005,5;1004,7;753,3;29;24,6;30,1;28,9;25,2;24,3;78;73;77;96;7,4;3,2;
2020/02/29;2100 UTC;0;1005,5;1005,7;1005,4;30,2;28,6;24,3;29;28,5;24,5;24;79;75;78;102;6,9;3;
2020/02/29;2200 UTC;0;1006,1;1006,1;1005,5;;28,6;24,2;28,6;28,2;24,6;24,2;80;77;77;112;5,3;2,5;
2020/02/29;2300 UTC;0;1007,3;1007,3;1006,1;;28,5;24,6;28,6;28,4;25;24,1;81;77;80;126;4,8;2,1;
2020/03/01;0000 UTC;1,8;1007,8;1007,8;1007,3;;25,6;23,6;28,6;25,6;25,3;23,6;89;78;89;113;9,1;5,1;
2020/03/01;0100 UTC;15,4;1007,7;1008;1007,7;;26;25,1;26,3;25;25,2;23,5;95;89;94;12;9,1;1,9;
2020/03/01;0200 UTC;0;1007,6;1007,7;1007,5;,4;26,5;25,3;26,7;25,7;25,7;24,7;95;93;93;278;3,5;1,4;
2020/03/01;0300 UTC;23,8;1006,9;1007,9;1006,9;2,8;24,3;23,7;26,5;23,8;25,4;22,9;97;93;96;335;8,6;,5;
2020/03/01;0400 UTC;,2;1006,5;1006,9;1006,4;,8;25,4;24,7;25,5;24,3;24,8;23,6;96;96;96;147;1,9;1;
2020/03/01;0500 UTC;0;1006,4;1006,6;1006,4;,2;25,5;24,6;25,7;25,4;24,8;24,6;96;95;95;226;4,4;1,8;
2020/03/01;0600 UTC;0;1006;1006,4;1006;;25,3;24,4;25,5;25,3;24,7;24,4;95;95;95;230;3,2;1;
2020/03/01;0700 UTC;0;1006,3;1006,3;1006;;25,1;24,1;25,3;24,9;24,4;23,9;95;94;94;215;2,6;1,3;
2020/03/01;0800 UTC;,4;1006,8;1007;1006,3;;25,2;24,1;25,5;25,1;24,4;24,1;94;93;94;165;2,6;1,5;
2020/03/01;0900 UTC;,4;1006,9;1007;1006,8;8,4;24,9;24;25,2;24,8;24,1;23,8;95;93;95;256;2,9;,7;
2020/03/01;1000 UTC;0;1007,8;1007,8;1006,9;498,3;26,7;25,3;26,7;24,9;25,6;24;95;92;92;223;2,4;1,5;
2020/03/01;1100 UTC;0;1008,2;1008,2;1007,8;1264,8;28,3;25,2;28,4;26,6;25,6;24,4;92;81;83;181;3,6;2,1;
2020/03/01;1200 UTC;0;1008,1;1008,3;1008;2359,4;29;24,8;29,3;27,9;25,6;24,4;83;78;78;170;6;3,2;
2020/03/01;1300 UTC;0;1007,7;1008,2;1007,7;2682;29,6;25;29,7;28,5;25,5;24,2;80;75;76;123;5,9;3,1;
2020/03/01;1400 UTC;0;1007,4;1007,9;1007,4;3499,3;29,6;24,7;30,5;28,9;26,4;23,7;80;70;75;120;7,1;4;
2020/03/01;1500 UTC;0;1006,9;1007,4;1006,8;3476,4;28,7;24,3;30,3;28,7;25,5;24;78;72;77;108;7,1;4;
2020/03/01;1600 UTC;0;1006,5;1006,9;1006,5;634,9;28;24,4;28,9;28;24,8;24;81;77;81;92;7,5;2,5;
2020/03/01;1700 UTC;0;1005,5;1006,5;1005,3;312,2;27,7;24,9;28,1;27,5;25;24,4;86;81;85;125;5,6;2,9;
2020/03/01;1800 UTC;3;1005,2;1005,6;1005,2;165,2;26,6;24,6;27,9;26,6;24,9;24;88;80;88;137;6,5;3,1;
2020/03/01;1900 UTC;0;1005,4;1005,4;1004,8;158,9;27;24,9;27;26,6;25,2;24,7;91;88;89;147;6,5;2,8;
2020/03/01;2000 UTC;,4;1005,6;1005,6;1005,4;36,6;26,4;24,7;27;26,3;24,9;24,5;91;88;90;174;5,2;2,1;
2020/03/01;2100 UTC;,8;1006,5;1006,5;1005,6;1,2;25,9;24,5;26,4;25,9;24,6;24,3;92;89;92;203;4,5;1,3;
2020/03/01;2200 UTC;2;1007,4;1007,5;1006,5;;25,8;24,8;25,9;25,7;24,9;24,5;94;92;94;177;3,9;2,1;
2020/03/01;2300 UTC;,6;1007,3;1007,7;1007,3;;25,6;24,5;25,8;25,6;24,8;24,5;94;93;94;158;4,4;1,9;
2020/03/02;0000 UTC;0;1008,2;1008,3;1007,3;;25,5;24,4;25,7;25,4;24,6;24,3;94;93;94;198;2,9;,8;
2020/03/02;0100 UTC;,2;1008;1008,3;1008;;25,5;24,6;25,6;25,3;24,7;24,2;95;94;95;304;2;1,2;
2020/03/02;0200 UTC;0;1007,5;1008;1007,5;;25,2;24,4;25,6;25,2;24,7;24,4;95;95;95;247;3,3;1,3;
2020/03/02;0300 UTC;0;1007;1007,5;1007;;25,1;24,3;25,2;25,1;24,4;24,3;96;95;96;273;3,4;,6;
2020/03/02;0400 UTC;0;1006,3;1007;1006,3;;24,9;24,3;25,1;24,9;24,3;24,3;96;96;96;234;3;1,8;
2020/03/02;0500 UTC;0;1005,9;1006,3;1005,9;;24,9;24,3;24,9;24,8;24,3;24,2;97;96;97;214;3;,6;
2020/03/02;0600 UTC;0;1005,8;1005,9;1005,7;;25;24,5;25,1;24,9;24,5;24,3;97;97;97;234;2,6;1,4;
2020/03/02;0700 UTC;0;1005,9;1005,9;1005,8;;25;24,4;25,1;25;24,5;24,4;97;97;97;6;2,6;,3;
2020/03/02;0800 UTC;0;1006;1006,1;1005,7;;24,9;24,4;25,1;24,9;24,5;24,4;97;97;97;229;2,8;1,7;
2020/03/02;0900 UTC;0;1006,5;1006,5;1005,9;7,2;25;24,5;25,1;24,9;24,5;24,4;97;97;97;225;3,7;,8;
2020/03/02;1000 UTC;0;1006,9;1006,9;1006,5;547,6;26,9;25,7;26,9;25;25,7;24,5;97;93;93;204;2,6;1,4;
2020/03/02;1100 UTC;0;1007,5;1007,5;1006,9;1499,1;28,6;24,7;29,3;26,9;26,3;23,9;94;76;79;56;2,6;1;
2020/03/02;1200 UTC;0;1007,8;1007,8;1007,5;1658,3;28,7;24,6;29,1;28;25,2;23,3;81;75;78;73;2,8;1,5;
2020/03/02;1300 UTC;0;1007,4;1007,8;1007,4;2649,8;29,6;23,9;29,8;28,4;25,1;23,3;80;71;72;148;4;1,7;
2020/03/02;1400 UTC;0;1006,8;1007,4;1006,8;3418,6;30,1;24,4;31,6;29,6;25,1;21,8;72;60;72;95;5;2,8;
2020/03/02;1500 UTC;0;1006;1006,8;1006;3531,3;30,7;23,3;30,9;29,5;25,3;22,8;74;64;65;112;6,4;2,9;
2020/03/02;1600 UTC;0;1005;1006;1005;3495,4;30,1;24,8;30,8;29,7;25,5;22,8;74;64;73;106;6,1;3;
2020/03/02;1700 UTC;0;1004,5;1005;1004,5;3100,4;30,3;24,9;30,8;29,9;25,3;24,2;75;69;73;93;6,6;3,2;
2020/03/02;1800 UTC;0;1004,1;1004,5;1004,1;2592,2;29,9;23,6;30,7;29,6;24,8;22,7;73;64;69;106;7,4;4,1;
2020/03/02;1900 UTC;0;1004,1;1004,1;1003,9;1711,6;29,5;23,6;30,3;28,9;24,3;23,4;73;69;70;103;7,1;3,2;
2020/03/02;2000 UTC;0;1004,3;1004,3;1003,9;611,3;28,6;23,5;29,8;28,6;23,8;23,1;74;68;74;106;7;2,9;
2020/03/02;2100 UTC;0;1005;1005;1004,3;48,4;28,2;24;28,7;28,1;24,2;23,6;78;74;78;104;4,8;2,2;
2020/03/02;2200 UTC;0;1005,8;1005,8;1005;;27,9;24;28,3;27,9;24,2;24;80;78;79;86;4,7;2;
2020/03/02;2300 UTC;0;1006,3;1006,3;1005,7;;28,3;22,9;28,3;27,8;24,1;22,8;80;73;73;100;4,1;1,7;
2020/03/03;0000 UTC;0;1006,9;1007;1006,3;;27,9;23,8;28,3;27,9;23,9;22,8;79;73;79;70;3,5;1;
2020/03/03;0100 UTC;0;1007;1007,2;1006,9;;27,8;23,2;28,1;27,8;24,1;23,2;79;76;76;91;3,5;1,5;
2020/03/03;0200 UTC;0;1006,7;1007,1;1006,6;;27,9;23,9;28,2;27,8;23,9;23,2;79;75;79;114;2,7;1;
2020/03/03;0300 UTC;0;1006,4;1006,7;1006,3;;26,9;23,9;27,9;26,9;24,1;23,7;84;79;84;144;5,3;3,5;
2020/03/03;0400 UTC;0;1005,9;1006,4;1005,9;;26,3;23,2;26,9;26,3;23,9;23,1;86;82;83;165;5,3;,7;
2020/03/03;0500 UTC;0;1005,4;1005,9;1005,4;;26,5;23,6;26,6;26,3;23,7;23,3;84;82;84;354;2;,5;
2020/03/03;0600 UTC;0;1005,4;1005,6;1005,4;;26,2;23,6;26,7;26,1;23,6;23,3;86;82;86;293;3,4;1,4;
2020/03/03;0700 UTC;0;1005,6;1005,6;1005,3;;25,6;23,6;26,2;25,6;23,8;23,6;89;86;89;259;2,7;1,3;
2020/03/03;0800 UTC;0;1005,6;1005,7;1005,6;;25,4;24;25,6;25,3;24;23,6;92;89;92;197;2,4;,5;
2020/03/03;0900 UTC;0;1006,2;1006,2;1005,6;22,7;25,7;24,3;25,7;25,3;24,3;23,9;93;92;92;211;2,7;1,3;
2020/03/03;1000 UTC;0;1006,6;1006,6;1006,2;779,5;27,7;24,4;27,7;25,7;24,9;24;92;82;82;240;3,1;1,3;
2020/03/03;1100 UTC;0;1007,1;1007,1;1006,6;1650,2;29,1;24,3;29,3;27,7;24,9;23,8;82;74;75;143;3,9;2;
2020/03/03;1200 UTC;0;1007,5;1007,5;1007,1;2478;29,8;24;30,1;29;24,8;23,9;77;71;71;129;6,1;3;
2020/03/03;1300 UTC;0;1007,4;1007,5;1007,4;2799,5;30,1;23,6;30,6;29,2;24,4;23,2;74;66;69;127;6,4;3,8;
2020/03/03;1400 UTC;0;1007,2;1007,5;1007,2;3410;30,7;23,9;31;29,8;24,4;23;70;65;67;128;6,8;3,7;
2020/03/03;1500 UTC;0;1006,4;1007,2;1006,4;3580,2;30,3;24,8;31,2;29,6;25,3;23,9;75;67;72;125;7,1;4;
2020/03/03;1600 UTC;0;1005,4;1006,4;1005,4;3373,2;30,2;23,2;30,9;29,6;25,1;23,2;74;66;66;133;8,1;4,3;
2020/03/03;1700 UTC;0;1004,7;1005,4;1004,7;3111,8;30;24,7;30,9;29,6;25,1;23,5;75;66;73;114;7,6;4,1;
2020/03/03;1800 UTC;0;1004,5;1004,8;1004,5;2555,3;30,1;24,3;30,6;29,7;25,1;23,7;75;69;71;115;7,6;4,3;
2020/03/03;1900 UTC;0;1004,2;1004,5;1004,2;1025,9;29,5;23,3;30,3;29,2;24,6;22,8;72;68;69;121;7,5;3,4;
2020/03/03;2000 UTC;0;1005,1;1005,1;1004,2;535,1;29,1;23,8;29,5;28,9;24;23,1;74;69;73;117;6,6;3,3;
2020/03/03;2100 UTC;0;1005,5;1005,5;1005,1;67,6;28,7;23,4;29,1;28,7;24,3;23,3;77;73;73;116;6,5;3,2;
2020/03/03;2200 UTC;0;1005,9;1005,9;1005,5;;28,4;23,9;28,7;28,4;24;23,4;77;73;76;114;5,9;2,5;
2020/03/03;2300 UTC;0;1006,8;1006,8;1005,9;;28,5;23,6;28,5;28,4;24;23,6;77;75;75;113;5,3;2,6;
2020/03/04;0000 UTC;0;1007,3;1007,3;1006,8;;28,5;23,9;28,6;28,4;24,1;23,5;77;75;76;121;5,3;2,9;
2020/03/04;0100 UTC;0;1007,8;1007,9;1007,3;;28,4;23,9;28,5;28,3;24;23,8;77;76;77;106;5,7;2,3;
2020/03/04;0200 UTC;0;1007,5;1007,8;1007,5;;28,3;24,1;28,5;28,2;24,1;23,7;78;76;78;106;5;2,5;
2020/03/04;0300 UTC;0;1006,9;1007,5;1006,9;;28,2;24,4;28,4;28,1;24,4;24,1;80;78;80;113;4,4;1,9;
2020/03/04;0400 UTC;,4;1006,2;1006,9;1006,2;;26;24,1;28,3;26;24,5;23,4;89;79;89;90;7;3,2;
2020/03/04;0500 UTC;1,4;1005,9;1006,2;1005,8;;26,7;24,9;26,7;25,6;25;22,7;93;83;90;123;7,3;1,6;
2020/03/04;0600 UTC;0;1005,6;1006;1005,6;;26,5;24,3;27;26,5;24,9;24,3;90;87;88;137;3,4;,8;
2020/03/04;0700 UTC;0;1005,9;1005,9;1005,6;;27,1;24,9;27,1;26,4;24,9;24,3;89;87;88;142;4,1;1,8;
2020/03/04;0800 UTC;0;1006,2;1006,2;1005,9;;27;24,7;27,4;26,8;24,9;24,2;88;83;88;125;5,5;1,8;
2020/03/04;0900 UTC;0;1006,9;1006,9;1006,2;29;27,5;24,6;27,5;26,9;24,8;24,6;88;84;84;131;4,9;2,2;
2020/03/04;1000 UTC;0;1007,8;1007,8;1006,9;424,2;28,6;25,3;28,6;27,5;25,3;24,5;85;81;82;132;4,9;2,5;
2020/03/04;1100 UTC;0;1008,4;1008,4;1007,8;1179,7;28,9;24,9;29,6;28,6;25,4;24,5;82;76;79;120;7,2;3;
2020/03/04;1200 UTC;0;1008,8;1008,8;1008,4;1285,7;30,4;25;30,4;27,2;26,1;23,1;81;73;73;121;7,7;3,4;
2020/03/04;1300 UTC;0;1008,8;1008,8;1008,7;2889,6;30,4;25;30,8;29,4;25,8;24,2;78;70;73;118;8,4;4,2;
2020/03/04;1400 UTC;0;1008,4;1008,8;1008,3;3127,8;30;24,5;31;29,9;25,4;24,1;75;68;72;111;8,3;4,6;
2020/03/04;1500 UTC;0;1007,3;1008,4;1007,3;3554,8;30,4;24,7;30,9;30;25,5;24,2;74;69;72;115;8;4,4;
2020/03/04;1600 UTC;0;1006,6;1007,4;1006,6;3333,2;30,4;24,3;31,4;30;25,6;23,9;73;67;70;125;8;4,9;
2020/03/04;1700 UTC;0;1005,8;1006,6;1005,8;3091,3;31;24,5;31,2;30,1;25,3;23,6;73;66;69;105;9,1;3,6;
2020/03/04;1800 UTC;0;1005,4;1005,8;1005,4;2599,7;30,2;24,1;31,3;30;24,8;23,3;71;65;70;123;7,4;3,9;
2020/03/04;1900 UTC;0;1005;1005,5;1005;1727,3;29,8;23,3;30,5;29,6;24,9;23,3;74;69;69;117;7,5;4,3;
2020/03/04;2000 UTC;0;1005,6;1005,7;1005;841,7;29,3;23,4;30,3;29,2;24,2;22,9;72;67;71;105;6,9;2,9;
2020/03/04;2100 UTC;0;1006,6;1006,6;1005,6;38,2;28,5;23,9;29,3;28,5;23,9;23;76;71;76;95;5,6;2,9;
2020/03/04;2200 UTC;0;1007,2;1007,2;1006,6;;28,4;24,2;28,7;28,3;24,3;23,9;78;76;78;93;5,8;3,2;
2020/03/04;2300 UTC;0;1007,6;1007,6;1007,2;;28,5;23,7;28,7;28,4;24,4;23,7;78;75;75;106;5,8;2,5;
2020/03/05;0000 UTC;0;1008,4;1008,4;1007,6;;28,3;24,3;28,5;28,2;24,6;23,7;80;75;79;101;5,6;2,5;
2020/03/05;0100 UTC;0;1008,8;1008,8;1008,5;;28;24,1;28,2;28;24,3;24;80;79;80;87;4,8;1,8;
2020/03/05;0200 UTC;0;1008,5;1008,9;1008,5;;28;23,8;28;27,9;24,2;23,4;80;76;78;109;4,7;1,6;
2020/03/05;0300 UTC;0;1007,8;1008,5;1007,8;;27,7;23,8;28;27,7;24;23,7;80;78;79;126;2,9;,9;
2020/03/05;0400 UTC;0;1007,4;1007,8;1007,3;;26,9;23,8;27,7;26,9;24,1;23,8;83;79;83;134;2;,5;
2020/03/05;0500 UTC;0;1006,7;1007,4;1006,7;;26,8;23,9;27;26,8;24,1;23,8;84;83;84;221;1,6;1;
2020/03/05;0600 UTC;0;1006,8;1006,8;1006,7;;26,9;24,3;26,9;26,6;24,3;23,9;86;84;86;241;1,9;,6;
2020/03/05;0700 UTC;0;1007;1007;1006,8;;26,5;24,1;26,9;26,5;24,3;24;87;85;87;213;2,1;,7;
2020/03/05;0800 UTC;0;1007,4;1007,4;1006,9;;25,9;23,9;26,5;25,9;24,2;23,9;89;87;89;234;2,2;,8;
2020/03/05;0900 UTC;0;1007,9;1007,9;1007,4;17,5;25,8;24,1;25,9;25,7;24,1;23,9;90;89;90;208;2,6;,9;
2020/03/05;1000 UTC;0;1008,2;1008,2;1007,9;605,8;28,3;24,9;28,3;25,9;25,1;24,1;90;82;82;210;3;1,4;
2020/03/05;1100 UTC;0;1008,8;1008,8;1008,1;1023,9;29,1;24,8;29,2;27,9;25,1;24,2;82;77;78;129;3,8;2,4;
2020/03/05;1200 UTC;0;1009,2;1009,3;1008,8;2443,2;30,2;24,5;30,8;29,1;25,5;24,1;78;70;72;140;5,1;3,1;
2020/03/05;1300 UTC;0;1009,1;1009,3;1009,1;3213,7;31;25,1;31;30;25,3;24,3;75;70;71;106;6,3;3,3;
2020/03/05;1400 UTC;0;1008,7;1009,2;1008,7;3025;30,9;25,4;31,3;29,7;25,7;23,8;75;66;73;106;6,8;3,4;
2020/03/05;1500 UTC;0;1007,8;1008,7;1007,8;3794,9;31,8;25,3;31,8;30,2;25,8;24,3;74;68;69;114;7,1;3,2;
2020/03/05;1600 UTC;0;1006,9;1007,8;1006,9;3328,3;30,4;24,5;31,8;30,2;25,4;24,2;73;68;71;120;8,1;3,2;
2020/03/05;1700 UTC;0;1006;1006,9;1006;2218,1;30,4;24,5;31;29,8;25,6;24,5;76;71;71;125;6,9;3,7;
2020/03/05;1800 UTC;0;1005,8;1006;1005,8;2611,5;30,2;24,8;31,2;30;25,8;24,4;75;71;73;105;6,7;3,5;
2020/03/05;1900 UTC;0;1005,7;1005,9;1005,6;1292,6;29,7;25,2;30,6;29,4;25,5;24,7;77;73;77;99;6,7;2,8;
2020/03/05;2000 UTC;0;1006;1006;1005,7;674,3;29,3;24,8;29,8;29,1;25,3;24,6;77;75;77;94;5,8;2,9;
2020/03/05;2100 UTC;0;1006;1006;1005,9;129,7;28,7;24,9;29,3;28,7;25;24,6;80;77;80;98;6;2;
2020/03/05;2200 UTC;0;1006,4;1006,4;1006;;28,6;24,5;28,9;28,5;25,1;24,5;81;79;79;97;4,1;2,1;
2020/03/05;2300 UTC;0;1007;1007,1;1006,4;;28,7;25;28,8;28,4;25,1;24,5;81;79;80;129;4,6;2,5;
2020/03/06;0000 UTC;0;1008,4;1008,4;1007;;28,7;25,1;28,7;28,5;25,1;24,8;82;80;81;103;4,7;2,4;
2020/03/06;0100 UTC;0;1008,8;1008,9;1008,4;;28,4;24,9;28,8;28,4;25,1;24,6;81;79;81;110;5,5;2,7;
2020/03/06;0200 UTC;0;1008,3;1008,9;1008,3;;28,5;24,9;28,6;28,3;25,3;24,9;83;81;81;102;5,7;2,6;
2020/03/06;0300 UTC;0;1007,7;1008,3;1007,7;;28;25,6;28,7;28;25,6;24,9;87;80;87;87;7;2,4;
2020/03/06;0400 UTC;0;1007,2;1007,7;1007;;27,9;24,5;28,2;27,8;25,6;24,5;87;81;82;94;5,6;2,7;
2020/03/06;0500 UTC;0;1006,9;1007,3;1006,9;;26,1;23,7;27,9;26,1;25;23,7;87;82;87;303;6,9;4,4;
2020/03/06;0600 UTC;14,8;1006,9;1007,2;1006,7;,5;24,5;23,8;26,1;24,2;23,8;23,3;96;87;96;314;7,9;2,4;
2020/03/06;0700 UTC;,4;1006,3;1006,9;1006,3;;24,3;23,7;24,6;24,3;24;23,6;96;96;96;316;5,1;1,9;
2020/03/06;0800 UTC;0;1005,8;1006,3;1005,6;;24,2;23,6;24,3;24,2;23,7;23,5;96;96;96;279;3,7;,9;
2020/03/06;0900 UTC;0;1006,1;1006,1;1005,8;22,6;24,3;23,6;24,3;24,2;23,7;23,5;96;96;96;229;3;1,1;
2020/03/06;1000 UTC;0;1006,5;1006,5;1006,1;772,8;26,9;25,6;26,9;24,2;25,6;23,6;97;92;92;217;3;1;
2020/03/06;1100 UTC;0;1007,2;1007,3;1006,5;1637,4;28,9;24;28,9;26,8;25,6;23,5;92;74;75;188;2,6;1,6;
2020/03/06;1200 UTC;0;1007,2;1007,4;1007,2;2380,7;30;24,9;30;28,8;24,9;23,4;77;72;75;151;4,1;1,9;
2020/03/06;1300 UTC;0;1006,8;1007,2;1006,8;3187,6;30,2;25,1;30,6;29,6;25,2;24,1;75;71;74;117;5,7;3;
2020/03/06;1400 UTC;0;1006,1;1006,8;1006,1;3416,2;29,7;25,1;30,7;29,7;25,8;24,4;77;72;76;108;6,6;3,8;
2020/03/06;1500 UTC;0;1005,3;1006,1;1005,3;3582,6;30,6;25,2;31,4;29,7;26;24,2;77;70;73;99;6,2;3,1;
2020/03/06;1600 UTC;0;1004,8;1005,3;1004,8;3505,1;30;25,4;31,3;29,9;26,2;24,9;77;72;76;109;7,7;4,3;
2020/03/06;1700 UTC;0;1004,2;1004,9;1004,2;3119,4;30,2;25,1;31,2;30;26;24,6;76;70;74;91;8,6;4,5;
2020/03/06;1800 UTC;0;1003,5;1004,2;1003,5;2213,1;29,6;24,8;30,6;29,6;25,4;24,7;77;71;75;97;8,4;4,5;
2020/03/06;1900 UTC;0;1003,6;1003,7;1003,4;529,7;28,9;24,9;29,8;28,9;25,3;24,7;80;75;79;79;7,6;3;
2020/03/06;2000 UTC;0;1003,7;1003,8;1003,5;240,5;28,5;24,7;28,9;28,4;25,2;24,6;82;79;80;75;7;3,1;
2020/03/06;2100 UTC;0;1004,1;1004,2;1003,6;26,4;28,3;24,9;28,5;28,3;25,1;24,7;82;80;82;78;6;2,4;
2020/03/06;2200 UTC;0;1005,2;1005,3;1004,1;;28,5;24,6;28,6;28,3;24,9;24,4;82;79;80;101;5,5;2,4;
2020/03/06;2300 UTC;0;1005,8;1005,8;1005,2;;28,3;25;28,6;28,3;25;24,6;82;80;82;94;4,5;1,6;
2020/03/07;0000 UTC;0;1006,9;1006,9;1005,8;;28,4;25;28,6;28,2;25;24,6;82;80;82;100;4,1;1,8;
2020/03/07;0100 UTC;0;1007,1;1007,1;1006,8;;28,3;25,3;28,5;28;25,3;24,7;84;81;84;108;3,4;1,6;
2020/03/07;0200 UTC;0;1006,7;1007,1;1006,7;;27,6;25,3;28,5;27,6;25,3;25,2;87;83;87;79;3,3;1;
2020/03/07;0300 UTC;0;1006;1006,7;1006;;28;25,1;28,4;27,6;25,5;24,9;87;82;84;96;3,5;1,5;
2020/03/07;0400 UTC;0;1005,3;1006,1;1005,3;;27,7;24,8;28,1;27,7;25,2;24,7;85;84;85;233;2,6;,5;
2020/03/07;0500 UTC;,2;1004,5;1005,3;1004,5;;26,8;25,1;27,9;26,6;25,1;24;91;80;91;174;5,1;1,4;
2020/03/07;0600 UTC;1,8;1003,8;1004,5;1003,8;;26,2;24,7;26,8;26,2;25,2;24,6;92;90;92;90;4,9;2,2;
2020/03/07;0700 UTC;,2;1003,9;1003,9;1003,7;;26,3;25;26,4;25,9;25,1;24,5;94;91;93;77;4,4;2,2;
2020/03/07;0800 UTC;,6;1004,3;1004,3;1003,8;;25,8;24,6;26,4;25,5;25,1;23,8;93;90;93;324;5,3;1,5;
2020/03/07;0900 UTC;0;1004,9;1004,9;1004,3;76,7;26,2;25,2;26,2;25,8;25,2;24,6;94;93;94;252;2,5;,8;
2020/03/07;1000 UTC;0;1005,9;1005,9;1004,9;389,6;26;24,4;26,3;25,7;25,2;24,4;94;91;91;224;6,4;2,6;
2020/03/07;1100 UTC;0;1006,8;1006,9;1005,9;1264,2;27,7;24,4;28,9;25,9;25,7;24,2;91;79;82;230;4,9;2;
2020/03/07;1200 UTC;1,2;1007,2;1007,2;1006,8;1528,6;29,7;26,1;30,1;26,9;26,9;24,4;92;81;81;69;3,9;1;
2020/03/07;1300 UTC;0;1007;1007,4;1007;2238,2;30,4;25,2;30,9;29,2;26,8;25,2;83;74;74;80;4,6;2,7;
2020/03/07;1400 UTC;0;1006,5;1007,1;1006,5;3368,1;30,7;25,4;31,2;29,9;26,3;24,8;78;71;73;71;6,1;3,2;
2020/03/07;1500 UTC;0;1005,7;1006,6;1005,7;3163,6;30,7;25,7;31,4;29,8;26,4;24,8;78;72;75;72;6,3;3,2;
2020/03/07;1600 UTC;0;1004,9;1005,7;1004,9;2201,7;30,5;24,8;31,3;29,6;26,2;24,7;79;71;72;64;7,4;2,9;
2020/03/07;1700 UTC;0;1003,5;1004,9;1003,5;1505,1;29,3;25,2;31,4;29,3;25,7;24,8;79;71;78;75;6,5;2,9;
2020/03/07;1800 UTC;0;1003,1;1003,5;1003,1;2239,9;29,7;25,1;30,6;29,3;25,7;24,3;78;71;76;117;5,5;2,7;
2020/03/07;1900 UTC;0;1003,2;1003,2;1003;1290,5;29,4;25,1;30,6;29,1;25,8;24,7;78;74;78;88;5,2;2,6;
2020/03/07;2000 UTC;0;1003,4;1003,4;1003,2;461,9;28,8;24,4;30;28,8;25,8;24,3;81;76;77;92;4,5;2,2;
2020/03/07;2100 UTC;0;1003,9;1003,9;1003,4;54,3;28,7;24,6;28,9;28,4;24,7;24,4;80;77;79;117;4,1;2;
2020/03/07;2200 UTC;0;1004,6;1004,6;1003,9;;28,5;24,9;28,7;28,2;24,9;24,4;81;79;81;114;4,3;2;
2020/03/07;2300 UTC;0;1005,4;1005,4;1004,6;;28,3;25;28,5;28,2;25;24,8;82;81;82;109;4;2,1;
2020/03/08;0000 UTC;0;1006,1;1006,1;1005,4;;28,4;24,4;28,5;28,2;25,1;24,4;83;78;79;118;3,9;2,2;
2020/03/08;0100 UTC;0;1006,3;1006,4;1006,1;;28,3;25;28,5;28,1;25;24,5;82;79;82;126;3,4;1,9;
2020/03/08;0200 UTC;0;1006;1006,3;1006;;28,3;25,1;28,5;28,2;25,2;24,9;83;82;83;134;5,3;1,8;
2020/03/08;0300 UTC;0;1005,2;1006,1;1005,2;;28;25;28,3;28;25,1;24,8;83;82;83;152;4,5;2,3;
2020/03/08;0400 UTC;0;1004,7;1005,2;1004,7;;27,1;24,8;28,1;27,1;25;24,5;87;83;87;224;4,4;1,2;
2020/03/08;0500 UTC;0;1004,3;1004,7;1004,3;;26,5;24,7;27,1;26,5;24,9;24,7;90;87;90;230;3;1,3;
2020/03/08;0600 UTC;0;1004;1004,3;1004;;26,3;24,8;26,6;26,3;24,9;24,7;91;90;91;229;3,5;1,5;
2020/03/08;0700 UTC;0;1003,7;1004;1003,7;;25,8;24,5;26,3;25,8;24,8;24,5;93;91;93;215;2,8;1,3;
2020/03/08;0800 UTC;0;1004,3;1004,3;1003,7;;26;24,6;26,1;25,8;24,7;24,5;93;92;92;199;2,8;1,2;
2020/03/08;0900 UTC;,2;1004,8;1004,8;1004,3;25,2;26;24,6;26,1;25,9;24,7;24,5;92;92;92;185;3,3;1,5;
2020/03/08;1000 UTC;0;1005,7;1005,7;1004,8;455,1;27,3;25;27,4;26;25,3;24,6;92;87;87;187;3;1;
2020/03/08;1100 UTC;0;1006,1;1006,1;1005,7;1067,9;28,3;25,4;28,4;27,3;25,6;24,5;88;82;84;176;4,2;2,3;
2020/03/08;1200 UTC;0;1006,2;1006,2;1006;2738,3;30,5;24;30,6;28,4;25,3;23,7;84;68;69;130;7,4;4,3;
2020/03/08;1300 UTC;0;1006,4;1006,5;1006,2;3268,3;30,6;24;30,8;29,9;24,7;23,7;71;68;68;129;9,3;4,9;
2020/03/08;1400 UTC;0;1006,2;1006,4;1006,2;3555,3;30,1;23,4;31;30,1;24,5;23,3;71;65;67;128;9,3;5;
2020/03/08;1500 UTC;0;1005,6;1006,2;1005,6;3650,8;30,5;24;31,3;30,1;24,7;23,2;70;65;68;126;8,7;4,4;
2020/03/08;1600 UTC;0;1004,7;1005,6;1004,7;3560,9;31,1;23,9;31,1;30;24,2;23,3;69;66;66;119;8,7;4,6;
2020/03/08;1700 UTC;0;1004,1;1004,7;1004,1;3201,1;30,3;22,6;31,2;30;24,1;22,5;68;63;64;115;8,2;4,3;
2020/03/08;1800 UTC;0;1003,4;1004,1;1003,4;2610,1;30,1;23,3;31,3;29,8;24;22,5;70;62;67;113;8,4;4,5;
2020/03/08;1900 UTC;0;1003,3;1003,4;1003,2;1798,3;29,8;24,4;30,6;29,4;24,5;22,9;74;66;73;121;8,4;4,3;
2020/03/08;2000 UTC;0;1003,5;1003,5;1003,2;863,5;29;24,2;29,8;29;24,7;23,5;75;70;75;122;8,6;4,4;
2020/03/08;2100 UTC;0;1004;1004;1003,4;110,8;28,5;23,6;29;28,5;24,3;23,3;76;73;75;128;8,6;4,4;
2020/03/08;2200 UTC;0;1004,8;1004,8;1004;;28,4;23,2;28,5;28,4;23,9;22,5;76;70;74;120;7,8;3;
2020/03/08;2300 UTC;0;1005,7;1005,7;1004,8;;28,2;23,8;28,4;28,2;23,8;23,3;77;74;77;124;6,2;3;
2020/03/09;0000 UTC;0;1006,1;1006,1;1005,7;;28,1;23,7;28,2;28;24,2;23,7;80;77;77;121;6,1;2,9;
2020/03/09;0100 UTC;0;1006,4;1006,4;1006,2;;28;23,6;28,1;28;23,9;23,5;78;76;77;122;7,1;3,2;
2020/03/09;0200 UTC;0;1006;1006,4;1006;;28;23,8;28,1;27,9;24,1;23,3;79;75;78;125;6,9;3,3;
2020/03/09;0300 UTC;0;1005,6;1006;1005,6;;27,9;23,2;28;27,8;23,7;23,2;78;76;76;132;6,1;2,8;
2020/03/09;0400 UTC;0;1005,1;1005,6;1005,1;;27,7;23,2;27,9;27,6;23,5;23,2;78;76;77;142;6;2,9;
2020/03/09;0500 UTC;0;1004,8;1005,1;1004,8;;27,5;23,7;27,7;27,4;23,8;23,2;81;77;80;149;5,3;2,1;
2020/03/09;0600 UTC;0;1004,7;1004,8;1004,6;;25,4;23,2;27,5;25,4;23,7;23,1;88;80;88;230;4;2,7;
2020/03/09;0700 UTC;0;1004,9;1004,9;1004,6;;24,7;23,1;25,4;24,7;23,3;23,1;91;88;91;234;3,9;1,2;
2020/03/09;0800 UTC;0;1005,1;1005,1;1004,9;;25;23,6;25;24,6;23,6;23,1;92;91;92;190;2,8;1,2;
2020/03/09;0900 UTC;0;1005,6;1005,6;1005,1;32,9;25,1;23,5;25,1;24,9;23,6;23,3;92;91;91;202;3,5;1,6;
2020/03/09;1000 UTC;0;1006,3;1006,3;1005,6;682,9;26,7;23,7;26,7;25,1;23,9;23,5;91;83;84;194;3,7;2,2;
2020/03/09;1100 UTC;0;1007,1;1007,1;1006,3;1671,3;29,1;24,6;29,1;26,7;24,6;23,5;84;76;76;166;4,7;2;
2020/03/09;1200 UTC;0;1007,3;1007,3;1007;2588,3;29,8;23,4;30,3;29;24,7;23,3;76;68;69;129;7,1;3,9;
2020/03/09;1300 UTC;0;1007,3;1007,5;1007,3;3074;30,7;24,2;30,8;29,3;24,4;23,3;73;66;69;116;7,4;3,7;
2020/03/09;1400 UTC;0;1006,9;1007,4;1006,9;2848,4;31;24,4;31,2;29,7;24,9;23,2;72;66;68;114;7,2;3,8;
2020/03/09;1500 UTC;0;1006,3;1006,9;1006,3;3255;30,4;24;31,1;29,9;24,9;23,8;72;67;69;105;7,4;3,7;
2020/03/09;1600 UTC;0;1005,5;1006,3;1005,4;3412,8;31;24;31,1;29,6;25,2;23,3;73;65;67;109;7,8;3,6;
2020/03/09;1700 UTC;0;1004,6;1005,5;1004,6;3168,3;30,1;23,9;31,1;29,7;24,5;22,4;71;63;69;105;7;4,2;
2020/03/09;1800 UTC;0;1004;1004,6;1004;2537,1;29,9;23,4;31;29,8;24,3;21,8;70;60;68;100;7,2;3,6;
2020/03/09;1900 UTC;0;1003,8;1004;1003,7;1749,2;29,2;23,6;30,5;29,1;23,8;22,8;72;66;72;134;6,9;3,5;
2020/03/09;2000 UTC;0;1003,6;1003,8;1003,6;803,3;28,9;24,8;29,8;28,8;24,8;23,5;79;70;79;118;6,7;4;
2020/03/09;2100 UTC;0;1004,6;1004,6;1003,6;109,2;28,5;24,2;29,1;28,5;25,1;24,2;80;78;78;121;6,7;3,3;
2020/03/09;2200 UTC;0;1005,2;1005,2;1004,6;;28,2;24,5;28,5;28,2;24,7;24,2;81;78;80;123;6;2,9;
2020/03/09;2300 UTC;0;1006,2;1006,2;1005,2;;28,1;24,1;28,3;28,1;24,5;24,1;81;79;79;107;5,2;2,3;
2020/03/10;0000 UTC;0;1006,9;1006,9;1006,2;;28,2;23,9;28,3;28,1;24,2;23,8;79;77;77;109;4,9;2,6;
2020/03/10;0100 UTC;0;1007,5;1007,5;1006,9;;28,4;24,3;28,4;28,1;24,3;23,8;79;77;78;115;5,6;2,9;
2020/03/10;0200 UTC;0;1007,3;1007,5;1007,3;;28,1;23,9;28,4;28,1;24,4;23,9;80;78;78;114;5,9;2;
2020/03/10;0300 UTC;0;1006,6;1007,3;1006,6;;28;23,4;28,3;27,9;24;23,2;78;75;76;123;4,6;2;
2020/03/10;0400 UTC;0;1006,1;1006,6;1006,1;;27,1;23,1;28;27,1;23,4;23,1;78;75;78;169;3,9;1,5;
2020/03/10;0500 UTC;0;1005,8;1006,1;1005,7;;25,8;23,6;27,1;25,8;23,9;23,1;88;79;88;218;3,3;1,8;
2020/03/10;0600 UTC;0;1005,4;1005,8;1005,3;;25,2;23,3;25,8;25,2;23,6;23,3;89;88;89;206;3,8;1,5;
2020/03/10;0700 UTC;0;1005,2;1005,4;1005,2;;24,9;23,3;25,2;24,9;23,4;23,3;91;89;91;209;3,3;1,5;
2020/03/10;0800 UTC;0;1005,5;1005,5;1005,2;;24,6;22,9;25;24,6;23,3;22,9;91;90;90;212;3,5;1,5;
2020/03/10;0900 UTC;0;1006,1;1006,2;1005,5;37,2;24,8;23,2;24,8;24,5;23,2;22,9;91;90;90;208;2,8;1,5;
2020/03/10;1000 UTC;0;1006,7;1006,7;1006,1;649,9;26,7;23,5;26,7;24,8;23,5;23;90;83;83;202;3,9;1,9;
2020/03/10;1100 UTC;0;1007,1;1007,1;1006,6;1620;29;24,2;29;26,7;24,4;23,2;83;75;75;174;4,6;1,7;
2020/03/10;1200 UTC;0;1007,3;1007,4;1007,1;2509,8;29,9;23,1;30,5;28,4;24,5;22,5;76;66;67;122;5;2,6;
2020/03/10;1300 UTC;0;1007,4;1007,4;1007,3;3019,3;30,6;23,6;31;29,6;24,2;22,3;70;63;66;117;5,9;2,4;
2020/03/10;1400 UTC;0;1007,1;1007,4;1007,1;3166,2;30,7;24;31,1;29,8;24,7;23;72;64;67;83;6,1;2,1;
2020/03/10;1500 UTC;0;1006,5;1007,1;1006,5;3204;29,9;23,4;31;29,7;24,7;21,9;71;62;68;99;5,7;3,2;
2020/03/10;1600 UTC;0;1005,5;1006,5;1005,5;3168,9;30,5;24,8;31,2;29,8;24,8;23,5;72;65;71;97;6,6;3,4;
2020/03/10;1700 UTC;0;1004,7;1005,5;1004,7;3173,5;30;24,4;31,1;29,9;25,3;23,9;72;68;72;94;7,2;3,7;
2020/03/10;1800 UTC;0;1004,3;1004,7;1004,3;2309,3;29,8;24,7;31,2;29,6;25,4;23,9;75;68;74;87;6,8;2,6;
2020/03/10;1900 UTC;0;1004,1;1004,3;1004;1673,2;29,8;23,1;30,6;29,7;25;22,8;75;65;67;72;6,9;3,4;
2020/03/10;2000 UTC;0;1004,3;1004,3;1004;585;28,8;23,6;30,1;28,8;23,8;23,1;74;67;74;86;6,2;2,1;
2020/03/10;2100 UTC;0;1004,8;1004,9;1004,3;73,6;28,2;23,7;28,8;28,2;23,7;23,4;77;74;77;89;6;2,2;
2020/03/10;2200 UTC;0;1005,4;1005,4;1004,8;;28,2;24;28,5;28,2;24,1;23,7;78;76;78;92;4,6;2,5;
2020/03/10;2300 UTC;0;1006;1006;1005,4;;28,3;23,8;28,4;28,2;24,1;23,7;78;76;77;89;5,7;3;
2020/03/11;0000 UTC;0;1006,5;1006,5;1006;;28,4;24;28,4;28;24,2;23,7;78;77;77;96;6,3;2,8;
2020/03/11;0100 UTC;0;1006,9;1006,9;1006,5;;28,3;24;28,5;28,2;24;23,7;78;76;77;98;5,6;2,3;
2020/03/11;0200 UTC;0;1006,5;1006,9;1006,5;;28;24;28,3;28;24;23,8;79;77;79;98;4,3;1,9;
2020/03/11;0300 UTC;0;1006,1;1006,6;1006,1;;28,1;23,6;28,3;28;24,2;23,5;80;76;76;110;4,2;2,1;
2020/03/11;0400 UTC;0;1005,5;1006,1;1005,5;;27,6;23,6;28,1;27,6;23,7;23,5;79;76;79;106;4,1;1,3;
2020/03/11;0500 UTC;0;1004,9;1005,5;1004,9;;27;23,4;27,7;27;23,7;23,3;81;79;81;74;2,3;,8;
2020/03/11;0600 UTC;0;1004,3;1004,9;1004,3;;26,3;23,8;27,1;26,3;24;23,3;86;81;86;286;2,7;1,2;
2020/03/11;0700 UTC;1,8;1004,2;1004,3;1004,1;;25,3;23,6;26,3;25,3;23,8;23,3;90;86;90;282;3;1,2;
2020/03/11;0800 UTC;0;1004,5;1004,5;1004,1;;25,5;24,2;25,6;25,3;24,2;23,6;92;90;92;253;2,2;,5;
2020/03/11;0900 UTC;0;1004,9;1004,9;1004,5;23,4;25,2;24;25,5;25;24,2;23,8;93;92;93;212;3,5;1,3;
2020/03/11;1000 UTC;0;1005,5;1005,5;1004,9;659,6;27,1;24,7;27,1;25,2;24,8;24,1;93;86;86;215;3,2;1,5;
2020/03/11;1100 UTC;0;1006,1;1006,1;1005,5;1631,8;28,9;24,7;28,9;27,2;24,9;24,1;87;77;78;219;3,8;1,5;
2020/03/11;1200 UTC;0;1006,3;1006,3;1006,1;2473,6;30,4;24;30,7;28,9;24,9;22,4;78;64;69;88;4,4;2,2;
2020/03/11;1300 UTC;0;1006,3;1006,4;1006,2;3013,1;30,5;24,9;30,8;29,7;24,9;23,1;74;66;72;104;6,3;3,7;
2020/03/11;1400 UTC;0;1005,8;1006,3;1005,8;3306,4;29,9;24,7;30,8;29,5;25,7;23,7;76;68;73;90;7,6;3,9;
2020/03/11;1500 UTC;,4;1005,2;1005,9;1005,2;2394;29,5;25,2;30,4;27,5;26,1;24,1;87;72;78;112;7,6;3,5;
2020/03/11;1600 UTC;0;1004,2;1005,2;1004,2;3443,3;30,5;25,3;30,5;29,4;25,4;23,6;78;70;74;102;6,6;3,3;
2020/03/11;1700 UTC;0;1003,5;1004,2;1003,5;3107,1;30,7;24,8;31,1;30;25,4;23,9;74;68;71;94;7,8;3,6;
2020/03/11;1800 UTC;0;1003,2;1003,5;1003,1;2398,5;30;24,3;30,7;29,7;25;23,4;73;68;72;112;6,9;3,5;
2020/03/11;1900 UTC;0;1003,1;1003,2;1003;1716,3;29,9;24,5;30,6;29,8;25;23,9;73;69;73;93;6,7;2,4;
2020/03/11;2000 UTC;0;1003,3;1003,3;1003;610,8;28,8;24,3;30,1;28,7;24,7;24;77;72;77;98;7;2,8;
2020/03/11;2100 UTC;0;1003,9;1003,9;1003,3;43,3;28,2;23,9;28,8;28,2;24,2;23,7;78;76;77;88;6;2,4;
2020/03/11;2200 UTC;0;1004,3;1004,3;1003,9;;28,3;23,9;28,5;28,2;24;23,6;77;75;77;98;5,2;2,6;
2020/03/11;2300 UTC;0;1004,8;1004,8;1004,3;;28,5;24;28,6;28,2;24,1;23,8;78;76;77;107;5;1,9;
2020/03/12;0000 UTC;0;1005,7;1005,7;1004,8;;28,3;23,9;28,5;28,2;24,2;23,8;78;76;77;104;5,3;2,3;
2020/03/12;0100 UTC;0;1006,2;1006,2;1005,7;;28,3;23,8;28,5;28,2;23,8;23,5;77;75;77;129;5,3;2,8;
2020/03/12;0200 UTC;,2;1005,8;1006,2;1005,8;;27,5;25;28,3;26,3;25,1;23,3;88;77;86;117;6,3;2;
2020/03/12;0300 UTC;0;1005,2;1005,8;1005,2;;27,7;24,3;27,9;27,5;25;24,3;86;81;82;116;5,5;2,3;
2020/03/12;0400 UTC;0;1004,7;1005,3;1004,7;;27,5;23,9;27,8;27,5;24,6;23,8;83;79;81;118;5,7;2;
2020/03/12;0500 UTC;0;1004,5;1004,7;1004,3;;25,8;23,2;27,7;25,8;24,1;22,9;85;80;85;159;9;4,3;
2020/03/12;0600 UTC;1;1004;1004,5;1003,9;;25,1;23,8;25,8;25,1;24,1;23,3;93;85;92;168;9;3;
2020/03/12;0700 UTC;0;1004;1004,1;1003,9;;25,2;24;25,2;24,6;24;23,3;93;92;93;157;4,8;1,5;
2020/03/12;0800 UTC;0;1004,1;1004,3;1003,9;;25,4;24,3;25,5;25,2;24,3;23,9;94;92;94;191;5,3;1,7;
2020/03/12;0900 UTC;6;1004,2;1004,4;1004,1;6,6;25,2;24,4;25,6;25,1;24,5;24,1;95;93;95;221;3,3;,6;
2020/03/12;1000 UTC;,2;1005;1005;1004,2;257;26,4;25,2;26,5;25,2;25,4;24,4;96;93;93;75;3,1;1,6;
2020/03/12;1100 UTC;16;1006;1006,1;1005;146,9;24,9;24,3;26,5;23,8;25,4;22,6;96;91;96;194;8,6;2,3;
2020/03/12;1200 UTC;20,4;1006,9;1007;1005,9;245;23,7;23,3;25;23,7;24,4;23,2;97;96;97;141;7,7;3,6;
2020/03/12;1300 UTC;3,8;1006,7;1006,9;1006,6;143,3;24,9;24,2;24,9;23,7;24,4;23,3;98;96;96;120;6,8;3,7;
2020/03/12;1400 UTC;,4;1006,5;1006,7;1006,5;339,1;25,4;24,3;25,5;24,8;24,4;23,8;96;93;94;107;6,6;2,5;
2020/03/12;1500 UTC;0;1005,4;1006,5;1005,4;476,1;25,7;23,8;25,7;25,1;24,3;23,8;94;90;90;123;5,7;2,2;
2020/03/12;1600 UTC;0;1004,9;1005,6;1004,9;333,1;25,8;24;26;25,7;24,2;23,6;90;88;90;101;4,1;2;
2020/03/12;1700 UTC;0;1004,3;1004,9;1004,3;767,9;26,5;24,2;26,5;25,8;24,6;23,9;92;86;87;129;6,4;3,1;
2020/03/12;1800 UTC;0;1003,8;1004,3;1003,8;721,7;26,9;23,8;27;26,5;24,2;23,8;87;83;83;132;5,9;2,5;
2020/03/12;1900 UTC;0;1003,5;1003,8;1003,5;613,5;27;24,7;27,1;26,8;24,7;23,6;87;82;87;141;4,8;2,7;
2020/03/12;2000 UTC;1,6;1004,3;1004,3;1003,4;208;25,3;24,1;27,1;25;24,7;23,4;93;83;93;133;5,7;2;
2020/03/12;2100 UTC;,8;1004,6;1004,7;1004,3;5,7;24,1;23;25,5;24,1;24,4;22,8;94;92;93;54;9;,4;
2020/03/12;2200 UTC;0;1004,9;1005,2;1004,6;;24,8;23,7;25;24,1;23,7;22,9;94;92;93;101;6,1;2,3;
2020/03/12;2300 UTC;0;1005,9;1005,9;1004,8;;26,1;24,2;26,1;24,8;24,3;23,7;93;89;89;113;4,4;2,2;
2020/03/13;0000 UTC;0;1006,3;1006,3;1005,8;;26,5;24,2;26,6;26,1;24,2;23,8;89;87;87;113;5,6;1,9;
2020/03/13;0100 UTC;0;1006,8;1006,8;1006,3;;26;24;26,8;26;24,5;23,9;89;86;89;46;6,7;2;
2020/03/13;0200 UTC;0;1006,6;1006,8;1006,6;;26,7;24,3;26,7;25,9;24,8;23,6;90;86;87;80;6,6;2,4;
2020/03/13;0300 UTC;10;1005,9;1006,7;1005,9;;24,6;23,7;26,7;24,6;24,3;23,6;95;87;95;59;8,8;3,6;
2020/03/13;0400 UTC;5,4;1005,5;1005,9;1005,2;;24,4;23,8;24,9;24,3;24,1;23,4;96;94;96;134;8,8;1,8;
2020/03/13;0500 UTC;16,8;1005,9;1005,9;1005,2;,6;23,6;23,2;24,5;23,6;23,9;23,1;98;96;98;186;10,7;5,6;
2020/03/13;0600 UTC;41,2;1005,2;1005,9;1005,2;,5;23,2;22,9;23,7;23,2;23,5;22,9;99;98;99;194;10,7;4,6;
2020/03/13;0700 UTC;7;1005,7;1005,8;1005,2;,2;23,5;23,2;23,5;23,1;23,3;22,9;99;98;98;178;8,4;1,6;
2020/03/13;0800 UTC;11,4;1006,1;1006,2;1005,7;,3;23,4;23,1;23,6;23,4;23,3;23,1;99;98;98;125;8,1;3,4;
2020/03/13;0900 UTC;9,6;1006,8;1006,8;1006,1;1;23,5;23,2;23,5;23,2;23,2;23;99;98;98;156;8;2,4;
2020/03/13;1000 UTC;5,8;1007,6;1007,6;1006,8;9,8;23,6;23,2;23,6;23,4;23,3;23;98;97;97;118;4,8;,9;
2020/03/13;1100 UTC;4,6;1008,2;1008,2;1007,6;40,7;23,6;23,1;23,9;23,6;23,5;23;98;96;97;111;4,5;1,3;
2020/03/13;1200 UTC;1,4;1008,3;1008,5;1008,2;162,3;23,9;23,2;23,9;23,5;23,2;22,8;97;96;96;304;3,5;1;
2020/03/13;1300 UTC;0;1007,9;1008,5;1007,9;444,5;24,4;23,6;24,4;23,9;23,6;23,2;96;95;96;291;3;1,6;
2020/03/13;1400 UTC;0;1007,2;1007,9;1007,2;778,7;25,1;23,9;25,1;24,3;23,9;23,5;96;93;93;270;3,9;1,7;
2020/03/13;1500 UTC;0;1006,5;1007,2;1006,4;1143,8;26,1;23,2;26,3;24,8;23,9;23,2;93;84;84;248;4,1;1,4;
2020/03/13;1600 UTC;0;1005,6;1006,5;1005,6;1613,2;27;23,7;27;25,9;23,9;23;86;80;82;166;5,7;2,4;
2020/03/13;1700 UTC;0;1004,9;1005,6;1004,9;1115,4;27,4;23,3;27,4;26,7;23,8;22,9;82;77;78;148;4,7;1,7;
2020/03/13;1800 UTC;0;1004,6;1004,9;1004,6;1038,6;27,7;23,1;28;27,4;23,8;22,9;79;75;76;321;3,1;1;
2020/03/13;1900 UTC;0;1004,9;1004,9;1004,6;841,2;28,3;22,8;28,6;27,7;23,9;22,6;77;72;72;210;2,3;1;
2020/03/13;2000 UTC;,2;1005,2;1005,2;1004,9;418;27;23,8;28,4;27;23,9;22,5;83;72;83;90;2,8;1,3;
2020/03/13;2100 UTC;0;1005,3;1005,3;1005,2;38,8;26,9;23,5;27;26,8;23,9;23,5;84;81;82;158;2,6;1,4;
2020/03/13;2200 UTC;0;1006;1006;1005,3;;26,1;23,2;26,9;25,8;23,7;23,2;87;82;84;167;2,5;,9;
2020/03/13;2300 UTC;0;1006,9;1006,9;1006;;25,6;22,9;26,2;25,3;23,2;22,7;86;83;85;111;1,3;,4;
2020/03/14;0000 UTC;0;1007,3;1007,3;1006,9;;25,8;23,7;25,9;25,5;23,7;22,8;88;85;88;156;2;,5;
2020/03/14;0100 UTC;0;1007,8;1007,8;1007,3;;26,4;24;26,4;25,7;24,1;23,7;89;87;87;143;1,9;,6;
2020/03/14;0200 UTC;9;1007,4;1007,9;1007,4;;24,9;24;26,4;24,8;24,1;23,5;95;87;95;300;5;,7;
2020/03/14;0300 UTC;,4;1007,1;1007,4;1007,1;;25;24,3;25,2;24,7;24,5;23,9;96;95;96;195;4,3;2,2;
2020/03/14;0400 UTC;11,8;1006,9;1007,1;1006,9;1;23,9;23,5;25;23,9;24,2;23,5;97;95;97;187;7,6;2,7;
2020/03/14;0500 UTC;1,4;1006,4;1006,9;1006,4;,4;23,5;22,7;24,1;23,5;23,7;22,7;98;95;96;169;7,1;3,1;
2020/03/14;0600 UTC;3,6;1005,7;1006,4;1005,7;;24,1;23,6;24,1;23,5;23,6;22,8;97;96;97;166;6,8;2,3;
2020/03/14;0700 UTC;3,2;1006;1006;1005,6;;24,5;23,9;24,5;24,1;23,9;23,5;97;96;97;163;4,6;2,3;
2020/03/14;0800 UTC;2,2;1006,4;1006,4;1006;;24,8;23,9;24,8;24,4;24,1;23,7;97;94;95;135;5,6;2,7;
2020/03/14;0900 UTC;,8;1006,6;1006,6;1006,4;10,1;24,5;23,6;24,9;24,4;24;23,5;95;94;95;162;6,1;2,3;
2020/03/14;1000 UTC;0;1007,5;1007,5;1006,6;234,9;25,5;24,3;25,5;24,5;24,4;23,5;95;93;93;136;5,3;2,9;
2020/03/14;1100 UTC;,4;1007,9;1007,9;1007,5;908,9;25,4;24,2;25,5;25;24,3;23,7;94;92;93;151;7,3;4,3;
2020/03/14;1200 UTC;0;1008,1;1008,1;1007,9;2466,7;27,2;24,1;27,7;25,3;24,8;23,3;93;78;83;163;9,6;5,1;
2020/03/14;1300 UTC;0;1007,9;1008,1;1007,8;2659,3;28,4;23,4;28,7;27,2;24,7;23;85;74;74;151;9,5;5;
2020/03/14;1400 UTC;0;1007,8;1007,9;1007,8;3081,8;28,9;22,9;29,5;28,4;23,6;22,2;74;67;70;140;8,9;5,4;
2020/03/14;1500 UTC;0;1007,1;1007,8;1007,1;2961,8;29;24;29,8;28,4;24;22,8;75;68;75;132;8,3;4,6;
2020/03/14;1600 UTC;0;1005,8;1007,1;1005,8;2717,2;29,5;23,4;29,8;28,6;24,3;23,1;76;69;70;136;7,1;3,7;
2020/03/14;1700 UTC;0;1004,9;1005,8;1004,9;2879,9;29,3;23,3;29,8;28,6;24,5;23,1;75;68;70;143;8,9;4,7;
2020/03/14;1800 UTC;0;1005;1005;1004,8;2217,4;28,6;23,7;29,7;28,6;24,1;23,3;76;69;75;137;8,3;4,8;
2020/03/14;1900 UTC;0;1004,7;1005;1004,6;1617,6;29,1;23,5;29,5;28,4;24,4;22,9;76;70;72;128;7,9;3,7;
2020/03/14;2000 UTC;0;1004,8;1004,9;1004,7;584,2;28,1;23,5;29,1;28,1;24,1;23,4;78;72;76;135;8;4,2;
2020/03/14;2100 UTC;0;1005,5;1005,5;1004,8;65,6;27,5;23,9;28,1;27,5;24;23,5;81;76;81;132;7,1;3,1;
2020/03/14;2200 UTC;0;1006,1;1006,1;1005,5;;27,5;23,8;27,6;27,5;24,2;23,8;82;80;80;138;7,4;3,7;
2020/03/14;2300 UTC;0;1006,8;1006,8;1006,1;;27,6;23,5;27,7;27,4;23,9;23,5;81;78;78;140;7,4;3,8;
2020/03/15;0000 UTC;0;1007;1007;1006,7;;27,6;24;27,8;27,5;24,1;23,5;82;78;81;135;7,4;3,5;
2020/03/15;0100 UTC;0;1007,1;1007,1;1007;;27,5;23,8;27,7;27,4;24;23,5;81;78;80;135;6,6;3,7;
2020/03/15;0200 UTC;0;1007;1007,2;1006,9;;27,4;23,6;27,6;27,4;23,8;23,4;80;78;80;140;7,5;2,6;
2020/03/15;0300 UTC;0;1006,2;1007;1006,2;;27,5;24;27,7;27,4;24,5;23,7;83;80;81;133;7;3,4;
2020/03/15;0400 UTC;0;1005,7;1006,2;1005,7;;27,5;24;27,7;27,5;24,4;23,9;82;81;82;120;6,6;2,8;
2020/03/15;0500 UTC;0;1005,3;1005,7;1005,3;;27,4;24,1;27,6;27,3;24,3;24;83;81;82;117;5,6;2,3;
2020/03/15;0600 UTC;,4;1005,1;1005,3;1005,1;;25,5;23,2;27,5;25,5;24,2;23,2;87;81;87;89;6,7;3,4;
2020/03/15;0700 UTC;0;1004,7;1005,1;1004,7;;25,6;23;25,6;25;24,1;23;92;85;85;177;6,7;2,4;
2020/03/15;0800 UTC;0;1005;1005;1004,7;;25,4;23,3;25,6;25,1;23,3;22,6;88;85;88;183;4;1,5;
2020/03/15;0900 UTC;0;1005,3;1005,3;1005;30,9;25,3;23,6;25,4;25,1;23,7;23,2;91;88;91;210;2,5;1,1;
2020/03/15;1000 UTC;0;1005,6;1005,6;1005,2;328,5;26;24;26,1;25,3;24,2;23,7;91;88;89;190;3,8;1,8;
2020/03/15;1100 UTC;,2;1006,3;1006,3;1005,6;1339,4;28,2;24,6;28,5;26;25;24,1;89;81;81;150;4,9;2,8;
2020/03/15;1200 UTC;0;1006,8;1006,8;1006,3;2387,8;29,4;23,9;29,7;28,1;25,4;23,9;82;72;72;139;7,3;4;
2020/03/15;1300 UTC;0;1006,5;1006,8;1006,5;2752,1;29,9;24,4;30,4;29;25,1;24;77;71;73;140;7,4;4,2;
2020/03/15;1400 UTC;0;1006,4;1006,6;1006,3;3289,8;29,8;23,8;30,5;29;25,3;23,8;78;70;70;130;8,3;4,5;
2020/03/15;1500 UTC;0;1005,7;1006,5;1005,7;1984,4;26,7;24;30,8;26,6;25,2;22,7;86;68;85;147;10;2;
2020/03/15;1600 UTC;0;1004,6;1005,7;1004,6;1326,5;29,1;25;29,4;26,7;25,2;23,7;86;77;79;141;3,9;2;
2020/03/15;1700 UTC;2,2;1004,4;1004,7;1004,3;2180,2;27;25,4;30,1;26,4;26;24;91;76;91;118;8,5;3,3;
2020/03/15;1800 UTC;0;1004,1;1004,4;1004;1608;28,6;24,2;28,6;27;25,4;23,1;91;74;77;139;8,6;3,5;
2020/03/15;1900 UTC;0;1003,9;1004,1;1003,8;1090,6;28,2;23,6;28,8;28,1;24,9;23,3;80;75;76;121;6,4;2,9;
2020/03/15;2000 UTC;0;1004,4;1004,4;1003,8;350,9;27,9;25;28,3;27,9;25;23,5;84;76;84;136;5,3;3,1;
2020/03/15;2100 UTC;0;1004,8;1004,8;1004,4;57,1;27,1;24,3;27,9;27,1;25,3;23,5;86;80;84;139;6,8;2,7;
2020/03/15;2200 UTC;0;1005,2;1005,2;1004,6;;27,4;24,2;27,6;27,1;24,7;24,2;85;82;83;128;5,1;2,4;
2020/03/15;2300 UTC;0;1005,8;1005,9;1005,2;;27,4;24,5;27,5;27,3;24,5;24,2;85;83;84;129;4,6;2,4;
2020/03/16;0000 UTC;,8;1006,3;1006,3;1005,8;;26,2;24,5;27,5;25,6;24,5;23,5;92;83;90;120;6,6;1,7;
2020/03/16;0100 UTC;0;1006,8;1006,8;1006,3;;25,8;24,4;26,1;25,7;24,5;24,1;92;90;92;234;1,8;,9;
2020/03/16;0200 UTC;0;1006,3;1007;1006,3;;25,3;23,8;26,2;25,3;24,8;23,6;92;89;91;226;5,5;1,5;
2020/03/16;0300 UTC;5;1005,7;1006,3;1005,7;;25;24,3;25,4;24,8;24,3;23,6;96;91;96;199;5,5;3;
2020/03/16;0400 UTC;0;1005;1005,8;1005;,9;23,9;23;25;23,8;23,9;22,9;96;94;95;204;5,5;1,3;
2020/03/16;0500 UTC;0;1005;1005,1;1004,8;;23,9;23;24;23,7;23,1;22,7;95;94;94;238;3,3;1,1;
2020/03/16;0600 UTC;0;1004,5;1005;1004,5;;23,7;22,7;24,2;23,7;23,2;22,6;95;94;94;208;3,3;1,3;
2020/03/16;0700 UTC;0;1004,7;1004,8;1004,5;;23,8;22,8;23,8;23,6;22,8;22,7;94;94;94;207;3;1,4;
2020/03/16;0800 UTC;0;1005,1;1005,1;1004,7;;23,9;22,8;23,9;23,8;22,8;22,7;94;94;94;202;2,6;,8;
2020/03/16;0900 UTC;1;1006,3;1006,3;1005,1;2,4;24;23,2;24,3;23,8;23,2;22,7;95;92;95;123;8,8;5,2;
2020/03/16;1000 UTC;,4;1007;1007;1006,3;49,7;24,3;23,2;24,4;24;23,6;23,1;96;93;94;157;8,8;1;
2020/03/16;1100 UTC;0;1007,8;1007,8;1007;205,3;25,3;23,9;25,4;24,2;24;23,1;94;92;92;149;3,6;1,4;
2020/03/16;1200 UTC;4;1007,7;1008,1;1007,6;447,8;25,4;24,4;25,4;24,2;24,5;23,1;95;92;94;237;6,5;,9;
2020/03/16;1300 UTC;0;1007,8;1008;1007,7;2190,2;27,5;23,5;27,9;25,4;25,5;22,9;94;76;79;139;6,1;2,9;
2020/03/16;1400 UTC;0;1007,1;1007,8;1007,1;2216,8;28,6;24,1;28,6;27;24,7;23,3;85;76;77;195;6,1;1,5;
2020/03/16;1500 UTC;0;1006,4;1007,1;1006,4;3134;30,2;23,9;30,5;28,5;24,6;23,3;77;68;69;118;6,1;3;
2020/03/16;1600 UTC;0;1005,6;1006,5;1005,6;2922,7;29,7;23;30,6;29,2;24,6;22,6;72;66;67;121;6;3,2;
2020/03/16;1700 UTC;0;1004,7;1005,6;1004,7;2884;28,9;24,1;30,8;28,9;24,6;23,1;75;66;75;122;6,8;4;
2020/03/16;1800 UTC;0;1004,4;1004,7;1004,3;2592,5;29,3;24,5;29,5;28,6;24,8;23,8;78;73;75;126;7;3,9;
2020/03/16;1900 UTC;0;1004,8;1004,8;1004,3;1398,7;28,9;24,5;29,6;28,5;25;23,9;79;74;77;126;6,3;3,6;
2020/03/16;2000 UTC;0;1005,2;1005,2;1004,8;862,2;27,8;24,5;29,2;27,8;25;24,1;82;77;82;101;6,3;2,5;
2020/03/16;2100 UTC;0;1006;1006;1005,2;96,5;27,3;24,3;27,8;26,8;24,6;24;87;82;84;106;5,6;2,4;
2020/03/16;2200 UTC;,2;1006,7;1006,7;1006;;26,8;23,2;27,3;26,6;24,7;23,2;88;81;81;110;4,3;1,2;
2020/03/16;2300 UTC;0;1007,2;1007,2;1006,7;;27,4;24,8;27,4;26,8;24,8;23,2;86;81;86;110;4,3;2,3;
2020/03/17;0000 UTC;0;1007,8;1007,8;1007,2;;27,3;23,6;27,5;27,1;24,7;23,4;86;80;80;117;4,3;1,2;
2020/03/17;0100 UTC;0;1008,1;1008,1;1007,8;;27,2;24;27,3;27,2;24;23,6;82;80;82;113;2,2;1;
2020/03/17;0200 UTC;0;1007,8;1008,1;1007,8;;27,4;24,6;27,7;27,2;24,7;24;84;82;84;142;3;1;
2020/03/17;0300 UTC;0;1007,1;1007,8;1007,1;;27,4;24,7;27,5;27,2;25;24,6;87;84;85;121;2,6;1,4;
2020/03/17;0400 UTC;0;1006,5;1007,1;1006,5;;26,2;24,1;27,4;26,2;24,7;24,1;88;85;88;220;2,2;,7;
2020/03/17;0500 UTC;0;1006,3;1006,5;1006,3;;25,7;24,1;26,2;25,7;24,2;24;91;88;91;227;3,6;1,4;
2020/03/17;0600 UTC;0;1006,1;1006,3;1006;;25,3;24;25,7;25,3;24,1;24;93;91;93;230;2,6;1,3;
2020/03/17;0700 UTC;0;1006,1;1006,1;1006;;25;24;25,3;25;24,1;23,9;94;93;94;193;2,8;1,1;
2020/03/17;0800 UTC;0;1006,3;1006,3;1006,1;;24,9;24;25;24,9;24,1;23,9;95;94;94;214;2,8;1,5;
2020/03/17;0900 UTC;0;1007;1007;1006,3;37;25,1;24,2;25,1;24,8;24,2;23,9;95;94;94;213;3,2;1,3;
2020/03/17;1000 UTC;0;1007,3;1007,4;1006,9;683;27;24,4;27;25,1;24,9;24,2;94;86;86;219;3,2;1,5;
2020/03/17;1100 UTC;0;1008;1008;1007,4;1641,1;29,1;24,2;29,2;27;25,1;24,1;86;75;75;176;3,3;1,4;
2020/03/17;1200 UTC;0;1008,2;1008,2;1007,9;2388,6;29,9;23,6;30;28,6;25;23,1;78;67;69;129;5;3,1;
2020/03/17;1300 UTC;0;1008;1008,3;1008;3042,4;30,5;23,4;30,7;29,6;24,3;22,4;71;63;66;105;5,7;2,4;
2020/03/17;1400 UTC;0;1007,5;1008;1007,5;3355,3;30;23,9;31;29,6;25,4;22,5;76;63;70;112;6,1;3,5;
2020/03/17;1500 UTC;0;1006,8;1007,5;1006,8;3529,9;30,3;23,8;31,1;29,9;24,8;22,7;72;62;68;105;6,5;3,6;
2020/03/17;1600 UTC;0;1006;1006,8;1006;3442,9;30,2;23,7;30,9;29,9;24,3;22,5;70;62;68;117;6,6;3,7;
2020/03/17;1700 UTC;0;1005,2;1006;1005,2;3085,1;30,5;23,7;30,9;29,7;24,9;23,5;72;66;67;111;7,4;3,5;
2020/03/17;1800 UTC;0;1004,8;1005,2;1004,8;2491,4;30,2;22,8;30,9;29,8;24;22,5;69;63;65;110;7,1;3,5;
2020/03/17;1900 UTC;0;1004,9;1004,9;1004,7;1694,7;29,8;23,6;30,4;29,7;24,4;23;71;65;70;113;7,3;3,6;
2020/03/17;2000 UTC;0;1005,2;1005,2;1004,8;682,5;28,5;24,3;29,8;28,5;25,1;23,1;79;69;78;89;6,3;3,1;
2020/03/17;2100 UTC;0;1005,7;1005,8;1005,2;64;28,1;24,3;28,5;27,9;24,5;24,1;81;78;80;101;5,8;2,6;
2020/03/17;2200 UTC;0;1006,4;1006,4;1005,7;;27,9;23,8;28,2;27,9;24,4;23,6;80;78;78;90;5,5;2,3;
2020/03/17;2300 UTC;0;1007;1007;1006,4;;28;24,3;28;27,8;24,3;23,9;80;78;80;99;5,7;2,4;
2020/03/18;0000 UTC;0;1007,8;1007,8;1007;;28;24,1;28,1;27,9;24,4;24,1;81;79;80;92;5,6;2,3;
2020/03/18;0100 UTC;0;1008,2;1008,2;1007,8;;28;24,5;28,1;27,9;24,7;24,1;83;80;81;79;6,4;3,1;
2020/03/18;0200 UTC;0;1008,1;1008,4;1008,1;;27,8;24,7;28;27,8;24,7;24,4;83;81;83;71;6,4;2,2;
2020/03/18;0300 UTC;0;1007,2;1008,1;1007,2;;27,7;24,4;27,9;27,7;24,7;24,4;83;82;82;72;5,7;2,3;
2020/03/18;0400 UTC;0;1006,6;1007,2;1006,6;;27,7;24,3;28;27,6;24,6;24,1;82;81;81;90;4,8;2;
2020/03/18;0500 UTC;0;1005,9;1006,6;1005,9;;27,5;24,1;27,8;27,5;24,3;24;82;81;82;91;3,8;2;
2020/03/18;0600 UTC;0;1005,9;1005,9;1005,7;;27,5;23,9;27,7;27,4;24,2;23,9;82;81;81;97;4,1;2,2;
2020/03/18;0700 UTC;0;1006,1;1006,2;1005,8;;27,2;24,1;27,5;27,1;24,1;23,8;83;81;83;90;4;1,4;
2020/03/18;0800 UTC;0;1006,3;1006,3;1006;;26,6;24;27,3;26,6;24,1;23,8;86;82;86;185;2,8;,7;
2020/03/18;0900 UTC;0;1006,7;1006,8;1006,3;48,4;26,1;24,3;26,6;25,9;24,5;24,1;90;86;90;214;3,8;1,5;
2020/03/18;1000 UTC;0;1007,2;1007,2;1006,7;615,1;27,4;24,3;27,4;26;24,6;24;90;83;83;198;3,6;2,3;
2020/03/18;1100 UTC;0;1007,6;1007,6;1007,1;1262,8;29,4;24,6;29,4;27,3;24,8;23,9;84;75;75;123;4,1;2,1;
2020/03/18;1200 UTC;0;1007,7;1007,8;1007,6;2568;30,3;24,2;30,4;29,3;25;23,3;76;68;70;124;5,2;2,8;
2020/03/18;1300 UTC;0;1007,6;1007,7;1007,6;3089,1;30,3;24,5;30,7;29,7;24,8;23,4;73;67;71;115;6,4;3,2;
2020/03/18;1400 UTC;0;1007;1007,6;1007;3524,2;30,3;24,6;31,4;29,9;25,6;24;73;69;71;109;7,3;3,2;
2020/03/18;1500 UTC;0;1006,1;1007;1006,1;3414,5;30,5;23,7;31,1;29,8;25,3;23,5;72;67;67;104;6,5;3,3;
2020/03/18;1600 UTC;0;1005,1;1006,2;1005,1;3445;30,5;24,1;31,5;30,3;24,8;22,7;69;61;69;93;6,1;3;
2020/03/18;1700 UTC;0;1004,4;1005,1;1004,4;3087,7;30,8;24,2;31,1;30,1;25;23,4;71;65;68;86;8,1;3,5;
2020/03/18;1800 UTC;0;1003,7;1004,5;1003,7;2484,5;30,6;24,2;30,9;30;24,5;23,5;71;67;69;86;7,5;3,5;
2020/03/18;1900 UTC;0;1003,5;1003,7;1003,4;1685,2;29,8;24;30,8;29,8;24,9;23,8;73;67;71;92;7,5;3,2;
2020/03/18;2000 UTC;0;1003,8;1003,8;1003,4;668,4;28,9;23,8;29,8;28,9;24,5;23,8;75;71;74;89;6,8;3,4;
2020/03/18;2100 UTC;0;1004,5;1004,5;1003,8;68,7;28,3;24,4;28,9;28,2;24,4;23,9;80;74;80;90;5,6;2,2;
2020/03/18;2200 UTC;0;1005,2;1005,2;1004,5;;28,4;24,3;28,4;28,2;24,5;24,2;80;78;79;89;5,6;2,9;
2020/03/18;2300 UTC;0;1006,1;1006,1;1005,2;;28,5;24,5;28,6;28,3;24,5;24,2;79;78;79;101;6,4;3,1;
2020/03/19;0000 UTC;0;1006,6;1006,6;1006,1;;28,5;24,5;28,5;28,3;24,5;24,3;80;78;79;111;6,7;2,8;
2020/03/19;0100 UTC;0;1007,3;1007,3;1006,6;;28,5;24,4;28,6;28,3;24,6;24,3;79;78;79;109;5,7;2,7;
2020/03/19;0200 UTC;0;1006,8;1007,3;1006,8;;28,1;24;28,5;28;24,4;24;80;78;78;107;5,7;2,5;
2020/03/19;0300 UTC;0;1006,1;1006,8;1006,1;;27,9;24;28,1;27,8;24,2;23,9;80;78;80;113;5,1;1,8;
2020/03/19;0400 UTC;0;1005,5;1006,1;1005,5;;27,5;23,8;27,9;27,5;24;23,7;81;79;81;98;4,1;1,8;
2020/03/19;0500 UTC;0;1004,9;1005,5;1004,9;;27,6;23,8;27,8;27,4;24;23,8;81;80;80;110;2,9;1,7;
2020/03/19;0600 UTC;0;1004,9;1004,9;1004,7;;27,4;23,7;27,6;27,3;23,9;23,7;81;80;80;114;3,3;1,6;
2020/03/19;0700 UTC;0;1004,8;1004,9;1004,7;;27,2;23,6;27,6;27,2;23,9;23,6;82;80;81;109;3,3;1,3;
2020/03/19;0800 UTC;0;1004,4;1004,8;1004,4;;26,4;24,2;27,3;25,9;24,2;23,5;88;80;87;127;2,5;1;
2020/03/19;0900 UTC;0;1004,8;1004,8;1004,4;54,9;27,4;23,9;27,4;26,4;24,2;23,6;87;81;81;92;4,4;2,3;
2020/03/19;1000 UTC;0;1005,8;1005,8;1004,8;564,7;28,4;23,8;28,8;27,4;24,3;23,6;81;74;76;108;4,7;2,6;
2020/03/19;1100 UTC;0;1006,4;1006,4;1005,8;1657;29,7;24,1;30;28,4;24,7;23,7;77;71;72;93;6,6;3,2;
2020/03/19;1200 UTC;0;1006,9;1006,9;1006,4;2532,8;30,3;24,1;30,7;29,3;24,9;23,6;75;68;70;91;6,6;3,8;
2020/03/19;1300 UTC;0;1006,8;1006,9;1006,7;3121,8;30,3;23,8;31,4;29,9;25;23,3;72;66;68;103;6,9;3,4;
2020/03/19;1400 UTC;0;1006,5;1006,8;1006,5;3388,3;31,6;24,2;31,9;30;25,1;23;71;64;65;78;6,9;3,1;
2020/03/19;1500 UTC;0;1005,4;1006,6;1005,4;3244;30,9;24,2;31,6;29,8;25,1;23,1;72;64;68;89;7;3,7;
2020/03/19;1600 UTC;0;1004,7;1005,4;1004,6;3387;30,7;24;31,4;29,8;25;23,1;71;65;68;93;6,9;3,5;
2020/03/19;1700 UTC;0;1003,5;1004,7;1003,5;2905,3;30,7;24,4;31,3;29,8;24,9;23,3;71;66;69;109;7,1;3,5;
2020/03/19;1800 UTC;0;1003,1;1003,5;1003,1;2396;29,8;23,9;31;29,5;24,8;23,5;72;67;71;113;7,1;3,6;
2020/03/19;1900 UTC;0;1003;1003,1;1002,9;1448,1;29,6;24;30,3;29,3;24,5;23,5;73;68;72;107;6,7;3,4;
2020/03/19;2000 UTC;0;1003,3;1003,3;1003;585,1;29;23,7;29,6;28,9;24,2;23,6;75;72;74;113;6,4;2,9;
2020/03/19;2100 UTC;0;1003,9;1003,9;1003,3;82,7;28,4;23,7;29;28,4;23,9;23,4;76;73;76;111;5,6;3;
2020/03/19;2200 UTC;0;1004,6;1004,6;1003,9;;28,1;23,6;28,5;28,1;23,9;23,5;77;76;77;106;5,4;2,5;
2020/03/19;2300 UTC;0;1005;1005;1004,6;;28,2;23,5;28,4;28,1;23,6;23,3;77;74;75;104;6,5;3,4;
2020/03/20;0000 UTC;0;1005,4;1005,4;1005;;28,1;23,9;28,2;27,9;24;23,5;79;75;78;100;6,7;2,8;
2020/03/20;0100 UTC;0;1005,9;1005,9;1005,4;;27,9;23,7;28,2;27,9;24,2;23,6;80;76;78;90;6,3;2,5;
2020/03/20;0200 UTC;0;1005,6;1006;1005,6;;27,7;23,9;28,1;27,7;24;23,6;80;77;80;87;5,4;1,9;
2020/03/20;0300 UTC;0;1004,7;1005,6;1004,7;;27,7;23,9;27,9;27,6;24,1;23,7;80;78;80;88;5,2;1,7;
2020/03/20;0400 UTC;0;1004,1;1004,7;1004,1;;27,4;23,9;27,7;27,4;24,1;23,7;81;80;81;93;3,5;1,6;
2020/03/20;0500 UTC;0;1003,5;1004,1;1003,5;;27,5;24;27,6;27,3;24,1;23,9;82;81;81;107;3,6;1,3;
2020/03/20;0600 UTC;0;1003,4;1003,5;1003,4;;26,4;23,6;27,6;26,4;24,2;23,5;85;81;85;233;2,3;1,3;
2020/03/20;0700 UTC;0;1003,8;1003,8;1003,4;;25,5;23,5;26,4;25,4;23,6;23,2;89;85;88;249;3,5;1,4;
2020/03/20;0800 UTC;0;1004,1;1004,1;1003,7;;25,1;23,3;25,5;25,1;23,5;23,2;90;88;90;217;4;1,9;
2020/03/20;0900 UTC;0;1004,7;1004,7;1004;38,2;25,9;23,9;25,9;24,9;23,9;23,2;91;89;89;208;3,8;,9;
2020/03/20;1000 UTC;0;1005,6;1005,6;1004,7;318,2;26;23,7;26;25,5;23,9;23,2;89;87;87;197;3,9;1,4;
2020/03/20;1100 UTC;0;1006,2;1006,2;1005,6;999,2;28,8;24,2;28,8;26;24,5;23,7;87;76;76;169;2,8;1,6;
2020/03/20;1200 UTC;0;1006,8;1006,8;1006,2;2162,6;30,3;24,2;31;28,5;25,2;23,8;78;69;70;85;6,1;3;
2020/03/20;1300 UTC;0;1006,9;1007;1006,8;2730,5;30,4;24,3;30,9;29,8;24,9;23,9;73;67;70;84;7,3;3,5;
2020/03/20;1400 UTC;0;1006,4;1006,9;1006,4;3128;30,9;24,4;31,2;30;24,7;23,6;71;65;68;85;7,3;3;
2020/03/20;1500 UTC;0;1005,9;1006,4;1005,9;3383;31,2;24,1;31,5;30,3;25,1;23,8;71;66;66;82;6,8;3,5;
2020/03/20;1600 UTC;0;1004,9;1005,9;1004,9;3341,6;31,3;24,3;31,8;30,4;24,9;23,5;69;65;67;65;6,8;3,4;
2020/03/20;1700 UTC;0;1004;1004,9;1004;3087,3;31;24,3;31,6;30,2;25,3;23,6;72;65;67;66;8,7;3,8;
2020/03/20;1800 UTC;0;1003,8;1004;1003,7;2169,3;29,7;24,1;31,2;29,6;24,9;23,8;72;67;72;72;7,8;3,4;
2020/03/20;1900 UTC;0;1003,5;1003,8;1003,4;1185;29,3;23,8;30;29,2;24,4;23,8;74;71;72;72;7,1;4,1;
2020/03/20;2000 UTC;0;1003,6;1003,8;1003,5;731;29;23,8;29,7;29;24;22,6;73;67;73;84;7;2,7;
2020/03/20;2100 UTC;0;1004,2;1004,2;1003,6;71,8;28,1;24;29;28,1;24,4;23,4;80;73;79;79;6,5;2,8;
2020/03/20;2200 UTC;0;1004,9;1004,9;1004,2;;27,7;23,6;28,1;27,7;24;23,6;79;78;78;78;5,6;2,1;
2020/03/20;2300 UTC;0;1005,6;1005,6;1004,9;;27,7;23,6;27,9;27,5;23,8;23,5;80;77;79;83;4,5;2;
2020/03/21;0000 UTC;0;1006,1;1006,1;1005,6;;27,3;23,3;27,7;27,3;23,6;23,3;79;77;79;74;4,2;1,7;
2020/03/21;0100 UTC;0;1006,8;1006,8;1006,1;;27;23,4;27,4;26,9;23,6;23,2;81;78;81;63;3,2;1,3;
2020/03/21;0200 UTC;0;1006,8;1006,9;1006,7;;26,5;22,9;27;26,5;23,5;22,9;82;81;81;47;2,6;1;
2020/03/21;0300 UTC;0;1006,2;1006,8;1006,2;;26,6;23,2;26,9;26,4;23,3;22,8;82;80;82;105;1,6;,3;
2020/03/21;0400 UTC;0;1005,5;1006,2;1005,5;;25,8;23,4;26,7;25,8;23,5;23,2;87;82;87;239;2,5;1,1;
2020/03/21;0500 UTC;0;1005;1005,5;1004,9;;25,4;23,4;25,8;25,3;23,6;23,2;89;87;89;229;1,8;,5;
2020/03/21;0600 UTC;0;1004,6;1005;1004,5;;24,8;23,3;25,4;24,7;23,5;23,1;91;89;91;230;2,7;1,1;
2020/03/21;0700 UTC;0;1005;1005;1004,6;;24,5;23,1;24,8;24,4;23,3;23;92;91;92;224;2,7;,9;
2020/03/21;0800 UTC;0;1005,2;1005,2;1005;;24,3;23,1;24,6;24,2;23,3;22,9;93;92;93;318;1,9;,4;
2020/03/21;0900 UTC;0;1005,8;1005,8;1005,2;40,4;24,4;23,4;24,4;24,1;23,4;23;94;93;94;215;1,9;,8;
2020/03/21;1000 UTC;0;1006,2;1006,2;1005,8;758,4;26,2;23,7;26,2;24,4;23,9;23,4;94;86;86;212;3;1,5;
2020/03/21;1100 UTC;0;1006,4;1006,5;1006,2;1704,6;28,9;24,3;28,9;26,2;24,4;23,3;86;76;76;265;3;,7;
2020/03/21;1200 UTC;0;1006,9;1006,9;1006,4;2403,6;31,3;23,7;31,4;28,7;24,7;22,6;76;64;64;73;3,1;1,4;
2020/03/21;1300 UTC;0;1006,9;1006,9;1006,8;2868,8;30,4;23;31,3;29,9;24;22,5;68;63;65;96;4,8;2,4;
2020/03/21;1400 UTC;0;1006,7;1006,9;1006,7;3041,9;31,4;23,8;32;30,2;24,5;22,5;67;62;64;78;5,2;2,8;
2020/03/21;1500 UTC;0;1006,2;1006,7;1006,2;3219,6;30,7;24,5;31,8;29,9;25,2;23,2;72;61;70;94;6,8;4;
2020/03/21;1600 UTC;0;1005,2;1006,1;1005,2;3339,9;30,5;24,6;31,4;30;25,3;23,9;73;66;71;95;6,8;3,3;
2020/03/21;1700 UTC;0;1004,5;1005,2;1004,5;2922,4;31;24,8;31,5;30;25,7;23,8;74;67;70;88;6,7;3,1;
2020/03/21;1800 UTC;0;1004,1;1004,5;1004;2344,3;30,3;23,6;31;30;24,9;23,4;72;67;68;77;6,7;3,9;
2020/03/21;1900 UTC;0;1004;1004,1;1004;1645,6;29,4;23,7;30,8;29,4;24,2;23,1;71;67;71;74;8,5;3,9;
2020/03/21;2000 UTC;0;1004,7;1004,7;1003,9;384,1;28,8;23,6;29,5;28,7;24;22,9;73;68;73;74;7,3;2,7;
2020/03/21;2100 UTC;0;1005,6;1005,6;1004,7;77,4;28,1;23,2;28,9;28,1;23,6;23,2;76;73;75;67;5,8;3,1;
2020/03/21;2200 UTC;0;1006,4;1006,4;1005,6;;27,9;22,8;28,1;27,8;23,4;22,8;76;73;74;64;5,5;2,6;
2020/03/21;2300 UTC;0;1007,1;1007,1;1006,4;;27,5;23;27,9;27,5;23,2;22,8;77;74;76;62;5;1,9;
2020/03/22;0000 UTC;0;1007,8;1007,8;1007,1;;27,4;23,2;27,6;27,3;23,2;22,9;78;76;78;66;4,7;2,1;
2020/03/22;0100 UTC;0;1007,9;1008;1007,8;;27,2;23,4;27,4;27,2;23,5;23,1;80;78;80;51;3,5;1,3;
2020/03/22;0200 UTC;0;1008,2;1008,2;1007,9;;27,2;23,3;27,2;26,8;23,4;23;80;79;79;94;2,8;,4;
2020/03/22;0300 UTC;0;1007,4;1008,2;1007,4;;26,2;23,2;27,2;26,2;23,5;23,1;84;79;84;256;2,4;1,6;
2020/03/22;0400 UTC;0;1006,8;1007,4;1006,8;;25,4;23,2;26,2;25,4;23,3;23,1;88;84;88;249;3;,9;
2020/03/22;0500 UTC;0;1006,7;1006,8;1006,7;;25,1;23,1;25,4;25,1;23,3;23,1;89;88;89;273;3,3;1,5;
2020/03/22;0600 UTC;0;1006,2;1006,7;1006,2;;24,7;23,2;25,1;24,6;23,2;22,9;91;89;91;255;3,3;1;
2020/03/22;0700 UTC;0;1006,3;1006,3;1006,1;;24,6;23,1;24,8;24,6;23,2;23;91;91;91;231;2;1,1;
2020/03/22;0800 UTC;0;1006,7;1006,7;1006,3;;24,2;22,8;24,6;24,2;23,1;22,8;92;91;92;174;2;,1;
2020/03/22;0900 UTC;0;1007,4;1007,4;1006,7;51,8;24,9;23,6;24,9;24,1;23,6;22,8;93;92;92;237;1,6;,6;
2020/03/22;1000 UTC;0;1008;1008;1007,4;769,7;26,8;23,7;26,8;24,9;23,9;23,2;92;83;83;266;3,2;1,2;
2020/03/22;1100 UTC;0;1008,5;1008,5;1008;1699;28,8;23,9;28,8;26,8;24;23,4;83;75;75;323;2,9;1,3;
2020/03/22;1200 UTC;0;1008,6;1008,6;1008,5;2524,2;30,7;23,4;30,7;28,3;24;22,1;75;63;65;21;4,4;1,8;
2020/03/22;1300 UTC;0;1008,1;1008,6;1008,1;2933,6;31,4;22,3;32;30,1;23,8;20,9;65;54;58;337;4,7;1,2;
2020/03/22;1400 UTC;0;1007,4;1008,1;1007,4;2932,7;32,3;22,2;32,9;31,2;23;20,7;60;52;55;341;4,5;2,1;
2020/03/22;1500 UTC;0;1006,4;1007,4;1006,4;2702,9;32,4;23,2;33,4;31,1;24,1;21,8;63;55;58;33;7,3;3,6;
2020/03/22;1600 UTC;0;1005,5;1006,4;1005,5;3309,1;32,5;23,4;33,2;31,8;24,4;22,8;63;57;59;44;7,3;3,7;
2020/03/22;1700 UTC;0;1004,9;1005,5;1004,9;3045,2;31,7;22,8;32,8;31,4;24,1;22,5;64;56;59;39;7,7;4,5;
2020/03/22;1800 UTC;0;1004,6;1004,9;1004,6;2509,4;31,4;24;32,3;31,1;24,5;22,4;67;58;65;20;8,6;4,1;
2020/03/22;1900 UTC;0;1004,6;1004,7;1004,5;1491,6;30,2;23,7;31,4;29,9;24,2;23,2;70;63;68;41;9,3;3,9;
2020/03/22;2000 UTC;0;1005,2;1005,2;1004,6;437,2;29,3;23,6;30,3;29,3;23,7;23,1;71;67;71;40;9,3;3,7;
2020/03/22;2100 UTC;0;1005,6;1005,6;1005,2;60,7;28,9;23,6;29,4;28,8;23,7;23,4;74;71;73;28;7,8;3,8;
2020/03/22;2200 UTC;0;1006,3;1006,3;1005,6;;28,5;23,5;28,9;28,5;23,7;23,4;75;73;74;40;6,3;2,6;
2020/03/22;2300 UTC;0;1007,2;1007,2;1006,3;;28,3;23,9;28,6;28,3;24;23,4;77;74;77;39;5,5;2,4;
2020/03/23;0000 UTC;0;1007,9;1007,9;1007,2;;28,3;24,1;28,4;28,3;24,2;23,9;78;76;78;37;4,8;2;
2020/03/23;0100 UTC;0;1008,3;1008,4;1007,9;;28;24,2;28,3;27,9;24,3;24,1;80;78;80;37;3,8;1,4;
2020/03/23;0200 UTC;0;1008,2;1008,4;1008,2;;27,5;24,1;28;27,5;24,3;24,1;82;80;82;58;2,8;1,3;
2020/03/23;0300 UTC;0;1007,7;1008,2;1007,7;;27,2;23,9;27,5;27,2;24,2;23,9;83;82;82;44;2,4;1,3;
2020/03/23;0400 UTC;0;1006,9;1007,7;1006,9;;27;24,1;27,6;27;24,4;23,9;84;82;84;4;2,4;,5;
2020/03/23;0500 UTC;0;1006,1;1006,9;1006,1;;27,2;24,2;27,4;26,7;24,5;24;86;83;84;318;2,6;1,4;
2020/03/23;0600 UTC;0;1006,2;1006,2;1006,1;;26,4;24;27,2;26,4;24,2;24;87;84;87;312;2,6;,5;
2020/03/23;0700 UTC;0;1006,1;1006,3;1006,1;;25,8;24;26,4;25,7;24,1;23,8;90;87;90;304;2;,9;
2020/03/23;0800 UTC;0;1006,3;1006,4;1006;;25,3;23,6;25,8;25,3;24;23,6;90;90;90;223;1,7;,6;
2020/03/23;0900 UTC;0;1007,2;1007,2;1006,3;27,4;25,2;23,5;25,3;25,1;23,6;23,5;91;90;90;268;2,4;1,1;
2020/03/23;1000 UTC;0;1008;1008;1007,2;334,8;26,3;23,9;26,3;25,2;24,1;23,5;90;87;87;277;2,8;,8;
2020/03/23;1100 UTC;0;1008,5;1008,5;1008;1372,2;28,6;24,4;28,7;26,3;24,8;23,7;87;78;78;277;2,5;1,1;
2020/03/23;1200 UTC;0;1008,6;1008,7;1008,5;1588,1;29,8;24,4;30;28,6;25,3;23,7;78;71;73;306;2,8;1,4;
2020/03/23;1300 UTC;0;1008,6;1008,7;1008,6;3128;32,2;23,4;32,7;29,8;25,1;23,2;73;60;60;71;4,5;2,2;
2020/03/23;1400 UTC;0;1007,9;1008,6;1007,9;3350,7;32,8;23,4;33,1;31,6;24,6;22,4;64;57;58;81;5,8;3;
2020/03/23;1500 UTC;0;1007,3;1008;1007,3;3585,2;31,9;24,6;33,5;31,2;24,9;22,8;67;55;66;76;6,7;3,6;
2020/03/23;1600 UTC;0;1006,5;1007,3;1006,4;3466,7;31,8;24,4;32,5;31,3;24,9;23,2;66;59;65;64;6,7;3,6;
2020/03/23;1700 UTC;0;1005,5;1006,5;1005,5;3065,8;31,3;24,5;32,7;31,2;25,3;23,6;68;61;67;65;8,1;4,4;
2020/03/23;1800 UTC;0;1005;1005,6;1004,9;2349,9;31,1;24,4;32,3;30,7;25,6;24,2;71;66;68;37;8,6;4,4;
2020/03/23;1900 UTC;0;1004,8;1005;1004,7;1519,7;30,2;24,5;31,4;30,1;25;24;71;67;71;54;9,2;4,2;
2020/03/23;2000 UTC;0;1005,7;1005,7;1004,7;284,7;29,1;24,1;30,3;29,1;24,7;24;75;70;75;49;9,5;4;
2020/03/23;2100 UTC;0;1006,4;1006,5;1005,7;15,6;28,9;24,6;29,1;28,9;24,7;24,1;78;75;78;37;8;3,5;
2020/03/23;2200 UTC;0;1007;1007;1006,4;;28,8;24,2;29,2;28,8;24,7;24,1;78;75;76;34;5,7;2,4;
2020/03/23;2300 UTC;0;1007,5;1007,5;1007;;28,3;24,2;29;28,3;24,4;24;79;75;78;47;4,5;1,5;
2020/03/24;0000 UTC;0;1007,5;1007,6;1007,4;;28,3;24,6;28,7;28,3;24,6;24,2;80;78;80;56;3,9;1,7;
2020/03/24;0100 UTC;0;1007,9;1007,9;1007,4;;28,3;24,5;28,5;28,2;24,7;24,4;81;79;80;49;5;1,5;
2020/03/24;0200 UTC;0;1007,5;1008;1007,5;;27,7;24,3;28,4;27,7;24,6;24,2;82;79;82;54;4,1;1,4;
2020/03/24;0300 UTC;0;1007;1007,5;1007;;27,5;24,5;27,8;27,5;24,6;24,2;84;82;84;51;3;1,2;
2020/03/24;0400 UTC;0;1006,6;1007;1006,6;;27;24,2;27,7;27;24,8;24,1;85;83;85;279;2,8;1,2;
2020/03/24;0500 UTC;0;1006;1006,6;1006;;26,5;23,5;27;26,5;24,1;23,5;84;83;84;246;2,5;1,1;
2020/03/24;0600 UTC;0;1005,7;1006;1005,6;;25,9;23,1;26,5;25,9;23,7;23,1;86;84;85;225;3,7;1,8;
2020/03/24;0700 UTC;0;1005,9;1005,9;1005,6;;25,8;23,1;26,1;25,8;23,2;23;85;84;85;270;3,7;1,1;
2020/03/24;0800 UTC;0;1006,3;1006,3;1005,9;;25,3;22,8;25,8;25,2;23,1;22,8;87;84;87;271;3,1;,6;
2020/03/24;0900 UTC;0;1006,7;1006,7;1006,3;18;25,3;23;25,4;25,2;23;22,8;87;86;87;231;2,3;,6;
2020/03/24;1000 UTC;0;1007,1;1007,1;1006,7;452,6;27,2;23,6;27,3;25,3;23,9;23;87;80;81;237;2,2;1,1;
2020/03/24;1100 UTC;0;1007,4;1007,4;1007;1618,5;29,3;23,9;30;27,2;24,9;23,6;81;71;73;255;2,6;,6;
2020/03/24;1200 UTC;0;1007,6;1007,7;1007,4;2468,6;31,1;24,3;31,4;29,2;25,1;24;76;67;67;65;5,6;2,4;
2020/03/24;1300 UTC;0;1007,2;1007,6;1007,2;3056,7;31,9;23,9;31,9;30,7;25,1;23,4;69;63;63;68;5,6;2,4;
2020/03/24;1400 UTC;0;1006,7;1007,2;1006,7;3358,8;32,2;24,2;32,4;31,1;24,3;22,8;64;60;63;53;6,3;2,5;
2020/03/24;1500 UTC;0;1005,8;1006,8;1005,8;3526,6;32,2;24,3;32,5;31,3;24,9;22,7;66;58;63;62;6,4;3,2;
2020/03/24;1600 UTC;0;1004,7;1005,8;1004,7;3543,4;31,4;24,5;32,2;30,9;24,9;23;68;61;67;64;7,4;4,4;
2020/03/24;1700 UTC;0;1003,8;1004,7;1003,8;3111,7;31,3;23,9;32,4;31;24,8;23,3;68;60;65;66;7,5;4;
2020/03/24;1800 UTC;0;1003,6;1003,8;1003,4;2415;31;23,9;32;30,7;24,6;23,4;67;64;66;64;7,8;3,5;
2020/03/24;1900 UTC;0;1003,6;1003,8;1003,5;1396,9;30,4;23,5;31,5;30;24,3;23,4;70;63;67;48;6,9;2,9;
2020/03/24;2000 UTC;0;1003,7;1003,7;1003,5;319,4;29,2;23,9;30,5;29,2;24,3;23,5;73;67;73;55;6,9;3,2;
2020/03/24;2100 UTC;0;1004,1;1004,1;1003,7;18,6;28,4;23,9;29,2;28,4;24;23,7;77;73;77;63;6,4;2,3;
2020/03/24;2200 UTC;0;1004,7;1004,8;1004,1;;28,2;23,8;28,4;28,1;24;23,7;78;77;77;61;4,5;2,3;
2020/03/24;2300 UTC;0;1005,6;1005,6;1004,7;;28,2;23,4;28,3;28,1;23,8;23,4;77;75;75;58;4,2;1,9;
2020/03/25;0000 UTC;0;1005,9;1006;1005,5;;27,8;23,7;28,2;27,7;23,8;23,3;79;75;79;67;3,6;1,8;
2020/03/25;0100 UTC;0;1006,2;1006,2;1005,7;;28,1;24;28,1;27,7;24;23,7;79;78;79;77;4,2;1,8;
2020/03/25;0200 UTC;0;1006,3;1006,4;1006,2;;28;24,3;28,3;27,8;24,3;24;81;78;80;87;3,5;,9;
2020/03/25;0300 UTC;0;1005,6;1006,4;1005,6;;27,4;24,1;28,1;27,4;24,3;24;82;79;82;53;2,7;1,2;
2020/03/25;0400 UTC;0;1004,9;1005,6;1004,9;;27,5;24,2;27,6;27,1;24,4;24,1;84;82;82;89;1,7;,6;
2020/03/25;0500 UTC;0;1004,5;1005;1004,5;;26,9;24;27,6;26,9;24,4;24;84;82;84;278;2;,9;
2020/03/25;0600 UTC;,4;1004,5;1004,6;1004,3;;26,1;23,7;26,9;26,1;24,2;23,7;87;84;87;196;3,4;1,2;
2020/03/25;0700 UTC;1;1004,6;1004,6;1004,3;;25,4;24,1;26,1;25,3;24,2;23,6;93;87;93;210;4,6;1,7;
2020/03/25;0800 UTC;5,2;1004,6;1004,8;1004,6;;25,4;24,4;25,4;25,1;24,4;24;95;93;94;220;4,6;1,4;
2020/03/25;0900 UTC;,2;1005,4;1005,4;1004,6;27,4;25,3;24,3;25,4;25,2;24,4;24,1;95;94;94;258;2,4;,9;
2020/03/25;1000 UTC;0;1006;1006;1005,4;265,6;25,7;24,5;25,7;25,2;24,6;24,2;94;93;93;231;3,6;1,7;
2020/03/25;1100 UTC;1,4;1006,8;1006,8;1005,8;193,8;24,6;23,1;26;24,5;24,6;23;93;91;91;45;5,6;2,2;
2020/03/25;1200 UTC;4;1007,3;1007,3;1006,8;1194,5;26,9;25,2;27;24,4;25,5;23,1;95;90;90;267;5,6;1,6;
2020/03/25;1300 UTC;0;1007,3;1007,6;1007,3;1031,5;26,7;24,7;27,9;26,7;25,6;24,5;90;86;89;220;3,9;2,2;
2020/03/25;1400 UTC;0;1006,9;1007,4;1006,9;2664,9;29;24,6;29,3;26,6;25,7;24,3;89;76;77;157;4,1;1,4;
2020/03/25;1500 UTC;0;1006,1;1006,9;1006,1;1981,4;29,5;24,3;29,9;28,8;25,1;23,7;78;71;74;104;4,1;2,2;
2020/03/25;1600 UTC;0;1005,3;1006,1;1005,3;2203,2;30;24,3;30,4;29,2;25;23,5;76;69;72;93;4;2,3;
2020/03/25;1700 UTC;0;1004,5;1005,3;1004,5;2053,3;29,7;23,7;30,7;29,2;25,1;22,8;74;66;70;106;4,3;2,3;
2020/03/25;1800 UTC;0;1003,3;1004,5;1003,3;2309,1;29,7;24,3;30,6;29,5;24,7;22,5;74;65;73;90;4,9;2,7;
2020/03/25;1900 UTC;0;1003,6;1003,7;1003,2;1429,3;29;24,6;30,2;29;25,1;23,9;77;71;77;85;4,9;2,3;
2020/03/25;2000 UTC;0;1004,2;1004,2;1003,6;347,2;28,1;24,4;29;28,1;24,8;24;81;76;80;97;4,5;1,7;
2020/03/25;2100 UTC;0;1004,5;1004,5;1004,2;27,3;27,5;24,5;28,1;27,5;24,6;24,4;84;80;84;105;3,1;1,4;
2020/03/25;2200 UTC;0;1005;1005;1004,5;;27,5;24,3;27,8;27,5;24,6;24,3;84;82;83;113;2,7;1,3;
2020/03/25;2300 UTC;0;1005,9;1005,9;1005;;27,7;24,4;27,7;27,4;24,6;24,3;84;83;83;181;2,3;,5;
2020/03/26;0000 UTC;0;1006,5;1006,5;1005,9;;27,4;24,7;27,8;27,1;24,8;24,4;86;83;86;268;2,5;,7;
2020/03/26;0100 UTC;0;1006,6;1006,7;1006,5;;27;22,9;27,4;27;24,8;22,9;86;78;78;16;4,1;1,3;
2020/03/26;0200 UTC;,4;1006,5;1006,7;1006,5;;26,7;24;27,1;25,9;24;22,8;86;78;85;244;4,4;1;
2020/03/26;0300 UTC;0;1005,9;1006,5;1005,9;;26,2;24,3;27;26,1;24,3;23,6;89;82;89;278;3,1;,6;
2020/03/26;0400 UTC;0;1005,1;1005,9;1005,1;;26,1;24,5;26,4;25,8;24,6;24,1;92;89;91;261;1,6;,9;
2020/03/26;0500 UTC;0;1004,9;1005,2;1004,8;;25,6;24;26,1;25,6;24,4;24;91;90;91;255;3;1,5;
2020/03/26;0600 UTC;0;1004,7;1004,9;1004,7;;25,3;23,8;25,6;25,3;23,9;23,8;92;91;92;238;2,8;1,5;
2020/03/26;0700 UTC;0;1004,7;1004,8;1004,5;;25;23,7;25,3;24,9;23,8;23,6;93;92;93;228;3,7;1,9;
2020/03/26;0800 UTC;0;1005,2;1005,2;1004,7;;25,1;23,9;25,1;24,7;23,9;23,6;94;93;93;178;3,5;1,9;
2020/03/26;0900 UTC;0;1005,7;1005,7;1005,1;59,9;25,4;23,7;25,4;24,9;24;23,6;93;90;90;204;3,6;1,6;
2020/03/26;1000 UTC;0;1006,3;1006,3;1005,6;418,4;25,9;23,6;26,2;25,4;23,8;23,6;90;86;87;191;4,4;2,7;
2020/03/26;1100 UTC;0;1006,9;1006,9;1006,3;1228,2;28,2;24,3;28,2;25,8;24,9;23,5;88;79;79;210;4,4;1,7;
2020/03/26;1200 UTC;0;1006,8;1007;1006,8;2602,4;29,5;22,9;30,1;27,9;24,5;22,8;81;67;68;121;3,9;1,9;
2020/03/26;1300 UTC;0;1006,4;1006,9;1006,4;2804,5;30,5;23,6;31,2;29,2;24,5;22,8;72;64;67;102;4,6;2;
2020/03/26;1400 UTC;0;1006,1;1006,4;1006,1;3531,5;29,9;23,1;31,2;29,9;24,3;22,7;70;63;67;103;6;3;
2020/03/26;1500 UTC;0;1005,3;1006,1;1005,3;3677,2;30,1;23,6;31;29,9;24,5;23,3;71;65;69;106;6;2,8;
2020/03/26;1600 UTC;0;1004,6;1005,3;1004,6;3390,6;30,5;23,3;31;29,7;24,9;23,1;72;64;66;110;6;3,2;
2020/03/26;1700 UTC;0;1003,8;1004,6;1003,8;3047,3;30,9;24,3;31;29,8;24,9;23;72;64;68;84;6,5;2,7;
2020/03/26;1800 UTC;0;1002,9;1003,8;1002,9;2441,3;30;24,4;30,9;29,7;24,9;23,3;73;67;72;112;6,5;3,6;
2020/03/26;1900 UTC;0;1002,7;1002,9;1002,6;1632,9;29,4;24,2;30,3;29,4;24,8;23,9;74;70;74;101;6,8;3,6;
2020/03/26;2000 UTC;0;1002,8;1002,9;1002,7;221;28,6;24,3;29,7;28,6;24,7;24;78;73;78;91;6,3;3,3;
2020/03/26;2100 UTC;0;1003,4;1003,5;1002,8;60;27,9;23,9;28,6;27,9;24,4;23,9;80;77;79;97;5,5;2,3;
2020/03/26;2200 UTC;0;1004,1;1004,1;1003,4;;28;24;28,1;27,7;24,3;23,9;80;78;79;109;4,5;2,3;
2020/03/26;2300 UTC;0;1004,8;1004,8;1004,1;;27,7;24,1;28;27,6;24,2;24;81;79;81;101;4,5;2,1;
2020/03/27;0000 UTC;0;1005,3;1005,3;1004,8;;27,8;23,1;28,1;27,7;24,1;23;81;75;76;95;4,5;2,3;
2020/03/27;0100 UTC;0;1005,7;1005,7;1005,3;;27,7;23,5;27,8;27,5;23,5;23,1;79;76;78;101;4,5;2;
2020/03/27;0200 UTC;0;1005,6;1005,7;1005,6;;27,5;23,7;27,8;27,3;23,7;23,4;80;78;80;94;4,1;1,7;
2020/03/27;0300 UTC;0;1004,8;1005,6;1004,8;;27,4;23,8;27,7;27,3;23,8;23,6;81;79;81;104;3,8;1,5;
2020/03/27;0400 UTC;0;1004,4;1004,8;1004,4;;27;23,8;27,4;26,9;23,8;23,7;83;81;82;100;2,6;1,3;
2020/03/27;0500 UTC;0;1004,2;1004,4;1004,2;;26,9;23,7;27,2;26,9;23,9;23,6;83;82;82;115;2,7;1,1;
2020/03/27;0600 UTC;0;1003,9;1004,2;1003,9;;25,4;23,4;27,1;25,4;23,8;23,2;89;82;89;224;3,6;1,3;
2020/03/27;0700 UTC;0;1003,8;1003,9;1003,7;;25,1;23,4;25,5;25,1;23,6;23,4;90;89;90;223;3,1;1,2;
2020/03/27;0800 UTC;0;1003,7;1003,8;1003,7;;25;23,5;25,1;24,9;23,6;23,3;92;90;91;209;3,3;1,6;
2020/03/27;0900 UTC;0;1004,2;1004,2;1003,7;16,7;24,9;23,6;25;24,8;23,6;23,4;92;91;92;227;3,4;1,5;
2020/03/27;1000 UTC;0;1004,7;1004,7;1004,1;490,8;27,3;24;27,3;24,9;24,5;23,6;92;82;82;133;2,8;,8;
2020/03/27;1100 UTC;0;1005,5;1005,5;1004,7;1499,6;29,3;23,9;29,3;27,3;24,5;23,4;83;73;73;136;4,1;2,3;
2020/03/27;1200 UTC;0;1005,9;1005,9;1005,5;2548;29,9;24,2;30;29,2;24,9;23,6;75;70;72;126;5,4;2,9;
2020/03/27;1300 UTC;0;1005,8;1006,1;1005,8;2844,5;29,8;24,2;30,6;29,3;25,1;23,7;75;70;72;135;8;4,9;
2020/03/27;1400 UTC;0;1005,3;1005,8;1005,3;3582,4;29,5;24,4;30,8;29,5;25,3;23,6;76;67;74;144;9,9;5,6;
2020/03/27;1500 UTC;0;1004,7;1005,4;1004,7;3628,5;29,9;23,3;30,7;29,4;25;23,1;74;67;68;138;10,9;6;
2020/03/27;1600 UTC;0;1003,9;1004,7;1003,9;3516,7;30,7;23,5;31,1;29,8;24,5;22,6;70;62;66;134;9,5;4,5;
2020/03/27;1700 UTC;0;1003,1;1003,9;1003,1;3033;30,4;23;30,8;30;23,8;21,8;68;59;65;126;9,3;4,2;
2020/03/27;1800 UTC;0;1002,9;1003,1;1002,9;2415,1;30,1;22,9;31,1;29,9;23,4;22,1;66;61;65;126;8,3;4,2;
2020/03/27;1900 UTC;0;1002,8;1002,9;1002,7;1619,5;29,7;23,1;30,4;29,5;23,4;22,4;70;64;68;128;8,6;4,6;
2020/03/27;2000 UTC;0;1003,2;1003,2;1002,8;213,8;29;23,3;29,7;28,9;23,6;22,9;72;67;71;135;7,8;3,8;
2020/03/27;2100 UTC;0;1003,9;1004;1003,2;52,5;28,2;23,5;29;28,2;23,5;22,8;76;70;76;132;7,2;3,2;
2020/03/27;2200 UTC;0;1004,6;1004,6;1003,9;;28,4;23,8;28,4;28,2;23,8;23,4;77;75;76;130;6,7;3,3;
2020/03/27;2300 UTC;0;1005,1;1005,1;1004,6;;28,3;24;28,5;28,2;24;23,6;78;75;78;128;7,7;3,5;
2020/03/28;0000 UTC;0;1005,7;1005,7;1005,1;;28,2;23,8;28,4;28,2;24,1;23,4;78;74;77;134;7,1;3,1;
2020/03/28;0100 UTC;0;1006,1;1006,1;1005,7;;27,7;23,9;28,4;27,7;24,2;23,8;80;77;80;176;6,1;3,1;
2020/03/28;0200 UTC;5,6;1006,2;1006,6;1006,1;;25,3;24,2;27,9;24,6;24,5;22,4;95;74;94;130;12,6;2,9;
2020/03/28;0300 UTC;,4;1005,2;1006,2;1005,2;;26,1;24,7;26,1;25;24,7;23,7;94;92;92;163;6,5;1,8;
2020/03/28;0400 UTC;0;1004,7;1005,2;1004,7;;25,5;24,3;26,3;25,5;24,7;24,2;93;91;93;32;4;,6;
2020/03/28;0500 UTC;0;1004,4;1004,7;1004,4;;25,4;24,3;25,7;25,4;24,6;24,3;94;93;94;226;3,5;1,7;
2020/03/28;0600 UTC;0;1004;1004,4;1004;;24,9;24;25,4;24,9;24,3;24;95;94;95;210;3,3;1,4;
2020/03/28;0700 UTC;0;1004;1004,1;1004;;24,9;24;24,9;24,8;24,1;24;95;95;95;213;3;1,7;
2020/03/28;0800 UTC;0;1004,2;1004,2;1004;;24,7;23,8;24,9;24,7;24;23,8;95;94;95;231;3,7;1,1;
2020/03/28;0900 UTC;1;1004,9;1004,9;1004,2;23,7;24,7;23,9;24,8;24,6;24;23,7;95;94;95;195;3,7;1,1;
2020/03/28;1000 UTC;0;1005,5;1005,5;1004,9;348,2;25,4;24,5;25,4;24,7;24,5;23,9;96;94;95;213;4,1;1,9;
2020/03/28;1100 UTC;0;1005,9;1005,9;1005,5;1718,8;27,8;24,9;27,8;25,4;25,3;24,3;95;84;84;198;4,1;2,3;
2020/03/28;1200 UTC;0;1006,4;1006,4;1005,9;2592,7;29,1;24,4;29,4;27,5;25,4;24,4;85;76;76;124;5,1;2,6;
2020/03/28;1300 UTC;0;1006,3;1006,4;1006,3;3168,5;29,6;24,5;29,8;28,9;25,3;24;79;72;74;137;5,9;3,1;
2020/03/28;1400 UTC;0;1006,1;1006,3;1006,1;3604,2;30,1;25,3;30,3;29,2;25,5;24,1;77;72;75;119;6,5;3;
2020/03/28;1500 UTC;0;1005,3;1006,1;1005,3;3755,8;30,7;24,7;30,9;29,4;25,6;23,9;77;69;71;116;7,8;3,8;
2020/03/28;1600 UTC;0;1004,9;1005,3;1004,9;3494,2;30,9;23,7;31,3;30,1;25,6;23,3;73;65;65;118;8,4;3,9;
2020/03/28;1700 UTC;0;1004,4;1004,9;1004,4;2990,1;30,6;23,5;31,3;30,2;24,3;23,2;69;64;66;105;7,9;3,4;
2020/03/28;1800 UTC;0;1004,1;1004,4;1004,1;2369,3;30,5;23,9;31;30,1;24,4;22,8;70;64;68;112;7,8;3,5;
2020/03/28;1900 UTC;0;1004,1;1004,1;1004;1529,2;30;23,9;30,8;29,8;24,3;23,4;71;67;70;128;6,7;3,8;
2020/03/28;2000 UTC;0;1004,3;1004,3;1004,1;240,4;29,3;23,6;30;29,3;24;23,3;72;68;71;127;6,6;3,4;
2020/03/28;2100 UTC;0;1004,8;1004,8;1004,3;58,4;28,7;23,6;29,3;28,7;24;23,6;74;71;74;137;5,5;2,3;
2020/03/28;2200 UTC;0;1005,5;1005,5;1004,8;;28,6;23,8;28,8;28,6;23,8;23,5;75;73;75;132;4,6;2,4;
2020/03/28;2300 UTC;0;1006;1006;1005,5;;28,4;24;28,8;28,4;24;23,8;77;75;77;134;4,5;2,4;
2020/03/29;0000 UTC;0;1006,3;1006,4;1006;;28,3;24,2;28,5;28,2;24,4;24;79;77;79;142;4,2;2,3;
2020/03/29;0100 UTC;0;1006,4;1006,6;1006,3;;27,7;24,5;28,4;27,7;24,6;24,1;83;78;83;172;4,6;2,9;
2020/03/29;0200 UTC;0;1006,5;1006,6;1006,4;;27,2;24,1;27,7;27,1;24,5;24;84;82;84;167;4,6;1,9;
2020/03/29;0300 UTC;0;1005,7;1006,5;1005,7;;27,1;24,3;27,4;27,1;24,4;24,1;85;83;85;191;3,5;1,7;
2020/03/29;0400 UTC;0;1005,2;1005,7;1005,2;;26,8;24,6;27,2;26,8;24,7;24,3;88;85;88;186;3,9;2,3;
2020/03/29;0500 UTC;0;1004,7;1005,2;1004,7;;26,3;24,3;26,8;26,3;24,6;24,3;89;88;89;174;4,4;1,7;
2020/03/29;0600 UTC;,2;1004,5;1004,7;1004,5;;25,6;24,3;26,4;25,6;24,4;24,3;93;89;93;198;5,5;2,8;
2020/03/29;0700 UTC;0;1004,6;1004,7;1004,4;;25,5;24,5;25,7;25,5;24,5;24,3;94;93;94;192;5;2,1;
2020/03/29;0800 UTC;,2;1005;1005;1004,6;;25,4;24,4;25,6;25,4;24,5;24,4;94;94;94;200;4,1;2,2;
2020/03/29;0900 UTC;0;1005,5;1005,5;1005;23;25,4;24,4;25,4;25,3;24,4;24,3;94;94;94;207;4;1,8;
2020/03/29;1000 UTC;0;1006;1006;1005,5;307,5;26,3;24,8;26,3;25,4;24,8;24,3;94;91;91;189;4;1,9;
2020/03/29;1100 UTC;2;1006,6;1006,7;1006;1262,5;26,9;25,3;28;26,3;25,6;24,2;92;84;91;203;5,7;2;
2020/03/29;1200 UTC;0;1006,9;1007;1006,6;2333,6;29,1;25,4;29,7;26,9;26,1;24,8;92;78;80;166;5,5;3,4;
2020/03/29;1300 UTC;2,2;1007,2;1007,4;1006,8;1075,8;26,5;24,9;30;26,1;25,8;24,4;91;75;91;105;9,2;2,5;
2020/03/29;1400 UTC;0;1006,2;1007,2;1006,1;3778,8;30,6;25,5;30,6;26,4;26,3;24,8;91;73;74;135;8,2;4,6;
2020/03/29;1500 UTC;,2;1005,8;1006,2;1005,8;3627,2;29,6;24,3;30,6;28,4;26,1;24,2;82;72;73;129;9;4,1;
2020/03/29;1600 UTC;0;1005,2;1005,9;1005,2;985,8;27,1;25;30,2;27;25,6;23,9;89;70;89;126;8,8;3,9;
2020/03/29;1700 UTC;0;1004,2;1005,2;1004,2;445,9;27,5;24,7;27,5;26,9;25,7;24,4;91;84;85;124;6,9;2,7;
2020/03/29;1800 UTC;0;1003,7;1004,2;1003,7;601,1;28,1;25,1;28,2;27,5;25,3;24,6;85;83;84;127;5,8;3,3;
2020/03/29;1900 UTC;0;1004,1;1004,1;1003,6;327,1;27,7;25,6;28,5;27,7;25,6;24,9;88;81;88;81;7,4;4,1;
2020/03/29;2000 UTC;0;1004,2;1004,3;1004,1;229,5;27,9;25;27,9;27,4;25,8;24,9;90;84;84;117;7,5;2,9;
2020/03/29;2100 UTC;0;1004,8;1004,8;1004,2;24,8;27,8;24,8;27,9;27,2;25,2;24,5;87;84;84;125;7,8;3,9;
2020/03/29;2200 UTC;0;1005,4;1005,4;1004,8;;27,7;24,9;27,8;27,5;24,9;24,5;86;82;85;141;7,1;2,9;
2020/03/29;2300 UTC;0;1005,8;1005,8;1005,3;;27,7;24,9;27,7;27,5;25,1;24,9;87;85;85;128;5,6;2,3;
2020/03/30;0000 UTC;0;1006,4;1006,4;1005,8;;27,7;24,8;27,8;27,6;24,9;24,6;85;83;84;137;5,6;2,1;
2020/03/30;0100 UTC;0;1006,6;1006,8;1006,4;;27,1;24,8;27,8;27,1;24,9;24,7;87;84;87;179;4,3;1,7;
2020/03/30;0200 UTC;0;1006,4;1006,6;1006,4;;26,8;24,8;27,1;26,7;24,9;24,8;89;87;89;204;3;1,4;
2020/03/30;0300 UTC;0;1005,5;1006,6;1005,4;;26,2;24,8;26,8;26,1;24,8;24,6;92;89;92;218;4;2;
2020/03/30;0400 UTC;,8;1005,1;1005,5;1005;;25,9;24,8;26,2;25,9;24,9;24,6;94;92;94;213;4;1,9;
2020/03/30;0500 UTC;5,6;1004,5;1005,1;1004,4;;25,1;24,4;25,9;25,1;24,9;24,4;96;94;95;176;4,4;1,6;
2020/03/30;0600 UTC;,2;1004,4;1004,6;1004,3;,7;25,3;24,1;25,3;25,1;24,5;24,1;96;93;93;161;5;2,9;
2020/03/30;0700 UTC;2,6;1004,5;1004,7;1004,2;;24,7;24;25,3;24,6;24,1;23,9;96;93;96;161;6,2;2,3;
2020/03/30;0800 UTC;3,2;1004,9;1004,9;1004,3;;24,5;23,7;24,7;24,3;23,9;23,5;96;95;96;169;5,1;2,7;
2020/03/30;0900 UTC;5,4;1005,1;1005,3;1004,9;2,2;24,4;23,5;24,7;24,4;24;23,5;96;94;95;164;9,7;4,3;
2020/03/30;1000 UTC;2,6;1005,7;1005,7;1004,8;35,3;23,9;22,8;24,4;23,9;23,5;22,7;95;93;93;165;8,2;2,2;
2020/03/30;1100 UTC;,6;1006,4;1006,4;1005,6;137,4;24,6;23,7;24,6;23,9;23,7;22,8;95;93;95;180;5,1;2,2;
2020/03/30;1200 UTC;,6;1006,5;1006,7;1006,4;326,9;25,2;24,2;25,2;24,6;24,2;23,7;95;94;94;174;6,5;3,8;
2020/03/30;1300 UTC;,2;1006,4;1006,8;1006,4;1461;27,2;25,1;27,2;25,2;25,1;24,1;94;87;88;148;8,7;4,3;
2020/03/30;1400 UTC;0;1005,4;1006,4;1005,4;1978,2;27,7;24,7;27,9;27,1;25,1;24,2;88;82;84;137;8,4;4,6;
2020/03/30;1500 UTC;0;1004,6;1005,4;1004,6;2425,3;28,1;24,1;28,5;27,6;24,9;23,6;84;76;79;125;9;4;
2020/03/30;1600 UTC;0;1003,3;1004,6;1003,3;2556,7;28,4;23,4;29,1;27,9;24,7;23,3;80;73;75;129;8,2;4,3;
2020/03/30;1700 UTC;0;1002,5;1003,3;1002,5;2070,6;28,3;23,6;28,9;28,1;24,4;22,8;78;70;76;133;7,9;3,8;
2020/03/30;1800 UTC;0;1002,3;1002,5;1002,2;1387,6;28,2;24,3;28,5;28,1;24,7;23,3;81;74;80;140;7,9;4,9;
2020/03/30;1900 UTC;0;1002,6;1002,7;1002,2;1145,2;28,2;24;28,7;28,1;24,6;23,9;80;77;78;134;9;4,7;
2020/03/30;2000 UTC;0;1003,2;1003,2;1002,6;202,8;27,6;24;28,3;27,5;24,2;23,8;82;78;81;139;7,8;3,5;
2020/03/30;2100 UTC;0;1003,6;1003,6;1003,2;29,3;27,3;23,5;27,6;27,3;24;23,2;81;78;80;174;6,1;3;
2020/03/30;2200 UTC;0;1004,3;1004,3;1003,6;;27,2;24,1;27,3;27;24,1;23,5;83;80;83;170;5,2;2,6;
2020/03/30;2300 UTC;0;1004,6;1004,6;1004,3;;26,7;24,5;27,2;26,6;24,5;24,1;88;83;88;188;4,4;2;
2020/03/31;0000 UTC;,2;1005,1;1005,1;1004,6;;26,4;24,7;26,7;26,4;24,7;24,4;90;88;90;158;4,6;1,2;
2020/03/31;0100 UTC;0;1004,9;1005,1;1004,9;;26,1;24,6;26,5;26,1;24,8;24,5;91;90;91;198;5,2;2,2;
2020/03/31;0200 UTC;17;1005,1;1005,6;1004,8;;25,3;24,7;26,1;24,9;24,7;24,1;97;91;97;156;6,1;1,6;
2020/03/31;0300 UTC;10;1004,4;1005,4;1004,4;;24,9;24,5;25,4;24,7;24,8;24,2;97;96;97;186;5,6;3,2;
2020/03/31;0400 UTC;0;1003,9;1004,5;1003,9;;25;24,5;25,1;24,9;24,5;24,4;97;97;97;186;5,3;1,5;
2020/03/31;0500 UTC;15,2;1003,8;1004,7;1003,7;;24,5;24,1;25,1;24,2;24,6;23,7;98;96;98;189;7,7;2,4;
2020/03/31;0600 UTC;1;1003,3;1003,9;1003,3;;24,5;24,1;24,8;24,5;24,4;24,1;98;97;97;213;4,8;1,5;
2020/03/31;0700 UTC;2,2;1003,5;1003,5;1003,3;;24,6;24,2;24,6;24,3;24,2;23,9;98;97;97;237;4,1;1,5;
2020/03/31;0800 UTC;7,6;1004,4;1004,4;1003,5;;24,4;24;24,7;24,3;24,3;23,9;98;97;98;151;4,2;2,1;
2020/03/31;0900 UTC;,8;1004,9;1004,9;1004,2;4,7;24,3;23,9;24,5;24,3;24,1;23,9;98;98;98;178;6,1;3,5;
2020/03/31;1000 UTC;1,8;1005,4;1005,4;1004,9;32,5;24,2;23,5;24,4;24,2;23,9;23,4;98;95;96;133;6,1;1,7;
2020/03/31;1100 UTC;,6;1005,6;1005,6;1005,1;470,8;25,7;24,4;25,7;24,2;24,4;23,5;96;93;93;158;5,8;3,4;
2020/03/31;1200 UTC;0;1005,4;1005,7;1005,3;960,2;26,6;24,7;26,6;25,7;24,7;24,2;93;89;89;149;9,5;3,7;
2020/03/31;1300 UTC;0;1005,3;1005,6;1005,3;2210,9;28,8;25,2;29,1;26,6;25,9;24,3;89;80;81;147;7,4;4;
2020/03/31;1400 UTC;,2;1004,9;1005,3;1004,9;3693,7;30,1;25,7;30,1;28,6;26;24,7;82;76;77;154;9,8;5,2;
2020/03/31;1500 UTC;0;1004,3;1004,9;1004,3;3011,1;29,9;25,4;30,8;29,6;25,9;24,8;78;72;77;141;10,3;4,8;
2020/03/31;1600 UTC;0;1003,3;1004,3;1003,3;3211,8;30,5;25,7;30,7;29,4;26,2;25,1;80;75;76;142;10,3;5,4;
2020/03/31;1700 UTC;0;1002,8;1003,3;1002,8;2956,2;30,1;25,1;30,8;29,6;26,1;25;79;73;75;137;10,6;5,6;
2020/03/31;1800 UTC;0;1002,3;1002,8;1002,3;2114,4;30,3;25,7;30,7;29,2;26,2;24,5;80;74;77;142;10,5;5,8;
2020/03/31;1900 UTC;0;1002,2;1002,3;1002,1;956,8;29,6;25,3;30,3;29,2;25,8;25,1;80;75;78;142;10,3;5,2;
2020/03/31;2000 UTC;0;1002,5;1002,5;1002,2;332,1;29,2;25,1;29,8;29,1;25,4;24,7;79;75;79;139;9,9;4,4;
2020/03/31;2100 UTC;0;1003;1003;1002,4;41,4;28,6;24,8;29,2;28,6;25,1;24,5;80;77;80;146;9,6;4,5;
2020/03/31;2200 UTC;0;1003,6;1003,6;1003;;28,5;24,8;28,6;28,4;24,9;24,6;81;79;81;143;8,7;4;
2020/03/31;2300 UTC;0;1004,6;1004,6;1003,6;;28,4;24,4;28,5;28,3;24,9;24,4;81;79;79;144;8,2;4,1;
2020/04/01;0000 UTC;0;1005,2;1005,2;1004,6;;28,3;24,5;28,4;28,2;24,7;24,5;81;79;80;150;7,8;3,7;
2020/04/01;0100 UTC;0;1005,4;1005,4;1005,2;;28,1;24,2;28,4;28,1;24,5;24,2;80;79;79;147;7,2;3,2;
2020/04/01;0200 UTC;0;1005,5;1005,5;1005,3;;27,4;24,5;28,3;27,3;24,6;23,8;85;78;84;187;7;2,6;
2020/04/01;0300 UTC;0;1004,9;1005,5;1004,9;;26,5;24,4;27,4;26,5;24,5;24,3;88;84;88;188;5;2,2;
2020/04/01;0400 UTC;0;1004,4;1005;1004,4;;26;24,2;26,5;26;24,4;24,2;90;88;90;188;3,7;1,8;
2020/04/01;0500 UTC;0;1003,5;1004,4;1003,5;;25,7;24,1;26;25,7;24,3;24,1;91;90;91;185;3,6;2,1;
2020/04/01;0600 UTC;0;1003,5;1003,6;1003,5;;25,4;23,9;25,7;25,4;24,1;23,9;91;91;91;182;4,3;2,7;
2020/04/01;0700 UTC;0;1003,6;1003,7;1003,4;;25,3;23,8;25,5;25,3;23,9;23,8;92;91;92;180;4,3;2,4;
2020/04/01;0800 UTC;0;1004;1004;1003,6;;25,2;23,9;25,3;25,1;23,9;23,8;92;92;92;190;4,6;2;
2020/04/01;0900 UTC;0;1004,4;1004,4;1003,9;37,4;25,3;24;25,3;25;24;23,8;93;92;93;184;4,8;2,1;
2020/04/01;1000 UTC;0;1005,2;1005,2;1004,4;652,6;26,6;24,4;26,6;25,3;24,5;24;93;88;88;186;5;2,4;
2020/04/01;1100 UTC;0;1005,4;1005,5;1005,2;1559,1;29,8;24;29,8;26,6;25,4;23,9;88;71;71;140;8,8;4;
2020/04/01;1200 UTC;0;1005,8;1005,9;1005,4;2323,9;29,5;24,5;30,2;29,4;24,8;23,8;75;71;75;136;9,2;5,5;
2020/04/01;1300 UTC;0;1006;1006,2;1005,8;2606,6;30,6;24,4;30,7;29,4;25;24;75;69;70;125;9,2;5,4;
2020/04/01;1400 UTC;0;1005,4;1006;1005,4;3562,7;30;24,4;31,1;30;24,9;23,8;72;67;72;134;9,6;6,4;
2020/04/01;1500 UTC;,2;1004,8;1005,6;1004,8;2534;30,7;24,9;30,7;27,7;25,9;24,2;87;70;71;132;10,8;4,6;
2020/04/01;1600 UTC;0;1004,6;1004,8;1004,6;3159,4;30,6;24,5;31,1;30,1;25,1;24;73;68;70;132;10,5;6;
2020/04/01;1700 UTC;0;1004,1;1004,6;1003,8;2589,3;30;24,3;31,4;29,9;24,9;23,1;72;65;72;129;10,5;5,3;
2020/04/01;1800 UTC;0;1004;1004,1;1003,9;1715,8;30,3;24,3;31;29,8;24,8;23,7;73;67;70;138;8,7;4,9;
2020/04/01;1900 UTC;0;1004,3;1004,3;1003,9;850,1;30,1;24,4;30,3;29,6;24,6;23,6;74;69;72;135;8,7;3,7;
2020/04/01;2000 UTC;0;1005,3;1005,3;1004,3;459;29,4;24,5;30,2;29,3;24,7;23,7;76;70;75;133;8;4,3;
2020/04/01;2100 UTC;,2;1005,7;1005,9;1005,3;29,8;26,7;24,3;29,4;26,1;24,8;23,6;91;75;86;142;11,9;3;
2020/04/01;2200 UTC;2,2;1006;1006;1005,5;;26,3;25,1;27;26,2;25,5;24,2;93;86;93;117;5,9;2,6;
2020/04/01;2300 UTC;0;1007,2;1007,2;1006,1;;26,8;25,6;26,8;26,3;25,6;25,2;94;93;93;149;5,7;1,1;
2020/04/02;0000 UTC;0;1007,6;1007,6;1007,2;;27,3;25,5;27,3;26,8;25,7;25,5;93;90;90;149;2,7;1,3;
2020/04/02;0100 UTC;0;1007,3;1007,6;1007,3;;27,4;25,5;27,4;27,2;25,7;25,5;91;90;90;165;3,4;1,1;
2020/04/02;0200 UTC;0;1007,1;1007,3;1007;;26,9;25;27,5;26,9;25,5;24,9;90;87;89;183;3,6;2,1;
2020/04/02;0300 UTC;0;1006,6;1007,2;1006,6;;26,2;24,4;26,9;26,2;25;24,4;90;89;90;206;4;1,8;
2020/04/02;0400 UTC;0;1005,9;1006,6;1005,9;;26,2;24,3;26,3;26,1;24,5;24,3;90;89;90;185;4,7;2,3;
2020/04/02;0500 UTC;0;1005,7;1005,9;1005,3;;26;24,2;26,2;25,9;24,3;24,1;90;89;90;178;4,9;2,5;
2020/04/02;0600 UTC;,4;1005,9;1005,9;1005,6;;25,5;24,3;26;25,4;24,3;24;94;90;94;173;6,2;2,6;
2020/04/02;0700 UTC;1,6;1006;1006,1;1005,8;;25,5;24,5;25,5;25,2;24,5;24,2;95;93;94;193;6,9;3,2;
2020/04/02;0800 UTC;0;1005,8;1006,1;1005,8;;25,1;24,1;25,5;25,1;24,5;24,1;95;94;94;193;6,9;2,8;
2020/04/02;0900 UTC;,6;1006,5;1006,5;1005,8;33,3;25,1;24,2;25,1;25;24,2;24;95;94;95;182;5,3;2,2;
2020/04/02;1000 UTC;0;1007,2;1007,2;1006,5;356;25,8;24,3;25,8;25;24,5;24,2;95;91;91;178;4,8;2,8;
2020/04/02;1100 UTC;0;1007,5;1007,5;1007,2;1520,5;27,4;24,3;27,6;25,7;24,6;24,1;91;83;83;189;7,8;3,1;
2020/04/02;1200 UTC;0;1007,9;1007,9;1007,5;1566,9;28;24,8;28,4;27,4;25,2;24,3;84;81;83;174;6,8;3,4;
2020/04/02;1300 UTC;0;1008;1008,2;1007,9;1881,9;29,5;25,4;29,5;27,4;25,5;24,4;85;79;79;167;6,2;3,4;
2020/04/02;1400 UTC;0;1007,1;1008;1007,1;2935,3;30,4;25,5;30,7;29,2;26;24,8;79;73;75;160;8;4;
2020/04/02;1500 UTC;0;1006,2;1007,1;1006,2;3255,3;30,6;24,7;31,1;30,2;25,7;24,4;75;70;71;137;8,3;4,7;
2020/04/02;1600 UTC;0;1005,6;1006,2;1005,5;2675,9;29,6;24,9;31,1;29,6;26;24,5;79;70;76;141;9,2;5,1;
2020/04/02;1700 UTC;,2;1005;1005,6;1004,9;1651,8;28,1;25,5;29,6;28,1;26,4;24,7;87;76;85;123;9;5;
2020/04/02;1800 UTC;4,2;1004,6;1005;1004,6;1428,5;29,3;26,3;29,5;27,2;27,2;25,5;93;83;84;138;7,7;4;
2020/04/02;1900 UTC;,8;1004,7;1004,8;1004,6;1311,7;28,4;25,8;29,6;28,4;26,5;25,4;87;81;86;138;9,3;4,7;
2020/04/02;2000 UTC;0;1005,3;1005,3;1004,7;282,3;28,1;25,4;28,4;27,9;25,8;25,2;87;85;85;137;8,1;3,3;
2020/04/02;2100 UTC;0;1005,6;1005,7;1005,3;26,9;27,9;25,8;28,1;27,9;25,8;25,3;88;85;88;137;6,6;2,7;
2020/04/02;2200 UTC;23,4;1006,9;1007;1005,6;;24,1;23,5;28,1;24,1;25,9;22,7;96;86;96;84;14,1;5,8;
2020/04/02;2300 UTC;3;1006,8;1007,2;1006,6;,6;25,4;24,5;25,4;24,1;24,6;23,6;98;95;95;164;10,7;1,9;
2020/04/03;0000 UTC;,2;1006,9;1006,9;1006,7;,3;25,6;24,4;25,6;25,3;24,5;24,4;95;93;93;164;3,7;1,2;
2020/04/03;0100 UTC;0;1007,1;1007,2;1006,7;;25,4;24,3;25,8;25,2;24,7;24,1;94;93;94;208;3;1,6;
2020/04/03;0200 UTC;0;1006,9;1007,2;1006,8;;25,6;24,5;25,7;25,4;24,6;24,3;94;93;94;203;3,4;1,7;
2020/04/03;0300 UTC;0;1006;1006,9;1006;;25,9;24,9;26;25,6;24,9;24,5;94;94;94;184;4,3;2,5;
2020/04/03;0400 UTC;0;1005,3;1006,2;1005,3;;25,9;24,9;25,9;25,8;24,9;24,8;94;94;94;178;4,5;2,9;
2020/04/03;0500 UTC;0;1004,9;1005,3;1004,9;;25,7;24,7;25,9;25,6;24,9;24,7;94;94;94;192;4,5;1,4;
2020/04/03;0600 UTC;,4;1004,7;1004,9;1004,5;;25,7;24,5;26,1;25,7;24,9;24,5;94;92;93;192;6,1;2,6;
2020/04/03;0700 UTC;0;1004,7;1004,8;1004,5;;25,7;24,4;25,7;25,6;24,6;24,4;94;93;93;190;5,5;3;
2020/04/03;0800 UTC;0;1005,4;1005,4;1004,7;;25,5;24,1;25,7;25,5;24,4;24,1;93;92;92;196;7,2;3,3;
2020/04/03;0900 UTC;0;1005,9;1005,9;1005,3;48,9;25,5;24;25,5;25,4;24,1;24;92;91;92;185;6;3,4;
2020/04/03;1000 UTC;0;1006,5;1006,5;1005,8;539,3;26,1;24,3;26,2;25,5;24,3;24;92;89;90;186;6;2,4;
2020/04/03;1100 UTC;0;1007,1;1007,1;1006,5;1438,5;27,8;24,6;28;26,1;24,9;24,2;90;82;83;175;6,5;3,6;
2020/04/03;1200 UTC;0;1007,4;1007,5;1007,1;2458,3;29,4;24,6;29,4;27,8;25,1;24,3;83;75;76;166;7,7;4,7;
2020/04/03;1300 UTC;0;1006,8;1007,5;1006,8;3005,7;30,3;23,8;30,7;29,3;25,2;23,8;76;68;68;158;8;4,4;
2020/04/03;1400 UTC;0;1005,9;1006,9;1005,9;3490,5;30,7;24,7;31,5;30,1;25,5;23,8;73;68;70;141;8,3;4,9;
2020/04/03;1500 UTC;0;1005,5;1005,9;1005,4;3625,4;30,7;25,5;31;30,1;25,6;24,2;75;70;74;136;9,7;4,8;
2020/04/03;1600 UTC;0;1004,6;1005,5;1004,6;3401,4;30,3;24,9;31,2;30,2;26;24,7;76;70;73;124;9,1;4,5;
2020/04/03;1700 UTC;0;1003,6;1004,6;1003,6;3028,6;30,4;26;31;30;26;25,1;77;73;77;137;9,5;5,3;
2020/04/03;1800 UTC;0;1003,6;1004,2;1003,4;2196,3;27,7;24,9;30,7;27,5;26,2;24,4;86;74;85;119;13,1;5,3;
2020/04/03;1900 UTC;1,2;1003,6;1003,6;1003,3;1723,7;27,6;25,7;28,2;27,1;25,8;24,8;91;83;90;119;10,1;3,7;
2020/04/03;2000 UTC;0;1003,8;1003,8;1003,6;522,8;27,6;25;28;27,5;26,1;25;90;86;86;110;6,8;2,3;
2020/04/03;2100 UTC;0;1004,1;1004,1;1003,8;35,9;27,3;25,2;27,6;27,3;25,3;24,9;89;86;88;132;5,2;2,3;
2020/04/03;2200 UTC;0;1005,2;1005,2;1004,1;;27,5;25,2;27,6;27,3;25,2;24,9;88;86;87;135;5,6;2,8;
2020/04/03;2300 UTC;0;1005,7;1005,7;1005,2;;27,6;25,3;27,7;27,4;25,5;25,2;89;87;87;141;6;3;
2020/04/04;0000 UTC;0;1006;1006;1005,7;;27,3;25,3;27,6;27,3;25,4;25,2;89;87;88;140;5,1;2,2;
2020/04/04;0100 UTC;0;1005,9;1006;1005,8;;27,5;25,3;27,5;27,3;25,6;25,3;90;88;88;138;4,8;2,2;
2020/04/04;0200 UTC;0;1005,8;1006,1;1005,8;;27,5;25,3;27,6;27,3;25,4;25,1;89;87;88;129;4,4;2;
2020/04/04;0300 UTC;0;1005;1005,8;1005;;27,3;25,3;27,6;27,3;25,5;25,3;89;88;89;149;4,2;1,7;
2020/04/04;0400 UTC;0;1004,3;1005;1004,3;;26,9;25,3;27,4;26,9;25,5;25,1;91;89;91;177;2,9;1,2;
2020/04/04;0500 UTC;0;1004;1004,4;1004;;26,3;25;26,9;26,3;25,3;25;93;91;93;208;2,4;1,2;
2020/04/04;0600 UTC;0;1003,7;1004;1003,6;;25,9;25;26,3;25,8;25;24,8;95;93;95;207;2,6;1,1;
2020/04/04;0700 UTC;0;1003,5;1003,8;1003,5;;25,6;24,6;25,9;25,5;25;24,6;95;94;95;211;3,3;1,5;
2020/04/04;0800 UTC;0;1003,8;1003,8;1003,5;;25,6;24,6;25,6;25,5;24,7;24,5;95;94;94;178;3,5;1,6;
2020/04/04;0900 UTC;0;1004,4;1004,4;1003,8;23,6;25,7;24,7;25,7;25,5;24,7;24,5;94;94;94;194;2,6;1,2;
2020/04/04;1000 UTC;0;1005,3;1005,3;1004,4;603,8;27,2;25,2;27,3;25,7;25,4;24,7;94;89;89;192;3,2;1,7;
2020/04/04;1100 UTC;0;1006,2;1006,2;1005,3;1523,3;28,8;25,8;28,8;27,2;25,9;25,1;89;83;84;149;3,8;2;
2020/04/04;1200 UTC;0;1006,5;1006,6;1006,2;2370,6;30,1;25,7;30,4;28,7;26,6;25,4;85;76;77;136;6;3,1;
2020/04/04;1300 UTC;0;1006,5;1006,7;1006,5;3098,9;30,6;25,8;31,1;29,8;26,5;25,2;80;74;75;109;6;2,8;
2020/04/04;1400 UTC;0;1006;1006,5;1005,9;3083,4;30,7;26,1;31,5;29,2;26,9;25,4;83;74;77;110;6,3;3,5;
2020/04/04;1500 UTC;0;1005,2;1006;1005,1;3459,3;29,7;24,7;31,7;29,6;27;24,7;78;74;74;115;9,2;5,1;
2020/04/04;1600 UTC;,2;1004,4;1005,2;1004,3;2650,2;30,7;25,9;31,7;28,1;27;24,4;85;74;76;116;9,2;3,1;
2020/04/04;1700 UTC;2,8;1003,6;1004,6;1003,6;1433,5;29,2;25,8;30,8;25,6;26,5;23,5;91;76;82;125;10,1;2,4;
2020/04/04;1800 UTC;0;1003,9;1003,9;1003,6;1599,8;28,9;26;29,6;28,8;26,6;25,3;85;80;84;135;6,8;3,9;
2020/04/04;1900 UTC;0;1004,1;1004,3;1003,9;903,1;28,7;25,3;29,1;28,5;26,2;25;85;80;82;137;6,4;2,7;
2020/04/04;2000 UTC;0;1004,6;1004,6;1004,1;249,2;28,6;25,6;28,7;28,5;25,7;25,2;85;82;84;129;5,1;2,6;
2020/04/04;2100 UTC;0;1005,4;1005,4;1004,6;16,1;28,5;24;28,9;28,2;26;24;86;77;77;112;8,1;2,3;
2020/04/04;2200 UTC;0;1005,8;1005,8;1005,4;;28,4;25,5;28,6;28,4;25,7;23,9;85;77;84;134;4,4;2,4;
2020/04/04;2300 UTC;0;1006,4;1006,4;1005,8;;28,6;24,8;28,7;28,4;25,5;24,8;84;80;80;121;5,6;2,7;
2020/04/05;0000 UTC;0;1007,1;1007,1;1006,4;;28,6;25;28,8;28,5;25;24,6;81;78;81;121;4,6;2,3;
2020/04/05;0100 UTC;0;1007,5;1007,5;1007,1;;28,6;25,5;28,7;28,5;25,7;25;84;81;83;126;5,1;2,7;
2020/04/05;0200 UTC;0;1007,1;1007,5;1007,1;;28,5;25,6;28,7;28,4;25,6;25,1;84;81;84;129;5,6;2,4;
2020/04/05;0300 UTC;0;1006,7;1007,1;1006,7;;28,2;25,5;28,5;28,2;25,7;25,4;86;84;85;119;5,1;2,1;
2020/04/05;0400 UTC;0;1005,8;1006,7;1005,8;;27,9;25,3;28,5;27,9;25,5;24,8;86;80;86;136;4,2;2;
2020/04/05;0500 UTC;0;1005,3;1005,9;1005,3;;28;25,5;28;27,4;25,7;24,7;88;84;86;118;4,3;2,1;
2020/04/05;0600 UTC;0;1005,3;1005,3;1005,2;;28,2;25,4;28,2;27,9;25,6;25,3;87;85;85;107;4,6;2,5;
2020/04/05;0700 UTC;0;1004,9;1005,2;1004,8;;27,9;25,3;28,2;27,9;25,5;25,1;86;84;86;119;4,6;1,9;
2020/04/05;0800 UTC;0;1004,9;1005;1004,9;;26,8;24,7;28,2;26,8;25,4;24,5;88;84;88;215;3,8;1,4;
2020/04/05;0900 UTC;0;1005,4;1005,4;1004,9;22,5;26,6;25,3;26,8;26,6;25,5;24,7;93;88;93;217;3,1;1,3;
2020/04/05;1000 UTC;0;1006;1006;1005,4;502,7;27,9;25,8;28,1;26,5;26,3;25,2;93;89;89;227;3,3;1,8;
2020/04/05;1100 UTC;0;1006,6;1006,7;1006;1341,6;30;26;30;27,9;26,4;25,6;90;79;79;134;5,5;2,5;
2020/04/05;1200 UTC;0;1007,2;1007,2;1006,6;2223,8;30;25,9;30,6;29,6;26,6;25,3;81;77;79;128;6;3,2;
2020/04/05;1300 UTC;0;1007,2;1007,4;1007,2;2171;29,8;26,4;30,8;29,2;26,6;25,4;82;77;82;114;5,9;3,4;
2020/04/05;1400 UTC;3;1006,9;1007,2;1006,9;1677,2;27,7;25,5;30;26,1;26,5;24,2;93;79;88;104;7,5;2,1;
2020/04/05;1500 UTC;0;1006,2;1006,9;1006,1;3475,7;30,1;26;30,5;27,7;26,8;24,9;89;78;79;106;6,3;3,4;
2020/04/05;1600 UTC;0;1005,3;1006,2;1005,3;3479,9;30,9;26,3;31,1;30;27;25,8;81;75;77;101;6,6;3,6;
2020/04/05;1700 UTC;,4;1004,5;1005,3;1004,4;2557,5;29,7;26,2;31,3;28,9;27,3;25,8;87;75;82;118;7,4;3,2;
2020/04/05;1800 UTC;0;1004,3;1004,5;1004,2;2288;30,2;25,6;30,9;29,6;27,1;25,2;82;76;76;124;7,1;4,3;
2020/04/05;1900 UTC;0;1004,4;1004,4;1004,2;951,7;29,3;25,7;30,3;29,3;26,4;25,5;82;76;81;116;7,1;2,9;
2020/04/05;2000 UTC;0;1005,5;1005,5;1004,4;329;29,2;25,7;29,5;29,2;26;25,6;83;80;81;110;5,5;2,3;
2020/04/05;2100 UTC;0;1005,7;1005,7;1005,4;29,1;28,7;25,9;29,2;28,6;26;25,6;85;81;85;112;5,5;2,5;
2020/04/05;2200 UTC;0;1006,2;1006,3;1005,7;;28,9;25,7;28,9;28,6;26,1;25,6;86;83;83;118;6;3,4;
2020/04/05;2300 UTC;0;1007,2;1007,2;1006,2;;28,9;25,4;29,1;28,8;25,9;25,2;84;80;81;124;6,8;3,2;
2020/04/06;0000 UTC;0;1007,9;1007,9;1007,2;;28,9;25,5;29;28,8;25,7;25,4;83;81;82;124;6,3;3,3;
2020/04/06;0100 UTC;0;1008,2;1008,2;1007,9;;28,5;25,4;28,9;28,4;25,6;24,8;83;80;83;132;7,6;2,3;
2020/04/06;0200 UTC;0;1007,7;1008,3;1007,7;;28,7;25,5;28,9;28,6;25,5;25,3;83;81;83;133;6,2;3,2;
2020/04/06;0300 UTC;0;1007,2;1007,7;1007,2;;28,6;25,4;28,8;28,5;25,5;25,2;83;82;83;133;6,2;2,6;
2020/04/06;0400 UTC;0;1006,6;1007,2;1006,6;;28,6;25,2;28,6;28,4;25,4;25,2;84;82;82;133;5,6;3,1;
2020/04/06;0500 UTC;3,2;1006;1006,6;1006;1,1;27,7;25,4;28,6;27,1;25,9;24,9;90;82;87;126;7,5;2,7;
2020/04/06;0600 UTC;0;1006;1006,1;1005,9;2,2;27,7;25,2;27,9;27,6;25,4;25;87;85;86;112;5,3;2,3;
2020/04/06;0700 UTC;0;1005,9;1006,1;1005,9;,5;27,9;25,3;27,9;27,6;25,5;25,2;87;85;85;125;6,3;2,6;
2020/04/06;0800 UTC;0;1006,3;1006,3;1005,9;;28;25,2;28,1;27,7;25,5;24,9;87;83;85;124;6,3;2,9;
2020/04/06;0900 UTC;0;1006,8;1006,8;1006,3;38,1;28;25;28;27,7;25,2;24,7;85;83;84;129;5,5;2,5;
2020/04/06;1000 UTC;0;1007,2;1007,3;1006,8;463,7;28,6;25,4;28,8;28;25,8;24,8;85;81;83;136;8;3,5;
2020/04/06;1100 UTC;0;1008;1008;1007,2;1179,2;29,4;25,2;30;28,6;26;24,9;83;77;78;132;6,8;3,6;
2020/04/06;1200 UTC;0;1008,8;1008,8;1008;1338,4;29,9;25,5;30,4;28,7;26,1;24,9;83;76;77;133;7,1;4;
2020/04/06;1300 UTC;0;1008,7;1009;1008,7;3187,8;30,5;25,2;30,7;29,8;25,6;24,4;78;70;73;122;7,4;4,2;
2020/04/06;1400 UTC;0;1008;1008,7;1008;3570,6;30,6;25,5;31,1;30,2;25,9;24,6;77;70;74;120;7,6;4,2;
2020/04/06;1500 UTC;0;1007,5;1008;1007,5;3664;30,9;24,8;31,2;30,4;26,1;24,5;76;70;70;126;8,9;4,3;
2020/04/06;1600 UTC;0;1006,6;1007,5;1006,6;3406,2;30,3;24,8;31,1;30,2;25,7;24,4;75;69;73;124;8;4,7;
2020/04/06;1700 UTC;0;1005,8;1006,6;1005,8;2951,5;30,5;24,4;31,2;30,3;25,3;24;73;68;70;124;8,1;4,3;
2020/04/06;1800 UTC;0;1005,3;1005,8;1005,3;2335,2;30,1;24,6;31,1;29,9;25;23,8;74;67;73;125;8,5;5;
2020/04/06;1900 UTC;0;1005,4;1005,5;1005,3;1225;30;25,3;30,6;29,7;25,5;24,4;77;71;76;135;9,4;4,4;
2020/04/06;2000 UTC;0;1005,9;1006;1005,4;225;29,1;25;30;29,1;25,3;24,6;79;76;79;128;8,5;3,7;
2020/04/06;2100 UTC;0;1006,2;1006,2;1005,9;38,7;28,8;24,7;29,2;28,8;25,2;24,5;80;77;78;126;7,3;3,5;
2020/04/06;2200 UTC;0;1006,6;1006,6;1006,2;;28,8;24,8;28,9;28,8;25,1;24,6;80;78;79;129;8;4,2;
2020/04/06;2300 UTC;0;1007,5;1007,5;1006,6;;28,8;24,5;28,8;28,7;25;24,5;80;78;78;129;8,5;4,9;
2020/04/07;0000 UTC;0;1008,1;1008,1;1007,5;;28,6;24,5;28,8;28,6;25;24,4;80;77;79;134;8,1;3,7;
2020/04/07;0100 UTC;0;1008,1;1008,2;1008,1;;28,4;24,5;28,7;28,4;24,7;24,1;79;77;79;131;7,8;3,3;
2020/04/07;0200 UTC;0;1007,5;1008,1;1007,5;;28,4;24;28,5;28,3;24,5;23,8;79;76;77;127;6,2;3,5;
2020/04/07;0300 UTC;0;1006,4;1007,5;1006,4;;28;23,7;28,4;28;24,2;23,7;79;76;78;140;6,8;3,1;
2020/04/07;0400 UTC;0;1005,8;1006,4;1005,8;;27,9;23,8;28,2;27,9;24;23,8;79;77;78;147;7,1;3;
2020/04/07;0500 UTC;0;1005,5;1005,8;1005,4;;28;24;28;27,8;24;23,6;80;77;79;132;6,4;2,8;
2020/04/07;0600 UTC;0;1005,1;1005,5;1005,1;;27,9;23,9;28,1;27,8;24;23,6;79;77;79;140;7,5;3;
2020/04/07;0700 UTC;0;1005,1;1005,3;1005;;26,3;24;28;26,2;24;23,4;87;78;87;203;5,9;1,9;
2020/04/07;0800 UTC;0;1005,4;1005,4;1004,9;;25,9;24;26,5;25,9;24,2;23,9;89;87;89;179;5;2,6;
2020/04/07;0900 UTC;0;1006;1006;1005,3;25,6;25,9;24,1;25,9;25,7;24,1;23,9;90;89;90;194;5,5;2,4;
2020/04/07;1000 UTC;0;1006,5;1006,5;1006;268,6;26,2;24,1;26,4;25,9;24,4;24;90;88;88;192;4,6;2,3;
2020/04/07;1100 UTC;0;1007,2;1007,2;1006,5;924,8;27,8;25,1;27,8;26;25,4;24,1;91;85;85;179;5,8;2,9;
2020/04/07;1200 UTC;0;1007,8;1007,8;1007,2;2492,6;29,9;24,6;30,2;27,8;25,3;24,5;85;72;73;145;8,2;4,8;
2020/04/07;1300 UTC;0;1007,9;1008;1007,8;3059,9;30,5;24;31,1;29,6;25,6;23,7;76;66;68;136;10,5;5,3;
2020/04/07;1400 UTC;,2;1007,6;1007,9;1007,6;3516,7;30,7;24,6;31,2;30,4;25,2;23,7;72;66;70;125;10,5;5,2;
2020/04/07;1500 UTC;0;1007;1007,6;1007;3588,7;30,7;23,8;31,5;30,2;24,9;23,7;72;65;67;137;10,3;5,8;
2020/04/07;1600 UTC;0;1006;1007;1006;3397,5;30,8;23,8;31,1;30,1;24,8;23,6;71;66;66;138;11,1;6,1;
2020/04/07;1700 UTC;0;1005,3;1006,1;1005,3;2922,9;30,4;24,1;31,2;30,1;24,6;23,5;71;65;69;130;11;5,3;
2020/04/07;1800 UTC;0;1005,1;1005,3;1005,1;2045,3;30;24;30,8;29,7;25;23,8;73;69;70;143;10,3;6,2;
2020/04/07;1900 UTC;0;1005,2;1005,2;1005;1120,2;29,7;24,3;30,4;29,6;24,8;23,9;74;70;73;141;10,3;5,9;
2020/04/07;2000 UTC;0;1005,6;1005,6;1005,2;220,3;29,1;24,2;29,8;29,1;24,5;23,7;75;71;75;142;10,9;4,9;
2020/04/07;2100 UTC;0;1006,1;1006,1;1005,6;32,6;28,8;23,5;29,2;28,8;24,2;23;75;70;73;142;9,6;4,5;
2020/04/07;2200 UTC;0;1006,5;1006,6;1006,1;;28,6;23,6;28,8;28,6;23,8;23,2;75;72;75;144;8,5;4,1;
2020/04/07;2300 UTC;0;1006,8;1006,8;1006,5;;28,6;22,8;28,7;28,5;23,5;22,6;75;69;71;145;8,7;4,7;
2020/04/08;0000 UTC;0;1007,2;1007,2;1006,8;;28,5;23,8;28,6;28,4;24,1;22,9;77;71;76;134;8,7;4,2;
2020/04/08;0100 UTC;0;1007;1007,3;1007;;28,4;23,8;28,6;28,3;23,8;23,4;76;74;76;132;9;4,5;
2020/04/08;0200 UTC;0;1006,8;1007,1;1006,8;;28,3;23,8;28,5;28,3;24,2;23,5;78;75;77;137;8,3;3,6;
2020/04/08;0300 UTC;0;1006,4;1006,8;1006,4;;28,2;23,6;28,4;28,1;23,7;23,1;77;73;76;140;7,4;3,4;
2020/04/08;0400 UTC;0;1005,5;1006,4;1005,5;;28,1;23,6;28,3;28;23,6;23,3;77;75;77;141;7,1;3,4;
2020/04/08;0500 UTC;0;1005,1;1005,5;1005,1;;28,1;23,5;28,1;28;23,7;23,5;77;76;76;153;6,5;3,4;
2020/04/08;0600 UTC;0;1004,8;1005,1;1004,8;;26,3;23,6;28,1;26,3;23,6;23,4;85;76;85;177;6,5;2,3;
2020/04/08;0700 UTC;0;1004,8;1004,8;1004,8;;25,7;23,5;26,3;25,7;23,7;23,5;88;85;88;194;4,8;2,8;
2020/04/08;0800 UTC;0;1004,9;1004,9;1004,7;;25,3;23,5;25,7;25,2;23,5;23,4;90;88;90;189;5,2;2,4;
2020/04/08;0900 UTC;0;1005,4;1005,5;1004,8;34,8;25,4;23,7;25,4;25,2;23,7;23,4;90;90;90;193;5,3;2,5;
2020/04/08;1000 UTC;0;1005,7;1005,7;1005,4;560,4;26,4;23,8;26,4;25,4;23,9;23,6;90;85;85;195;7,8;3,7;
2020/04/08;1100 UTC;0;1006;1006,1;1005,7;1619,1;28,4;23,8;28,5;26,4;24,2;23,7;85;76;76;171;7,8;4,5;
2020/04/08;1200 UTC;0;1006,2;1006,3;1006;2403,2;30;23,2;30,2;28,4;24,2;22,6;77;65;67;148;10,4;5,3;
2020/04/08;1300 UTC;0;1006,2;1006,5;1006,2;2911,8;30,5;23,8;30,9;29,7;24,1;22,7;70;63;67;142;10,5;4,4;
2020/04/08;1400 UTC;0;1005,3;1006,2;1005,3;3475;31;23,8;31,2;30,3;24,1;22,8;68;63;66;148;9,5;5,2;
2020/04/08;1500 UTC;0;1004,8;1005,3;1004,8;3581,7;30,8;24,6;31,7;30,3;25,3;23,5;70;65;70;139;9,4;4,4;
2020/04/08;1600 UTC;0;1004,2;1004,8;1004,1;3352,3;31,1;24,8;31,4;30,3;25,1;23,8;71;67;69;127;10;5,1;
2020/04/08;1700 UTC;0;1003,6;1004,2;1003,6;2905,5;30,4;24,7;31,3;30,2;25,4;24,1;72;67;72;127;9,4;5,1;
2020/04/08;1800 UTC;0;1003;1003,6;1003;2290,6;30,3;25;30,7;29,9;25,3;24,3;74;71;73;138;9,3;5,1;
2020/04/08;1900 UTC;0;1003,2;1003,2;1002,9;1124,4;29,8;24,7;30,4;29,5;25,1;24,4;75;72;74;139;9,3;5;
2020/04/08;2000 UTC;0;1003,7;1003,7;1003,2;241,6;29,3;24,5;29,8;29,3;24,9;24,4;76;74;76;151;9,1;4,7;
2020/04/08;2100 UTC;0;1004,1;1004,1;1003,7;29,1;29;24,6;29,3;28,9;24,8;24,5;78;76;77;157;8,1;3,7;
2020/04/08;2200 UTC;0;1004,6;1004,6;1004;;28,8;24,7;29;28,7;24,8;24,6;79;77;79;151;8,3;4,7;
2020/04/08;2300 UTC;0;1005,5;1005,5;1004,6;;28,7;24,9;28,8;28,6;24,9;24,7;80;78;80;148;8,3;4,8;
2020/04/09;0000 UTC;0;1006,1;1006,1;1005,5;;28,6;24,8;28,7;28,6;25;24,8;81;80;80;148;8;3,5;
2020/04/09;0100 UTC;0;1006,1;1006,2;1006,1;;28,5;24,9;28,7;28,5;25;24,8;81;80;81;146;6,7;3,6;
2020/04/09;0200 UTC;0;1005,9;1006,1;1005,9;;28,6;24,9;28,6;28,5;24,9;24,8;81;80;80;145;7,2;3,3;
2020/04/09;0300 UTC;0;1005,7;1006;1005,7;;28,5;24,8;28,6;28,4;24,9;24,7;81;80;80;154;7,4;3,8;
2020/04/09;0400 UTC;0;1005,2;1005,7;1005,2;;27,4;24,6;28,5;27,4;24,7;24,6;85;80;85;201;6,7;1,9;
2020/04/09;0500 UTC;0;1004,9;1005,2;1004,9;;26,8;24,4;27,4;26,8;24,6;24,3;86;85;86;197;4,6;2,4;
2020/04/09;0600 UTC;0;1004,8;1005;1004,7;;26,2;24,1;26,8;26,2;24,4;24;88;86;88;186;4,9;2,4;
2020/04/09;0700 UTC;0;1004,7;1004,8;1004,7;;25,9;24;26,3;25,9;24,2;24;89;88;89;191;4,9;1,9;
2020/04/09;0800 UTC;0;1005;1005;1004,6;;25,9;24;26;25,9;24;23,9;89;89;89;185;4,4;1,9;
2020/04/09;0900 UTC;0;1005,5;1005,5;1005;53,8;26;24,1;26;25,7;24,1;23,8;90;89;89;188;4,2;1,9;
2020/04/09;1000 UTC;0;1005,7;1005,7;1005,5;738;27,2;24,3;27,3;26;24,5;23,9;89;84;84;180;4,8;2,5;
2020/04/09;1100 UTC;0;1006,1;1006,1;1005,7;1516,4;28,7;24,9;28,8;27,1;25,1;24,2;84;80;80;172;5,7;2,5;
2020/04/09;1200 UTC;0;1006,5;1006,6;1006;2389,4;30,1;24,9;30,4;28,5;25,4;24,7;81;74;74;132;8,5;4,3;
2020/04/09;1300 UTC;0;1006,4;1006,7;1006,4;2881,3;30,4;24,8;30,8;29,7;25,2;23,9;75;70;72;134;8,1;4,5;
2020/04/09;1400 UTC;0;1005,8;1006,4;1005,8;3133,7;30,7;24,8;31,2;29,8;25,5;24,1;74;67;71;125;8,3;4,6;
2020/04/09;1500 UTC;0;1005,3;1005,9;1005,3;3440,7;30,2;24,2;31,2;30,2;25,2;23,8;72;67;71;121;8,3;4,4;
2020/04/09;1600 UTC;0;1004,5;1005,4;1004,5;3206,9;30,8;25;31,3;30,1;25,2;24;72;68;71;129;7,9;4,5;
2020/04/09;1700 UTC;0;1004;1004,5;1004;2682,9;30,4;24,3;31,2;30,1;25,7;23,5;74;67;70;126;8,1;4,6;
2020/04/09;1800 UTC;0;1003,6;1004;1003,6;2198,2;30,5;24,6;31;30;24,9;23,9;73;68;71;127;7,9;4;
2020/04/09;1900 UTC;0;1003,6;1003,7;1003,5;1177,8;29,6;24,2;30,6;29,6;25;24,1;74;71;73;129;7,7;4,5;
2020/04/09;2000 UTC;0;1003,8;1003,8;1003,6;263,3;29,2;24,7;29,9;29,2;25,1;24,3;77;73;77;127;7,4;3,4;
2020/04/09;2100 UTC;0;1004,3;1004,3;1003,8;28,2;28,9;24,8;29,2;28,8;24,9;24,6;79;76;79;123;6,3;3,4;
2020/04/09;2200 UTC;0;1004,7;1004,7;1004,3;;28,6;25,3;28,9;28,6;25,4;24,7;82;78;82;126;6,7;3;
2020/04/09;2300 UTC;0;1005,5;1005,5;1004,7;;28,7;24,7;28,7;28,6;25,3;24,7;82;79;79;126;6,2;3,2;
2020/04/10;0000 UTC;0;1006,1;1006,1;1005,5;;28,5;24,8;28,7;28,5;25;24,5;81;78;80;123;5,1;2,8;
2020/04/10;0100 UTC;0;1006,5;1006,5;1006,1;;28,5;24,3;28,6;28,4;25;24,3;82;78;78;128;4,6;2,6;
2020/04/10;0200 UTC;0;1006;1006,5;1006;;28,4;25,4;28,5;28,3;25,4;24,3;84;78;84;135;4,5;2,1;
2020/04/10;0300 UTC;0;1005,5;1006;1005,5;;28,4;25,4;28,5;28,3;25,4;25;84;82;84;141;4,1;2,1;
2020/04/10;0400 UTC;0;1005,1;1005,5;1005,1;;27,7;24,7;28,3;27,6;25,6;24,6;87;83;84;139;5,7;1,7;
2020/04/10;0500 UTC;0;1004,9;1005,1;1004,9;;26,8;24,2;27,7;26,8;24,8;24,2;86;84;85;172;5,2;2,3;
2020/04/10;0600 UTC;0;1004,8;1004,9;1004,8;;26,1;23,5;26,8;26,1;24,1;23,4;86;85;86;163;5,3;2,6;
2020/04/10;0700 UTC;0;1004,6;1004,9;1004,5;;25,7;23,5;26,2;25,7;23,8;23,5;88;86;88;188;4,7;1,8;
2020/04/10;0800 UTC;0;1005,3;1005,3;1004,6;;25,4;23,4;25,7;25,4;23,5;23,4;89;87;89;192;3,9;2,1;
2020/04/10;0900 UTC;0;1005,8;1005,8;1005,3;19,2;25,6;23,8;25,6;25,3;23,8;23,5;90;89;90;191;4,4;1,6;
2020/04/10;1000 UTC;0;1006,9;1006,9;1005,7;132,6;25,8;23,9;26,1;25,6;24,1;23,7;90;88;90;124;7;3,5;
2020/04/10;1100 UTC;,8;1007,4;1007,6;1006,9;233,5;26;24,5;26,1;25,2;24,5;23,5;93;90;91;108;7;,9;
2020/04/10;1200 UTC;,2;1008;1008,1;1007,4;740,3;27,1;24,4;27,4;26;25,3;24,3;92;84;86;138;5,8;2,9;
2020/04/10;1300 UTC;0;1008;1008,3;1008;2237,8;29,1;24,6;29,1;27;25,8;23,7;87;75;77;130;5,3;2,6;
2020/04/10;1400 UTC;0;1007,5;1008;1007,5;2076,2;30;25,1;30;28,6;25,1;22,8;77;70;75;137;7;4,2;
2020/04/10;1500 UTC;0;1006,4;1007,5;1006,4;3157;30,1;23,9;30,7;28,9;24,9;23,1;77;64;70;121;7,5;4,3;
2020/04/10;1600 UTC;0;1005,6;1006,5;1005,6;3273,8;30,4;23,9;31;29,8;24,2;22;71;60;68;127;7,5;3,8;
2020/04/10;1700 UTC;0;1005,1;1005,6;1005,1;2830,2;29,8;23,6;30,9;29,7;24,7;23,3;72;67;70;129;8,4;4,5;
2020/04/10;1800 UTC;0;1005,1;1005,2;1005;2369,4;29;24,1;30,8;28,8;25,1;23,9;77;70;75;115;8,9;5,1;
2020/04/10;1900 UTC;0;1005,2;1005,3;1005;928,5;29,1;24,2;29,5;28,1;25;23,7;81;74;75;130;8,4;4,5;
2020/04/10;2000 UTC;0;1005,3;1005,4;1005,2;327,1;28,2;24,4;29,2;28,2;24,4;23,5;80;74;80;121;8,4;3,3;
2020/04/10;2100 UTC;0;1005,5;1005,5;1005,3;42,5;28;24;28,3;27,9;24,4;24;81;78;79;124;6,8;2,8;
2020/04/10;2200 UTC;0;1005,9;1005,9;1005,5;;28;24;28,1;27,9;24,3;23,9;81;78;79;106;5,6;2,5;
2020/04/10;2300 UTC;0;1006,3;1006,4;1005,8;;28,1;24,2;28,3;28;24,3;23,5;80;76;79;111;4,9;2,1;
2020/04/11;0000 UTC;0;1006,9;1006,9;1006,3;;28,2;24,9;28,2;28;25,1;24,2;83;79;82;101;5,5;2,7;
2020/04/11;0100 UTC;0;1007,1;1007,2;1006,9;;28,3;25;28,4;28,1;25,1;24,9;83;82;83;109;5,5;2,3;
2020/04/11;0200 UTC;0;1007,3;1007,3;1007,1;;28,2;25,4;28,5;28,2;25,4;25,1;85;83;85;94;5,8;1,9;
2020/04/11;0300 UTC;2,4;1006,5;1007,3;1006,5;;27,3;25,4;28,4;27;25,6;24,9;91;83;89;92;6,2;2,2;
2020/04/11;0400 UTC;2,8;1006,5;1006,5;1006,3;3,9;24,6;22,8;27,6;24,6;25,5;22,8;90;86;90;54;10,1;4,5;
2020/04/11;0500 UTC;0;1005,8;1006,6;1005,8;2,1;25,2;23,2;26,1;24,6;23,8;23;92;86;89;122;9;,8;
2020/04/11;0600 UTC;0;1005,6;1005,8;1005,5;1,6;26,1;24;26,2;25,2;24,3;23,3;92;88;88;179;3,2;1,7;
2020/04/11;0700 UTC;0;1005,4;1005,7;1005,4;3,3;25,7;23,2;26,3;25,7;24;22,9;88;84;86;186;5,2;1,4;
2020/04/11;0800 UTC;0;1005,6;1005,7;1005,3;1,4;26;23,7;26;25,2;24;23,1;90;86;87;178;4,3;2,5;
2020/04/11;0900 UTC;0;1005,9;1005,9;1005,5;47,9;25,8;23,4;26;25,6;23,7;22,9;88;84;87;187;4,4;2,3;
2020/04/11;1000 UTC;0;1006,6;1006,6;1005,9;269,5;26,3;24;26,3;25,6;24;23,1;88;86;87;185;4;1,4;
2020/04/11;1100 UTC;0;1007,1;1007,1;1006,6;1400,4;29,1;24,5;29,4;26,3;25,3;24;88;74;76;123;5,4;3,1;
2020/04/11;1200 UTC;0;1007,5;1007,5;1007,1;2106,5;28,5;24,9;30;27,9;25,8;22,9;81;74;81;183;7,7;2,2;
2020/04/11;1300 UTC;0;1007,4;1007,6;1007,2;2449,1;28,8;25,3;30,7;27,9;25,9;23,7;82;71;81;130;10;4,5;
2020/04/11;1400 UTC;0;1006,8;1007,4;1006,8;3367,3;30,6;24,8;30,8;28,5;25,9;24,4;81;71;71;111;7,6;3,4;
2020/04/11;1500 UTC;0;1006,1;1006,8;1006,1;3649,5;30,7;25,1;31,2;30,2;25,6;24,5;74;70;72;117;6,9;3,7;
2020/04/11;1600 UTC;0;1005,2;1006,1;1005,2;3170,1;30,6;24,7;31,2;29,9;25,6;24,1;76;68;71;117;8;4,4;
2020/04/11;1700 UTC;0;1004,5;1005,2;1004,4;2764,9;30,6;24,4;31,2;30,2;25,3;23,9;73;68;70;133;8,4;4,9;
2020/04/11;1800 UTC;0;1004,2;1004,5;1004,2;2236,8;30,3;24;30,8;30,1;24,9;23,5;72;67;69;124;8,4;4,5;
2020/04/11;1900 UTC;0;1004,5;1004,5;1004,2;1126,9;29,8;24,7;30,8;29,7;24,7;23,2;74;66;74;130;7,4;4,1;
2020/04/11;2000 UTC;0;1004,7;1004,7;1004,4;221,9;29,2;24;29,9;29,2;25;23,8;76;72;74;128;6,9;3,7;
2020/04/11;2100 UTC;0;1004,9;1004,9;1004,6;20,3;28,8;24,2;29,2;28,8;24,4;24;77;74;76;127;6,6;3,4;
2020/04/11;2200 UTC;0;1005,7;1005,7;1004,9;;28,8;24,3;28,8;28,7;24,8;24,2;79;76;77;119;7,1;3,6;
2020/04/11;2300 UTC;0;1006,3;1006,3;1005,7;;28,6;23,9;28,8;28,6;24,5;23,9;78;75;76;123;6,9;3,3;
2020/04/12;0000 UTC;0;1007;1007;1006,3;;28,7;23,4;28,7;28,6;23,9;23,4;76;74;74;119;6,9;3,6;
2020/04/12;0100 UTC;0;1007,1;1007,2;1007;;28,5;23,4;28,7;28,5;24,1;23,3;76;73;74;127;7,4;3,8;
2020/04/12;0200 UTC;0;1006,8;1007,2;1006,7;;28,4;23,6;28,6;28,3;23,6;23,1;76;73;75;125;7,7;3,1;
2020/04/12;0300 UTC;0;1006,6;1006,9;1006,5;;28,4;23,2;28,5;28,2;24,2;23,2;78;74;74;131;6,7;3,9;
2020/04/12;0400 UTC;0;1006,1;1006,6;1006,1;;28,2;23,1;28,4;28,2;23,9;22,8;77;73;74;130;6,9;3,7;
2020/04/12;0500 UTC;0;1005,9;1006,1;1005,9;;28,2;22,7;28,3;28;23,5;22,6;76;72;72;136;7,1;3,6;
2020/04/12;0600 UTC;0;1006;1006;1005,9;;27,9;23,3;28,2;27,9;23,4;22,7;76;72;76;138;7,1;2,5;
2020/04/12;0700 UTC;0;1006;1006,1;1005,9;;26;23,4;28;26;23,5;22,8;86;76;86;203;4,4;1,2;
2020/04/12;0800 UTC;0;1006,1;1006,1;1005,9;;25,6;23,4;26,2;25,6;23,9;23,3;88;86;88;216;4,2;1,3;
2020/04/12;0900 UTC;0;1006,3;1006,3;1006,1;46,8;25,9;23,6;26;25,3;23,8;23,3;89;87;87;183;3,5;1,8;
2020/04/12;1000 UTC;0;1007;1007;1006,3;799,9;27,7;23,9;27,8;25,9;24,2;23,5;87;80;80;219;4,4;1,9;
2020/04/12;1100 UTC;0;1007,5;1007,5;1006,9;1444,9;29,6;23,3;29,8;27,6;24,3;22,9;80;68;69;144;7,6;4,3;
2020/04/12;1200 UTC;0;1007,8;1007,9;1007,4;2311,2;30;23,8;30,8;29,4;24,5;23,4;72;68;69;123;8,1;4,4;
2020/04/12;1300 UTC;0;1007,7;1007,9;1007,6;2960,5;30,4;24,2;30,6;30;24,2;22,9;70;65;70;137;8,6;4,9;
2020/04/12;1400 UTC;0;1007,4;1007,7;1007,4;3439,6;30,3;24,1;31;29,9;24,7;23;71;64;69;127;8,6;5,3;
2020/04/12;1500 UTC;0;1006,5;1007,4;1006,5;3652,9;30,9;23,5;31,4;30,3;24,7;23,2;70;63;65;133;8,4;4,8;
2020/04/12;1600 UTC;0;1005,8;1006,5;1005,8;3318,6;30,8;24,1;31,3;30,3;24,4;22,9;69;63;67;112;8,5;4,1;
2020/04/12;1700 UTC;0;1005,2;1005,8;1005,2;2941,8;30,5;23,5;31,6;30,3;24,3;22,8;69;63;66;121;8,4;4,4;
2020/04/12;1800 UTC;0;1004,8;1005,2;1004,8;2289,5;30,7;23,8;30,8;30,1;24,2;23,1;70;65;66;137;8,3;3,8;
2020/04/12;1900 UTC;0;1004,8;1004,8;1004,6;1149,3;29,9;23,8;30,7;29,7;24,3;23,3;71;66;70;136;7,3;3,9;
2020/04/12;2000 UTC;0;1004,7;1004,9;1004,7;204,7;29,1;23,2;30;29,1;23,8;23,2;71;68;71;129;6,9;3,9;
2020/04/12;2100 UTC;0;1004,9;1004,9;1004,7;32,8;28,5;23,6;29,1;28,5;23,7;23,1;75;70;75;133;6,3;3,3;
2020/04/12;2200 UTC;0;1005,2;1005,2;1004,9;;28,5;23,7;28,6;28,4;23,9;23,4;76;74;75;128;6,7;4,1;
2020/04/12;2300 UTC;0;1005,9;1005,9;1005,2;;28,4;24,1;28,6;28,4;24,1;23,7;78;75;78;125;6,9;3,8;
2020/04/13;0000 UTC;0;1006,6;1006,7;1005,9;;28,6;24,3;28,6;28,4;24,3;23,9;78;76;78;129;6,7;3,8;
2020/04/13;0100 UTC;0;1006,9;1006,9;1006,6;;28,5;24,2;28,7;28,5;24,4;23,5;78;74;77;129;7,8;3,4;
2020/04/13;0200 UTC;0;1006,9;1007;1006,8;;28,4;23,9;28,7;28,4;24,2;23,7;78;75;77;125;7,6;3,6;
2020/04/13;0300 UTC;0;1006,1;1006,9;1006,1;;28,2;23,7;28,5;28,2;24,1;23,7;78;76;77;128;6,7;3,3;
2020/04/13;0400 UTC;0;1005,9;1006,1;1005,9;;27,9;23,5;28,2;27,9;23,9;23,5;78;76;77;137;5,7;2,7;
2020/04/13;0500 UTC;0;1005,6;1005,9;1005,6;;27,8;23;28,1;27,7;23,5;23;77;75;75;137;5,8;2,6;
2020/04/13;0600 UTC;0;1005,8;1005,8;1005,5;;27,5;22,6;27,8;27,5;23;22,6;76;75;75;146;4,8;1,8;
2020/04/13;0700 UTC;0;1005,8;1006;1005,8;;26,1;23,3;27,5;25,9;23,4;22,6;85;75;85;195;3,3;1,8;
2020/04/13;0800 UTC;0;1006,1;1006,1;1005,7;;25;23,1;26,1;25;23,3;23;89;85;89;210;3,2;1,5;
2020/04/13;0900 UTC;0;1006,4;1006,4;1006,1;53,6;25,4;23,2;25,5;25;23,3;23,1;90;88;88;205;3,1;1,8;
2020/04/13;1000 UTC;0;1006,8;1006,8;1006,4;551;26,3;23,1;26,6;25,3;23,6;23;88;82;83;183;4,4;2,3;
2020/04/13;1100 UTC;0;1007,1;1007,1;1006,8;1632,2;29;23,4;29;26,3;24;23,1;83;72;72;141;6,1;3;
2020/04/13;1200 UTC;0;1007,3;1007,4;1007;2416,2;29,8;22,4;29,9;28,9;23,7;22,3;72;65;65;138;7,5;4,3;
2020/04/13;1300 UTC;0;1007,1;1007,3;1007,1;3054,5;29,6;22,6;30,3;29,5;23,1;22;67;62;66;126;8,4;4,2;
2020/04/13;1400 UTC;0;1006,5;1007,1;1006,5;3444,2;30,2;23;30,8;29,6;23,6;22,2;68;62;66;126;7,7;3,1;
2020/04/13;1500 UTC;0;1005,6;1006,5;1005,6;3555,1;30,3;23;30,9;29,9;23,6;22,5;67;62;65;127;7,4;3,4;
2020/04/13;1600 UTC;0;1004,4;1005,6;1004,4;3328;30,2;22,9;31,3;29,9;23,8;22,1;67;62;65;123;7,5;3,5;
2020/04/13;1700 UTC;0;1003,7;1004,4;1003,7;2879,2;30,6;23,4;31;29,8;23,8;22,2;68;62;66;119;6,5;3,6;
2020/04/13;1800 UTC;0;1003,3;1003,7;1003,3;2298,5;30;23,7;30,9;29,7;24,2;22,8;71;64;69;113;7;3,5;
2020/04/13;1900 UTC;0;1003,3;1003,3;1003,1;1097,5;29,6;23,3;30,4;29,3;24,3;23,1;71;68;69;114;6,6;3,1;
2020/04/13;2000 UTC;0;1003,7;1003,7;1003,3;222,7;28,9;23,4;29,6;28,8;23,6;23,1;73;69;73;124;5,8;3,3;
2020/04/13;2100 UTC;0;1004,1;1004,1;1003,7;33,1;28,4;23,2;28,9;28,4;23,5;23,2;74;72;74;129;5,3;2,4;
2020/04/13;2200 UTC;0;1004,8;1004,8;1004,1;;28,2;23,5;28,4;28,2;23,5;23,2;76;74;75;129;4,7;2,8;
2020/04/13;2300 UTC;0;1005,7;1005,7;1004,8;;28,2;23,9;28,3;28,2;23,9;23,5;78;75;78;140;4,5;2,5;
2020/04/14;0000 UTC;0;1006,3;1006,3;1005,7;;28,2;23,1;28,4;28,2;24;23,1;78;74;74;124;4,7;2,5;
2020/04/14;0100 UTC;0;1006,4;1006,5;1006,3;;28;23,2;28,2;27,9;23,4;23,1;76;74;75;127;4,3;2,2;
2020/04/14;0200 UTC;0;1005,9;1006,4;1005,9;;27,8;23,3;28;27,7;23,4;23,1;77;75;77;131;4,6;2,7;
2020/04/14;0300 UTC;0;1005,2;1005,9;1005,2;;27,6;23,1;27,8;27,5;23,3;23,1;77;76;77;138;4,9;2,5;
2020/04/14;0400 UTC;0;1004,7;1005,2;1004,7;;27,3;23,4;27,6;27,3;23,4;23,1;79;77;79;151;4,2;1,9;
2020/04/14;0500 UTC;0;1004,1;1004,7;1004,1;;27,1;23,5;27,3;26,9;23,5;23,3;81;79;81;172;3,4;1,6;
2020/04/14;0600 UTC;0;1003,9;1004,1;1003,9;;25,5;22,8;27,2;25,5;23,5;22,8;85;80;85;225;3;1,7;
2020/04/14;0700 UTC;0;1004,1;1004,2;1003,8;;24,5;23;25,5;24,5;23;22,8;91;85;91;237;3,6;1,2;
2020/04/14;0800 UTC;0;1004,4;1004,4;1004,1;;23,9;22,6;24,7;23,9;23,1;22,6;92;91;92;239;3,1;1,5;
2020/04/14;0900 UTC;0;1005;1005;1004,4;56,6;24,1;23;24,1;23,8;23;22,6;94;92;93;205;3,3;1,3;
2020/04/14;1000 UTC;0;1005,5;1005,5;1005;782,7;26,3;23,5;26,3;24,1;23,8;23,1;93;85;85;211;3,5;2,1;
2020/04/14;1100 UTC;0;1006;1006;1005,5;1646;28,4;24,3;28,5;26,3;24,5;23,5;85;78;78;185;4,4;2,5;
2020/04/14;1200 UTC;0;1006,1;1006,1;1005,9;2344,6;29,8;23,6;30,4;28,3;24,9;23,6;79;69;69;136;7,1;3,8;
2020/04/14;1300 UTC;0;1005,9;1006,2;1005,9;3131,5;30,4;23,5;30,6;29,6;24,3;23,2;72;66;67;136;7,1;3,6;
2020/04/14;1400 UTC;0;1005,4;1006;1005,4;3435,7;30,3;23,3;30,8;30;24,4;22,9;70;65;66;127;7,1;4,3;
2020/04/14;1500 UTC;0;1005;1005,4;1005;3517,3;30,6;24,5;31,5;30;24,6;22,8;72;63;70;120;7,7;4,3;
2020/04/14;1600 UTC;0;1004;1005;1004;3291,6;30,7;23,5;31,1;30;25,3;23;72;65;66;129;8,3;4,2;
2020/04/14;1700 UTC;0;1003,2;1004;1003,2;2648,1;29,9;23,5;31,2;29,9;24,6;22,9;70;65;69;129;8;4,6;
2020/04/14;1800 UTC;0;1003,1;1003,2;1003;1287,7;29,3;24;30,3;29,3;24,3;23,1;74;66;73;116;8;4,5;
2020/04/14;1900 UTC;0;1003,5;1003,5;1003;615,4;29,1;24;29,5;29;24,4;23,4;74;70;74;100;7,6;3,7;
2020/04/14;2000 UTC;0;1003,8;1003,9;1003,5;264,7;27,4;24,4;29,1;27,4;25,1;24,1;84;74;84;81;8,1;4,3;
2020/04/14;2100 UTC;0;1004,1;1004,1;1003,8;26,6;27,3;24,6;27,4;26,9;24,6;23,8;86;82;86;81;7,9;3,3;
2020/04/14;2200 UTC;0;1004,6;1004,6;1004,1;;27,9;23,8;27,9;27,3;24,7;23,7;86;79;79;101;6,4;3,5;
2020/04/14;2300 UTC;0;1005,2;1005,2;1004,6;;28,5;24,4;28,5;27,9;24,5;23,8;80;78;78;116;6,9;3,6;
2020/04/15;0000 UTC;0;1005,3;1005,3;1005,1;;27,8;25;28,6;27,8;25;24;85;77;85;101;6,9;3,4;
2020/04/15;0100 UTC;0;1005,4;1005,4;1005,3;;27,8;24,1;27,9;27,6;25;24,1;85;80;80;122;6,6;2,6;
2020/04/15;0200 UTC;0;1005,5;1005,7;1005,4;;28;23,8;28,2;27,8;24,2;23;81;74;78;113;5,2;2;
2020/04/15;0300 UTC;0;1004,8;1005,5;1004,8;;28,1;24;28,2;28;24,1;23,9;79;78;79;123;4,9;3;
2020/04/15;0400 UTC;0;1004,4;1004,8;1004,4;;28,2;24,3;28,3;28,1;24,4;24,1;81;78;80;120;5,4;2,6;
2020/04/15;0500 UTC;4;1004,3;1004,4;1004,1;;24,1;21,4;28,2;24,1;24,7;21,4;85;80;85;115;9,1;3,9;
2020/04/15;0600 UTC;1,4;1004,2;1004,3;1004,1;;24,9;23,8;25;23,9;24;21,5;94;85;94;237;9,1;1,4;
2020/04/15;0700 UTC;,2;1004,7;1004,8;1004,2;1;24,5;23,4;25,3;24,5;24,1;23,4;94;92;94;192;6,5;3,4;
2020/04/15;0800 UTC;1,8;1005,3;1005,3;1004,7;;24,2;23,3;24,5;24,1;23,5;23,2;95;94;95;210;6;1;
2020/04/15;0900 UTC;0;1005,8;1006;1005,3;7,2;24,2;23,4;24,2;24,1;23,5;23,3;96;95;95;308;3,4;1,1;
2020/04/15;1000 UTC;3,8;1007,2;1007,2;1005,8;34,5;24;23,2;24,2;24;23,5;23,2;96;95;96;323;1,9;,5;
2020/04/15;1100 UTC;12,2;1008,4;1008,4;1007,2;22,5;23,6;23;24,1;23,5;23,4;22,9;97;96;97;78;2,3;,8;
2020/04/15;1200 UTC;13,2;1009,3;1009,3;1008,4;45,9;23,7;23,2;23,8;23,5;23,3;23;97;97;97;142;4;1,2;
2020/04/15;1300 UTC;14,4;1009,3;1009,4;1009,2;146,5;22,9;22,5;23,7;22,9;23,2;22,5;98;97;98;189;8;3,3;
2020/04/15;1400 UTC;5;1008,4;1009,3;1008,4;848,8;24;23,3;24;22,9;23,4;22,4;98;96;96;198;6,4;2,7;
2020/04/15;1500 UTC;,2;1007;1008,4;1007;1725;25,5;23,1;25,5;24;23,8;22,7;97;87;87;177;8;4,6;
2020/04/15;1600 UTC;0;1005,9;1007;1005,9;1679,2;26,7;23,2;26,7;25,5;23,7;22,2;87;78;82;163;8,6;4,4;
2020/04/15;1700 UTC;0;1005,4;1005,9;1005,4;1471,8;27,7;23,5;27,7;26,4;23,6;22,8;83;76;78;146;8;3,5;
2020/04/15;1800 UTC;0;1005,6;1005,6;1005,4;1247,3;27,6;23,4;27,9;27,4;24,3;23,3;82;77;78;157;6,5;3;
2020/04/15;1900 UTC;0;1005,8;1005,8;1005,6;767,3;27,8;22,9;27,8;27,3;23,6;22,5;79;74;75;165;5,7;2,1;
2020/04/15;2000 UTC;0;1006,1;1006,1;1005,8;434,4;27,3;23,1;27,9;27,3;23,4;22,8;78;74;78;180;4,6;2;
2020/04/15;2100 UTC;0;1006,5;1006,5;1006;28,2;26,4;23,7;27,2;26,4;23,7;23,2;85;78;85;173;4,1;2,3;
2020/04/15;2200 UTC;0;1007,2;1007,2;1006,5;;26,2;23,9;26,4;25,8;23,9;23,7;88;85;87;119;4,1;1,6;
2020/04/15;2300 UTC;0;1007,6;1007,6;1007,2;;27,1;23,7;27,2;26,2;24;23,4;87;80;82;115;6,3;3,4;
2020/04/16;0000 UTC;0;1007,8;1007,9;1007,6;;27,2;24,2;27,3;27;24,2;23,8;84;82;84;125;5,9;2,3;
2020/04/16;0100 UTC;0;1007,8;1007,8;1007,7;;27,1;24,1;27,4;27,1;24,2;24,1;84;82;84;145;4,4;1,7;
2020/04/16;0200 UTC;0;1007,7;1007,9;1007,7;;26,6;24,3;27,2;26,6;24,4;24;87;83;87;169;2,9;1,2;
2020/04/16;0300 UTC;0;1007,4;1007,8;1007,4;;26,1;24,3;26,7;26,1;24,4;24,2;90;87;90;241;2,2;1;
2020/04/16;0400 UTC;0;1007,5;1007,5;1007,4;;25,9;24,4;26,1;25,9;24,5;24,2;92;90;92;251;1,9;,8;
2020/04/16;0500 UTC;0;1006,7;1007,5;1006,7;;25,2;24,1;25,9;25,2;24,4;24,1;94;92;94;230;3,1;1,9;
2020/04/16;0600 UTC;,2;1006,5;1006,7;1006,4;;25;24,2;25,2;24,9;24,2;24,1;95;94;95;212;3,1;1,8;
2020/04/16;0700 UTC;,4;1006,8;1006,9;1006,5;;24,7;24;25;24,7;24,2;23,9;96;95;96;212;3,1;1,4;
2020/04/16;0800 UTC;0;1006,8;1006,8;1006,6;;24,5;23,8;24,8;24,5;24;23,8;96;96;96;216;4,3;1,7;
2020/04/16;0900 UTC;0;1008;1008;1006,7;1,6;24,7;23,9;24,7;24,5;23,9;23,8;96;95;95;214;3,7;1,6;
2020/04/16;1000 UTC;4,2;1009,1;1009,1;1008;4,7;24,4;23,8;24,8;24;24;23,3;97;94;96;127;7,8;3;
2020/04/16;1100 UTC;3;1009,5;1009,6;1009;30,5;24,4;23,9;24,4;24,2;23,9;23,6;97;96;97;164;5,9;1,4;
2020/04/16;1200 UTC;1;1010,2;1010,2;1009,3;190,1;24,8;24,4;24,8;24,4;24,4;23,9;97;97;97;145;3,4;1,3;
2020/04/16;1300 UTC;2;1009,9;1010,2;1009,9;149,3;24,9;24,4;24,9;24,6;24,4;24;97;96;97;142;5,6;2;
2020/04/16;1400 UTC;1,6;1009,8;1009,9;1009,3;223,7;24,9;24,3;25,1;24,8;24,6;24,2;97;96;96;171;3,9;2,4;
2020/04/16;1500 UTC;1,4;1008,3;1009,8;1008,3;852,5;26;24,8;26,1;25;25;24,2;97;93;93;254;3,9;,7;
2020/04/16;1600 UTC;0;1007,5;1008,3;1007,5;1445,7;27,1;25;27,1;25,9;25,1;24,4;94;87;89;216;3,7;1,7;
2020/04/16;1700 UTC;0;1006,4;1007,5;1006,4;1297,4;27,4;25;27,5;26,8;25,2;24,4;89;86;86;213;5,1;2,3;
2020/04/16;1800 UTC;0;1006;1006,4;1005,9;1440,3;27,8;24,4;28,4;27,2;25,2;24,4;87;81;82;199;6,4;3;
2020/04/16;1900 UTC;0;1006;1006;1005,9;882,8;28;24,2;28,2;27,7;24,8;24;83;79;80;152;6,5;3,6;
2020/04/16;2000 UTC;0;1006,5;1006,5;1005,9;312,6;27,1;24,4;28;27,1;24,4;23,9;86;79;86;159;7,1;2,5;
2020/04/16;2100 UTC;0;1007,3;1007,3;1006,5;17;26,6;24,8;27,1;26,6;24,8;24,5;90;86;90;168;6;3,1;
2020/04/16;2200 UTC;0;1007,6;1007,6;1007,2;;26,3;24,4;26,7;26,3;24,9;24,4;91;90;90;174;6;3,2;
2020/04/16;2300 UTC;0;1008,3;1008,3;1007,6;;25,9;24;26,3;25,8;24,4;24;90;89;89;181;6,7;3,1;
2020/04/17;0000 UTC;0;1008,5;1008,5;1008,2;;25,5;23,9;25,9;25,5;24;23,9;91;89;91;187;6,7;2,1;
2020/04/17;0100 UTC;0;1008,4;1008,7;1008,4;;25,3;24;25,5;25,3;24;23,9;92;91;92;189;4,5;2,1;
2020/04/17;0200 UTC;0;1008,2;1008,5;1008,2;;25;23,9;25,3;25;24;23,9;93;92;93;187;4,7;2,4;
2020/04/17;0300 UTC;,2;1007,9;1008,2;1007,8;;25;24;25,1;24,9;24,1;23,9;95;93;95;85;4,4;1;
2020/04/17;0400 UTC;,4;1007,3;1008;1007,3;;24,8;24;25;24,7;24,1;23,9;95;95;95;162;4,6;3;
2020/04/17;0500 UTC;1;1006,7;1007,3;1006,7;;24,9;24,2;25;24,8;24,3;24;96;95;96;209;4,8;1,6;
2020/04/17;0600 UTC;0;1007,1;1007,1;1006,7;;24,8;24,1;24,9;24,7;24,2;24,1;96;96;96;187;3,4;1,1;
2020/04/17;0700 UTC;0;1007,2;1007,2;1007;;24,8;24,1;24,9;24,7;24,2;24,1;96;96;96;188;2,9;1,4;
2020/04/17;0800 UTC;0;1007,5;1007,5;1007,2;;24,4;23,8;24,8;24,4;24,1;23,8;97;96;97;241;2,7;,9;
2020/04/17;0900 UTC;0;1008,1;1008,1;1007,5;18,5;24,3;23,8;24,4;24,2;23,8;23,7;97;97;97;217;2,3;1,2;
2020/04/17;1000 UTC;0;1008,6;1008,6;1008,1;518,5;25,5;24,9;25,5;24,3;24,9;23,8;97;96;97;237;2,8;1,5;
2020/04/17;1100 UTC;0;1009,1;1009,1;1008,6;1604,2;28,2;25,8;28,2;25,5;26,1;25;97;86;87;211;3,3;1,5;
2020/04/17;1200 UTC;0;1008,7;1009,1;1008,7;2398,5;29,9;24,5;30,2;28;25,7;24,5;87;73;73;161;5;2,9;
2020/04/17;1300 UTC;0;1008,7;1008,9;1008,7;2468,9;29,5;24,4;30,8;29,2;24,8;23,4;75;67;74;128;6,1;3,2;
2020/04/17;1400 UTC;0;1008;1008,7;1008;1620,2;29,3;24,3;29,6;29,2;24,6;23,5;76;71;75;135;5,5;2,9;
2020/04/17;1500 UTC;0;1007,4;1008;1007,4;3722,7;30,3;24,8;31,1;29,3;25,5;24;76;69;73;125;6;3,3;
2020/04/17;1600 UTC;0;1007;1007,4;1006,9;2165,3;27,4;24,9;31,2;27,4;25,6;24,2;86;69;86;35;8,9;4,1;
2020/04/17;1700 UTC;1,8;1006,2;1007;1006,2;856;27,4;25,8;27,4;26,4;25,9;24,5;94;86;91;89;8;1,1;
2020/04/17;1800 UTC;0;1006;1006,2;1005,9;1956,1;28,7;24,3;29,4;27,4;26,3;24,1;91;76;77;87;4,1;2,3;
2020/04/17;1900 UTC;0;1006,2;1006,3;1006;925,4;28,6;24,8;28,9;28,5;25,3;24,2;82;77;80;93;4;2,1;
2020/04/17;2000 UTC;0;1006,5;1006,5;1006,2;328,4;27,7;25,1;28,7;27,7;25,2;24,6;85;79;85;95;4,2;2,2;
2020/04/17;2100 UTC;0;1006,6;1006,7;1006,5;16,1;27,1;24,9;27,7;27,1;25,1;24,9;88;85;88;94;4,2;1,8;
2020/04/17;2200 UTC;0;1007,2;1007,2;1006,6;;27,1;24,5;27,3;27,1;24,9;24,5;88;85;86;101;3,9;2,1;
2020/04/17;2300 UTC;0;1007,8;1007,8;1007,2;;27;24,6;27,1;27;24,7;24,5;87;86;87;94;3,4;2,1;
2020/04/18;0000 UTC;0;1008,3;1008,3;1007,8;;26,8;24,5;27,1;26,8;24,8;24,5;88;87;87;108;3,3;,8;
2020/04/18;0100 UTC;0;1008,7;1008,8;1008,3;;26,2;24,5;26,9;26,2;24,6;24,4;91;87;91;60;1,4;,7;
2020/04/18;0200 UTC;0;1008,4;1008,7;1008,4;;26,1;24,7;26,2;26;24,8;24,5;92;91;92;45;1,6;1;
2020/04/18;0300 UTC;0;1008,2;1008,5;1008,2;;26,1;24,4;26,2;25,9;24,7;24,4;92;91;91;205;1,5;,3;
2020/04/18;0400 UTC;0;1007,6;1008,2;1007,6;;25,7;24,5;26,4;25,5;24,6;24,1;93;89;93;273;3,5;1,7;
2020/04/18;0500 UTC;0;1007,1;1007,6;1007,1;;25,2;24,2;25,7;25,2;24,5;24,1;94;93;94;178;3,2;,3;
2020/04/18;0600 UTC;0;1006,8;1007,1;1006,8;;24,9;24;25,3;24,9;24,3;24;95;94;95;203;2,1;1;
2020/04/18;0700 UTC;0;1006,8;1006,8;1006,6;;24,6;23,8;24,9;24,4;24;23,5;95;95;95;212;2,4;,8;
2020/04/18;0800 UTC;0;1006,5;1006,8;1006,4;;24,3;23,5;24,7;24,2;23,9;23,4;96;95;96;104;2,4;,3;
2020/04/18;0900 UTC;0;1007,3;1007,3;1006,5;45,2;24,6;24;24,6;24,2;24;23,5;96;96;96;139;2,2;,4;
2020/04/18;1000 UTC;0;1007,8;1007,9;1007,3;425,2;25,7;24,9;25,7;24,6;24,9;24;97;95;95;214;3,5;1,4;
2020/04/18;1100 UTC;0;1009,2;1009,2;1007,8;1135,9;27,5;24,9;27,5;25,7;25,6;24,6;96;85;86;115;3,7;1,1;
2020/04/18;1200 UTC;6,2;1009,6;1009,8;1009,2;242,5;24,9;24,2;27,5;24,8;25;24;96;86;96;96;5,4;1,8;
2020/04/18;1300 UTC;0;1009,4;1009,6;1009,3;1005,4;27,1;24,7;27,1;24,8;25,1;24;96;87;87;126;3,4;1;
2020/04/18;1400 UTC;0;1008,9;1009,4;1008,9;2115,2;29,4;24,7;29,6;27,1;25;23,1;87;73;76;64;2,8;1,4;
2020/04/18;1500 UTC;0;1008,1;1008,9;1008,1;2252;30,5;24,5;30,5;29,4;25,2;23,4;76;69;71;55;4,6;1,7;
2020/04/18;1600 UTC;0;1007,3;1008,1;1007,3;2425,1;30;24,2;30,8;29,8;25;23,6;74;68;71;76;5,2;2,4;
2020/04/18;1700 UTC;0;1006,6;1007,3;1006,6;2650,2;31;24,2;31,4;29,6;24,8;23,3;73;65;67;57;5,9;3;
2020/04/18;1800 UTC;0;1006,2;1006,6;1006,2;2053,7;29,2;23,9;31,2;29,2;24,8;23,5;74;64;73;54;6,6;3,2;
2020/04/18;1900 UTC;0;1006,3;1006,3;1006,1;828,6;28,4;24;29,6;28,4;24,6;23,8;77;73;77;68;5,4;2,5;
2020/04/18;2000 UTC;0;1006,6;1006,7;1006,3;237,1;28;24,1;28,4;28;24,2;23,8;80;76;80;48;5;1,6;
2020/04/18;2100 UTC;0;1007;1007;1006,6;16,4;27,3;24,4;28;27,3;24,4;24,1;84;80;84;46;3,7;1,7;
2020/04/18;2200 UTC;0;1007,7;1007,7;1007;;27,2;24,6;27,3;27,1;24,6;24,4;86;84;86;70;2,7;1;
2020/04/18;2300 UTC;0;1008,5;1008,5;1007,7;;27;24,6;27,2;26,8;24,8;24,5;87;86;87;70;2,3;,5;
2020/04/19;0000 UTC;0;1009;1009;1008,5;;27,2;24,9;27,3;27;25;24,6;88;87;88;119;1;,3;
2020/04/19;0100 UTC;0;1008,9;1009,1;1008,8;;27,1;25;27,3;27;25,1;24,9;89;88;88;105;1;,6;
2020/04/19;0200 UTC;0;1008,5;1008,9;1008,5;;26,5;24,8;27,1;26,5;24,9;24,7;90;88;90;110;1,1;,3;
2020/04/19;0300 UTC;0;1007,8;1008,5;1007,8;;26,4;25;26,7;26,4;25,2;24,8;92;90;92;254;1,3;,8;
2020/04/19;0400 UTC;0;1007,1;1007,8;1007,1;;26,3;24,9;26,5;26,3;25,1;24,8;92;92;92;183;2,7;1;
2020/04/19;0500 UTC;0;1006,6;1007,1;1006,6;;26,1;24,8;26,4;26,1;24,9;24,8;93;92;93;225;2,3;1,3;
2020/04/19;0600 UTC;0;1006,7;1006,7;1006,5;;25,8;24,8;26,1;25,8;24,8;24,7;94;93;94;217;2,8;,5;
2020/04/19;0700 UTC;0;1006,6;1006,7;1006,5;;25,6;24,6;25,9;25,6;24,8;24,6;94;94;94;210;3,6;1,6;
2020/04/19;0800 UTC;0;1007,1;1007,1;1006,4;;25,4;24,3;25,6;25,3;24,6;24,3;94;94;94;211;3;1,3;
2020/04/19;0900 UTC;0;1007,8;1007,8;1007;37,9;25,4;24,4;25,4;25,2;24,4;24,2;94;94;94;207;2,7;1,1;
2020/04/19;1000 UTC;0;1008,5;1008,5;1007,8;482,7;26,7;24,5;26,9;25,4;25,3;24,3;94;88;88;180;3,4;1,9;
2020/04/19;1100 UTC;0;1009,2;1009,2;1008,5;1609,6;28,9;24,6;28,9;26,7;25,3;24;88;76;77;162;4,3;2,2;
2020/04/19;1200 UTC;0;1009,5;1009,6;1009,2;2339,6;29,8;23,6;30,4;28,7;25;23,6;78;69;70;135;5,5;3,3;
2020/04/19;1300 UTC;0;1009;1009,5;1009;3117,3;29,7;24,4;30,7;29,5;25;23,4;75;68;73;128;6,2;3,8;
2020/04/19;1400 UTC;0;1008,1;1009;1008,1;3123,3;29,6;24,8;30,3;29,3;25,2;23,5;76;67;76;120;7,5;4,2;
2020/04/19;1500 UTC;0;1007,2;1008,2;1007,2;3203,9;29,7;24,9;30,1;29,2;25,2;23,9;77;72;75;132;7,5;4,6;
2020/04/19;1600 UTC;0;1006,3;1007,2;1006,3;3228,2;29,4;24,6;30,5;29,3;25,4;24;76;71;75;118;7,3;4,1;
2020/04/19;1700 UTC;0;1005,7;1006,3;1005,7;2743,8;29,4;25,1;30,1;29,1;25,4;24,4;79;73;77;115;7,9;4,2;
2020/04/19;1800 UTC;0;1005,4;1005,8;1005,4;2147,1;29,3;24,7;29,8;28,9;25,5;24,3;79;74;76;113;7,6;4,1;
2020/04/19;1900 UTC;0;1005,4;1005,5;1005,4;1204;28,8;24,5;29,5;28,5;25,2;24,2;79;75;78;126;7,9;4,4;
2020/04/19;2000 UTC;0;1006;1006;1005,3;417,4;28,1;24;29,1;28,1;24,6;23,8;78;75;78;130;7,4;3,7;
2020/04/19;2100 UTC;0;1006,6;1006,6;1005,9;15;27,8;23,7;28,1;27,8;24,3;23,7;81;78;78;125;6,7;3,3;
2020/04/19;2200 UTC;0;1007,5;1007,5;1006,6;;27,8;24;27,9;27,7;24,1;23,5;80;77;80;125;7,1;2,9;
2020/04/19;2300 UTC;0;1008,5;1008,5;1007,5;;27,6;24,3;27,8;27,6;24,3;24;82;80;82;139;5,5;2,4;
2020/04/20;0000 UTC;0;1009,2;1009,2;1008,5;;27,7;24,3;27,7;27,6;24,3;24,2;82;82;82;158;3,9;1,5;
2020/04/20;0100 UTC;0;1009,3;1009,5;1009,2;;26,9;24,2;27,7;26,9;24,3;24,1;85;82;85;256;2,6;1,4;
2020/04/20;0200 UTC;2,4;1009;1009,5;1009;;24,4;23,1;26,9;24,4;24,2;22,8;92;85;92;47;5,5;1,1;
2020/04/20;0300 UTC;0;1008;1009;1008;;24,5;23,4;24,6;24,2;23,6;23;94;92;94;236;3,2;,6;
2020/04/20;0400 UTC;0;1007,4;1008;1007,4;;24,9;23,9;25;24,5;24;23,4;95;94;94;175;1,4;,8;
2020/04/20;0500 UTC;0;1006,7;1007,4;1006,7;;25;24,1;25,1;24,8;24,2;23,8;95;94;95;231;2,8;1,5;
2020/04/20;0600 UTC;0;1006,3;1006,7;1006,3;;24,6;23,8;25;24,6;24,1;23,7;95;94;95;259;3,7;2;
2020/04/20;0700 UTC;0;1006,1;1006,3;1005,9;;24,6;23,9;24,7;24,5;23,9;23,8;96;95;96;230;3,8;1,8;
2020/04/20;0800 UTC;0;1006,2;1006,4;1006,1;;24,5;23,9;24,6;24,4;23,9;23,8;96;96;96;202;3,7;1,8;
2020/04/20;0900 UTC;0;1006,7;1006,7;1006,1;52,8;24,8;24;24,8;24,5;24;23,9;96;95;95;213;3,9;1,6;
2020/04/20;1000 UTC;0;1007,5;1007,5;1006,7;897,1;26,5;24;26,5;24,8;24,4;23,8;95;86;86;190;5,5;3,1;
2020/04/20;1100 UTC;0;1007,9;1008;1007,5;1641,3;27,6;24,1;27,9;26,5;24,7;23,9;86;81;81;188;6,6;3,5;
2020/04/20;1200 UTC;0;1008,1;1008,2;1007,9;2246,1;29,4;24,6;29,4;27,6;25;24;82;74;75;180;6,6;3,3;
2020/04/20;1300 UTC;0;1007,8;1008,1;1007,8;2681,8;29,8;24,3;30,3;29,1;25,2;23,4;76;71;72;124;8;3,7;
2020/04/20;1400 UTC;0;1007,2;1007,9;1007,2;3454,3;30,2;24,4;30,3;29,3;25,1;23,7;75;68;71;130;8,4;5,1;
2020/04/20;1500 UTC;0;1006;1007,2;1006;3521,6;30,1;24,9;30,6;29,7;25,4;23,6;76;69;74;137;9,6;5;
2020/04/20;1600 UTC;0;1005,4;1006;1005,4;3254,1;29,9;24,3;30,5;29,5;25,7;23,9;77;70;72;127;9,3;5,1;
2020/04/20;1700 UTC;0;1004,7;1005,4;1004,7;2810,3;30,1;24,6;30,5;29,5;25,3;23,9;76;70;72;131;10;5,5;
2020/04/20;1800 UTC;0;1004,5;1004,7;1004,4;2008,2;28,9;25;30,2;28,9;25,1;24,1;80;71;80;134;11,7;6,5;
2020/04/20;1900 UTC;0;1004,8;1004,9;1004,5;850,7;28,1;24,5;28,9;28,1;25,4;24,3;82;78;81;136;11,7;5,7;
2020/04/20;2000 UTC;0;1005,2;1005,2;1004,8;344,5;27,6;24;28,2;27,6;24,7;24;83;81;81;142;11,3;5,2;
2020/04/20;2100 UTC;0;1005,7;1005,7;1005,2;22,9;27,5;24,2;27,6;27,4;24,3;24;83;81;83;137;10,4;4,7;
2020/04/20;2200 UTC;0;1006,5;1006,5;1005,7;;27,5;24,4;27,6;27,3;24,4;24;84;82;83;140;8,3;4,4;
2020/04/20;2300 UTC;0;1007;1007;1006,5;;27,6;24,3;27,7;27,3;24,7;24,3;85;82;83;135;8,4;3,9;
2020/04/21;0000 UTC;0;1007,4;1007,4;1006,9;;27,6;23,4;28,1;27,5;24,6;23,4;83;78;78;142;8,9;4,4;
2020/04/21;0100 UTC;0;1007,3;1007,4;1007,3;;28,1;23,7;28,1;27,6;24,2;22,5;80;73;77;148;8;3,8;
2020/04/21;0200 UTC;0;1007;1007,3;1007;;27,9;23,7;28,1;27,8;24,3;23,7;81;77;78;146;7,1;3,5;
2020/04/21;0300 UTC;0;1006,4;1007;1006,4;;27,7;23,6;27,9;27,6;23,7;23,5;79;77;78;157;8,1;2,9;
2020/04/21;0400 UTC;0;1006;1006,4;1006;;25,9;23,9;27,8;25,9;23,9;23,2;88;78;88;195;6,1;3,1;
2020/04/21;0500 UTC;0;1005,8;1006;1005,7;;25,5;23,7;25,9;25,5;23,9;23,7;90;88;90;199;5,8;2,1;
2020/04/21;0600 UTC;0;1005,6;1005,9;1005,4;;25,2;23,6;25,5;25,1;23,8;23,6;92;90;91;181;5,3;2,7;
2020/04/21;0700 UTC;,8;1006,1;1006,1;1005,6;;24,3;23,3;25,2;24,2;23,6;22,9;94;90;94;188;8;1;
2020/04/21;0800 UTC;3,6;1006,2;1006,3;1006,1;;24,2;23,4;24,5;24,2;23,6;23,2;95;94;95;218;3,9;,9;
2020/04/21;0900 UTC;9,4;1006,9;1006,9;1006,1;5,8;24,3;23,7;24,6;24,1;23,8;23,4;97;95;97;149;4,4;2,5;
2020/04/21;1000 UTC;3,4;1007,6;1007,6;1006,9;108,2;24;23,2;24,4;23,9;23,8;23,1;97;95;95;156;7,5;2,7;
2020/04/21;1100 UTC;0;1007,8;1007,9;1007,6;300,1;24,6;23,7;24,6;24;23,7;23,1;96;94;95;170;6;2,5;
2020/04/21;1200 UTC;0;1008;1008,1;1007,8;673,8;25,3;23,9;25,3;24,5;23,9;23,5;95;91;92;155;5,8;3,4;
2020/04/21;1300 UTC;,8;1007,9;1008;1007,6;549,7;25,8;24,9;25,8;25,3;24,9;23,9;96;92;95;139;8,3;4,3;
2020/04/21;1400 UTC;,2;1007,3;1007,9;1007,3;502,3;25,5;24;25,9;25,4;24,7;23,9;95;91;92;134;9,8;3,9;
2020/04/21;1500 UTC;,6;1006,5;1007,3;1006,5;693,9;25,9;24,4;26;25,4;24,4;23,8;92;89;91;165;6,7;2,1;
2020/04/21;1600 UTC;1;1005,8;1006,5;1005,8;681,7;26;25,1;26,3;25,1;25,1;23,9;95;90;94;157;5,6;1,7;
2020/04/21;1700 UTC;0;1005;1005,8;1005;1299,7;27,4;24,6;27,6;25,7;25,2;24,1;94;85;85;134;7,1;3;
2020/04/21;1800 UTC;0;1005;1005,1;1004,9;1965,9;27,2;23,8;27,9;27,2;25;23,4;85;78;82;125;6,9;3,4;
2020/04/21;1900 UTC;0;1005,1;1005,1;1004,9;923,2;27;24,6;27,5;26,5;24,6;23,4;87;80;87;139;6,2;2;
2020/04/21;2000 UTC;0;1005,5;1005,5;1005,1;157,9;26,6;24,2;27;26,4;24,6;24,1;88;86;87;142;6;2,5;
2020/04/21;2100 UTC;0;1006,2;1006,2;1005,5;15,9;26,3;24;26,6;26,3;24,2;24;88;87;87;141;4,1;2;
2020/04/21;2200 UTC;0;1006,5;1006,6;1006,2;;25,9;23,9;26,4;25,9;24,2;23,9;89;87;89;226;3,7;1,5;
2020/04/21;2300 UTC;0;1007,3;1007,3;1006,5;;25,3;24;25,9;25,3;24,1;23,9;92;89;92;220;3;1,5;
2020/04/22;0000 UTC;,2;1007,6;1007,6;1007,2;;25;24;25,3;25;24;23,9;94;92;94;225;3,6;1,7;
2020/04/22;0100 UTC;9;1008,3;1008,3;1007,5;;24,6;23,8;25;24,3;24;23,5;96;94;96;73;6;2,8;
2020/04/22;0200 UTC;5,8;1008,2;1008,4;1008;;24,1;23,6;24,6;24;23,8;23,3;97;95;97;60;8,5;2,9;
2020/04/22;0300 UTC;1,2;1007,7;1008,2;1007,7;;23,8;23,2;24,2;23,5;23,7;22,9;97;96;96;121;6,6;1,1;
2020/04/22;0400 UTC;5,2;1007,1;1007,7;1007,1;0;24,2;23,7;24,2;23,8;23,7;23,2;97;96;97;322;2,8;1,2;
2020/04/22;0500 UTC;2;1006,8;1007,1;1006,8;0;23,7;23,1;24,2;23,7;23,7;23,1;97;97;97;349;6,4;2,7;
2020/04/22;0600 UTC;9,2;1006,7;1006,8;1006,7;;23,4;22,9;23,7;23,3;23,1;22,9;97;97;97;28;5,4;1,2;
2020/04/22;0700 UTC;2,2;1006,5;1006,7;1006,5;;23,2;22,8;23,4;23,2;23,1;22,8;98;97;98;323;2,8;1,5;
2020/04/22;0800 UTC;,4;1006,4;1006,7;1006,4;;23,4;23,1;23,5;23,2;23,1;22,8;98;98;98;345;3,5;1,8;
2020/04/22;0900 UTC;1;1006,9;1006,9;1006,4;24,6;23,5;23,1;23,5;23,4;23,2;23;98;98;98;41;3,5;,7;
2020/04/22;1000 UTC;,8;1007,5;1007,5;1006,9;177,6;24;23,5;24,3;23,5;23,9;23,1;98;97;97;25;3,4;,8;
2020/04/22;1100 UTC;1,4;1007,5;1007,5;1007,3;815,3;25,5;24,6;25,5;23,7;24,7;23,2;98;95;95;134;4,3;,6;
2020/04/22;1200 UTC;0;1007,6;1007,6;1007,5;1824;28,8;24,9;28,8;25,5;25,3;24;96;78;80;71;1,7;,6;
2020/04/22;1300 UTC;0;1007,2;1007,8;1007,2;2372,9;30,3;24,3;30,4;28,7;24,6;21,8;79;63;70;138;2,8;,7;
2020/04/22;1400 UTC;0;1007,1;1007,2;1007;2780,2;30,1;23,2;30,6;28,7;24,7;22,9;75;65;67;116;5,3;2,3;
2020/04/22;1500 UTC;0;1006,1;1007,1;1006,1;3661,3;30,5;23;31,1;29,4;25,2;22,2;72;62;64;112;5,4;2,6;
2020/04/22;1600 UTC;0;1005,3;1006,1;1005,3;3327,6;29,7;23,1;30,8;29,5;23,6;21,8;69;61;68;107;5,2;3,1;
2020/04/22;1700 UTC;0;1004,8;1005,3;1004,7;2802,8;29;23,2;30,3;28,8;24,4;22,5;72;65;71;92;5,5;3,2;
2020/04/22;1800 UTC;0;1004,6;1004,8;1004,6;2178,7;29;24;29,7;28,6;24,8;23;78;70;74;80;5,4;2,8;
2020/04/22;1900 UTC;0;1004,5;1004,6;1004,4;787,7;28,6;24,4;29,2;28,4;24,5;23,9;79;74;78;88;5,7;2,7;
2020/04/22;2000 UTC;0;1005;1005;1004,5;278,5;27,8;24;28,8;27,8;24,6;23,8;80;77;80;80;5,3;2,3;
2020/04/22;2100 UTC;0;1005,4;1005,4;1005;14,1;27,1;23,7;27,8;27,1;24;23,5;82;80;82;92;5;2,1;
2020/04/22;2200 UTC;0;1006,1;1006,1;1005,4;;27,1;23,8;27,2;26,9;24;23,7;83;82;82;89;4,3;1,9;
2020/04/22;2300 UTC;0;1006,7;1006,7;1006,1;;27,2;23,7;27,5;27;24,4;23,7;84;81;81;94;5,1;2,5;
2020/04/23;0000 UTC;0;1007;1007;1006,7;;27,1;24,2;27,3;27;24,2;23,7;84;81;84;88;5,1;1,6;
2020/04/23;0100 UTC;0;1007,2;1007,2;1007;;26,8;24,1;27,2;26,8;24,3;24,1;85;84;85;77;3,4;1,5;
2020/04/23;0200 UTC;0;1006,9;1007,2;1006,9;;26,9;24,4;27;26,7;24,4;24;87;84;87;95;2,9;1,3;
2020/04/23;0300 UTC;0;1006,3;1006,9;1006,3;;26,8;24,3;26,8;26,7;24,4;24,2;87;86;86;107;2,4;1,3;
2020/04/23;0400 UTC;0;1005,7;1006,3;1005,7;;26,4;23,9;26,8;26,4;24,3;23,8;86;86;86;105;2,3;,8;
2020/04/23;0500 UTC;0;1005,3;1005,7;1005,3;;25,7;23,9;26,4;25,7;24,1;23,6;90;86;90;230;2,4;1,3;
2020/04/23;0600 UTC;0;1005;1005,3;1005;;25,5;24,2;25,7;25,5;24,2;23,9;92;90;92;236;2,4;1,4;
2020/04/23;0700 UTC;0;1005,1;1005,2;1005;;25,6;24,3;25,7;25,5;24,3;24,2;93;92;93;209;2,7;1,2;
2020/04/23;0800 UTC;,4;1005,1;1005,2;1005;;25;24,1;25,6;25;24,3;24;95;93;95;217;2,8;1,3;
2020/04/23;0900 UTC;0;1005,5;1005,5;1005,1;22,7;24,8;24,1;25;24,7;24,1;23,9;96;95;96;209;3,5;1,9;
2020/04/23;1000 UTC;0;1006,1;1006,1;1005,5;586,2;26,5;25,1;26,5;24,8;25,2;24,1;97;92;92;184;3,6;2,1;
2020/04/23;1100 UTC;0;1007,2;1007,2;1006,1;1652;28,1;24,8;28,1;26,4;25,2;24,3;92;81;82;193;3,7;2;
2020/04/23;1200 UTC;0;1007,4;1007,5;1007,2;2459,1;29;24,1;29,7;28;25,3;23,8;83;73;75;142;6;3,4;
2020/04/23;1300 UTC;0;1007,5;1007,6;1007,4;2953,7;29,6;25;30;28,9;25,2;23,7;78;71;76;120;6;3,1;
2020/04/23;1400 UTC;0;1006,9;1007,5;1006,9;3340,2;29,6;24,5;30;29,2;25,1;24,1;77;73;74;131;6,5;3,6;
2020/04/23;1500 UTC;0;1006,1;1006,9;1006,1;3443,6;29,4;24,5;30,2;29,3;25,2;24,1;76;71;75;127;7,4;4,5;
2020/04/23;1600 UTC;0;1005,1;1006,1;1005;3165,1;29,4;24,6;30,2;29;25,4;24,2;78;73;75;126;8,1;4,2;
2020/04/23;1700 UTC;0;1004,4;1005,1;1004,4;2742,2;29,7;24,7;30,2;29,1;25,4;24,3;78;74;75;129;7,6;4,4;
2020/04/23;1800 UTC;0;1004,3;1004,4;1004,2;2190;29,3;24,3;29,9;29;25,2;24,1;77;73;74;130;8,4;4,6;
2020/04/23;1900 UTC;0;1004,4;1004,5;1004,3;781,1;29;24,1;29,6;29;24,9;24,1;77;73;75;115;8;4,1;
2020/04/23;2000 UTC;0;1004,7;1004,8;1004,4;239,9;28,5;24,2;29,2;28,5;24,5;23,9;78;74;78;126;7,5;3,4;
2020/04/23;2100 UTC;0;1005,2;1005,2;1004,7;10,5;28,1;24,1;28,5;28,1;24,3;24;79;78;79;131;7;3,7;
2020/04/23;2200 UTC;0;1005,8;1005,8;1005,2;;28;24;28,2;28;24,2;24;79;78;79;125;7;3,2;
2020/04/23;2300 UTC;0;1006,7;1006,7;1005,8;;28,1;23,9;28,2;28;24,1;23,8;79;77;78;118;6,3;3,2;
2020/04/24;0000 UTC;0;1007,5;1007,5;1006,7;;28,1;24,3;28,2;28;24,3;23,9;80;78;80;132;5,8;2,9;
2020/04/24;0100 UTC;0;1007,6;1007,7;1007,5;;27,9;24,2;28,2;27,9;24,4;24,2;80;79;80;131;6,1;2,5;
2020/04/24;0200 UTC;0;1007,2;1007,7;1007,2;;27,9;24,2;28,1;27,8;24,3;24;81;79;80;126;5,5;2,8;
2020/04/24;0300 UTC;,8;1006,8;1007,2;1006,8;;27,3;24,9;27,9;27,1;24,9;24,2;86;80;86;117;4,8;2,7;
2020/04/24;0400 UTC;0;1006,2;1006,8;1006,2;;25,6;23,3;27,6;25,4;24,9;22,7;87;81;87;169;8,3;2,4;
2020/04/24;0500 UTC;0;1005,5;1006,2;1005,5;;26,2;24,1;26,4;25,4;24,5;23,2;90;86;88;161;5,4;2,1;
2020/04/24;0600 UTC;0;1005,2;1005,5;1005,2;;25,9;23,8;26,3;25,9;24,1;23;88;84;88;178;3,7;1,7;
2020/04/24;0700 UTC;3;1005,1;1005,4;1005,1;;25,2;24;26;25,2;24;23,4;93;88;93;216;3,9;1,5;
2020/04/24;0800 UTC;0;1005,2;1005,3;1005,1;;25;24,1;25,2;24,8;24,1;23,9;95;93;95;199;3,5;1,3;
2020/04/24;0900 UTC;,2;1005,8;1005,8;1005,2;25,6;24,8;24;25;24,8;24,1;23,9;95;95;95;207;3,1;1,3;
2020/04/24;1000 UTC;,6;1006,6;1006,7;1005,8;339,3;25,2;24,3;25,3;24,7;24,4;23,9;96;95;95;179;4,4;2,7;
2020/04/24;1100 UTC;,2;1007,6;1007,6;1006,6;1339,6;26,1;24,3;27;25,2;25,6;24,3;95;88;90;156;5,8;3,8;
2020/04/24;1200 UTC;,2;1007,8;1007,8;1007,5;2429,5;27,8;24,8;28,3;25,7;25,8;24,1;93;84;84;193;6,8;3,2;
2020/04/24;1300 UTC;,2;1008,2;1008,3;1007,7;1862,6;25,3;22,9;29,2;25,3;25,7;22,9;87;77;87;68;7,7;4;
2020/04/24;1400 UTC;1,2;1007,6;1008,3;1007,6;1567,1;27,6;25,1;27,6;25;25,8;22,9;93;86;86;136;7,1;2,6;
2020/04/24;1500 UTC;0;1006,5;1007,6;1006,5;3594,4;29,7;25,8;29,7;27,6;25,8;24,3;87;77;79;141;5,8;3,6;
2020/04/24;1600 UTC;0;1005,2;1006,5;1005,1;3245,8;29,2;24,9;30;29;25,9;24,4;80;73;78;113;5,8;3,6;
2020/04/24;1700 UTC;0;1004,8;1005,3;1004,8;2719,8;29,7;25,2;30,1;29;25,7;24,5;80;75;77;118;6,3;2,9;
2020/04/24;1800 UTC;0;1004,6;1004,8;1004,5;2195,8;29,4;24,4;30;29,2;25,6;24,4;78;74;75;131;6,6;4,1;
2020/04/24;1900 UTC;,2;1005,1;1005,1;1004,4;828,1;28,2;24,9;29,6;27,8;25,2;23,8;85;73;83;122;8,4;3;
2020/04/24;2000 UTC;0;1005,5;1005,5;1005,1;262,7;27,8;24,5;28,5;27,8;24,7;24,2;82;78;82;111;6,6;2,1;
2020/04/24;2100 UTC;0;1005,8;1005,8;1005,4;11,7;28;24,6;28,1;27,8;24,8;23,8;83;77;81;127;5,3;3,1;
2020/04/24;2200 UTC;,2;1006,7;1006,7;1005,8;;26,3;24,3;28,1;26,3;24,7;23,8;90;79;89;110;7,6;3,3;
2020/04/24;2300 UTC;,2;1007,4;1007,5;1006,7;;26,2;24,5;26,8;25,9;24,6;23,9;91;85;91;133;7,2;3,6;
2020/04/25;0000 UTC;0;1007,7;1007,7;1007,4;;26,4;24,1;26,5;26,1;24,5;24;91;87;87;112;5,8;1,7;
2020/04/25;0100 UTC;0;1008;1008;1007,7;;26,2;24,2;26,6;26,1;24,3;24;89;86;89;151;3;,9;
2020/04/25;0200 UTC;0;1007,6;1008;1007,5;;26,3;24,6;26,5;26;24,7;24,1;91;88;91;180;2,5;,9;
2020/04/25;0300 UTC;0;1007;1007,6;1007;;25,8;24,3;26,3;25,6;24,6;24,1;92;90;91;191;4,7;2,4;
2020/04/25;0400 UTC;6;1006,6;1007;1006,5;;24,7;24;25,8;24,7;24,3;23,8;95;91;95;190;7,2;2,4;
2020/04/25;0500 UTC;1;1005,7;1006,6;1005,7;;24,3;23,6;24,9;24,3;24,1;23,5;96;95;96;218;6,3;1,1;
2020/04/25;0600 UTC;,6;1005,6;1005,8;1005,5;;24,5;23,7;24,7;24,3;24;23,6;96;95;95;225;4,3;2;
2020/04/25;0700 UTC;0;1005,4;1005,6;1005,4;;24,4;23,6;24,6;24,4;23,8;23,6;96;95;95;219;4;1,5;
2020/04/25;0800 UTC;0;1005,8;1005,8;1005,4;;24,4;23,7;24,4;24,3;23,7;23,6;96;95;96;214;3,2;1,1;
2020/04/25;0900 UTC;0;1006,3;1006,3;1005,7;12,8;24,5;23,7;24,5;24,4;23,7;23,6;96;96;96;214;3,3;1,8;
2020/04/25;1000 UTC;0;1006,7;1006,7;1006,3;154,9;25,1;23,8;25,1;24,5;23,9;23,7;96;92;93;194;4,8;2,4;
2020/04/25;1100 UTC;0;1007,7;1007,7;1006,7;309,4;26;23,6;26;25;23,9;23,6;93;87;87;189;6,1;3,2;
2020/04/25;1200 UTC;0;1007,9;1007,9;1007,6;797,5;27,7;24;27,7;26;24;23,5;87;80;80;190;7,1;3,2;
2020/04/25;1300 UTC;0;1007,7;1007,9;1007,7;1745,6;29,1;23,6;29,2;27,7;24,8;23,4;80;72;72;171;7,1;3,2;
2020/04/25;1400 UTC;0;1007,1;1007,7;1007;2505,9;29,8;23;30,6;29,1;24,6;23;73;66;67;137;10,1;5,2;
2020/04/25;1500 UTC;0;1006,4;1007,1;1006,4;2917,5;29,1;24;30,2;28,1;25,4;23,1;80;66;74;133;10,1;4,9;
2020/04/25;1600 UTC;0;1005,6;1006,4;1005,6;2559,8;29,9;23,2;30,6;29;24,3;22,2;74;62;67;139;9,6;5,3;
2020/04/25;1700 UTC;0;1005,2;1005,6;1005,2;2943,2;29,3;23,6;30,9;29,3;24,4;22,4;72;64;72;137;9,6;4,7;
2020/04/25;1800 UTC;0;1005;1005,2;1005;1122,5;28,7;23,9;29,6;28,4;24,6;23,1;80;68;75;128;8,8;4,1;
2020/04/25;1900 UTC;0;1005,3;1005,4;1004,9;626,5;28,2;24;29;28,2;24,3;23,3;79;72;78;134;7,6;2,9;
2020/04/25;2000 UTC;0;1005,8;1005,8;1005,3;189,9;27,2;24,6;28,2;27,1;25;23,9;88;78;86;104;5,3;2,2;
2020/04/25;2100 UTC;,2;1006,1;1006,1;1005,8;18,7;27,3;24,2;27,3;26,2;24,6;23,8;88;83;83;138;5,5;1,8;
2020/04/25;2200 UTC;,2;1006,5;1006,6;1006,1;;26,9;24,7;27,6;26,6;24,7;23,9;88;81;88;130;7,5;2,6;
2020/04/25;2300 UTC;,4;1007,6;1007,6;1006,5;;26,4;24,3;27,1;26,2;24,9;24,2;90;88;88;146;9,3;3,4;
2020/04/26;0000 UTC;0;1008,2;1008,2;1007,6;;26,5;24,1;26,6;26,4;24,3;24;88;86;87;140;7;3,6;
2020/04/26;0100 UTC;0;1008,4;1008,4;1008,2;;26,1;24;26,8;26,1;24,1;23,6;88;83;88;175;9,3;2,6;
2020/04/26;0200 UTC;0;1008,4;1008,5;1008,4;;25,7;24;26,2;25,6;24,2;23,9;91;88;91;167;8,6;3,1;
2020/04/26;0300 UTC;0;1007,6;1008,4;1007,6;;25;23,7;25,7;25;24;23,6;92;90;92;170;6;2,4;
2020/04/26;0400 UTC;0;1007,4;1007,6;1007,4;;24,8;23,7;25,1;24,8;23,8;23,6;93;92;93;168;5;3,2;
2020/04/26;0500 UTC;0;1006,3;1007,4;1006,3;;24,9;23,7;24,9;24,7;23,8;23,6;94;93;93;163;5,1;2,2;
2020/04/26;0600 UTC;,2;1005,7;1006,3;1005,7;;24,7;23,7;24,9;24,6;23,7;23,5;94;93;94;163;5,3;2,8;
2020/04/26;0700 UTC;,8;1006,3;1006,3;1005,7;;24,8;23,8;25,2;24,7;24,1;23,6;94;94;94;158;6,7;3,6;
2020/04/26;0800 UTC;,4;1006,4;1006,4;1006,3;;25,1;24,1;25,5;24,8;24,4;23,9;94;93;94;173;6,7;1,5;
2020/04/26;0900 UTC;,4;1006,1;1006,4;1006,1;10,7;24,5;23,8;25,1;24,4;24,1;23,6;96;94;96;195;4,4;1,2;
2020/04/26;1000 UTC;0;1006,7;1006,7;1006,1;174,2;24,4;23,8;24,5;24,3;23,9;23,7;97;96;96;213;4,1;2,5;
2020/04/26;1100 UTC;0;1007,5;1007,5;1006,7;492,9;25,3;24,5;25,3;24,4;24,5;23,8;97;95;95;183;4,2;2,2;
2020/04/26;1200 UTC;0;1007,7;1007,7;1007,4;1398,2;27;24,1;27,2;25,3;25;24;95;84;84;161;6,2;3,1;
2020/04/26;1300 UTC;0;1007,8;1007,9;1007,7;2089,7;28,3;23,4;28,5;27;24,6;23,1;85;74;75;137;6,7;4,1;
2020/04/26;1400 UTC;0;1007,7;1007,9;1007,6;2725,7;29,1;23,4;29,6;28,2;24,5;22,7;78;71;71;147;6,9;4,2;
2020/04/26;1500 UTC;0;1007,4;1007,8;1007,4;3792,1;29,6;23,3;30,1;28,9;24,6;23,1;74;68;69;129;8;3,8;
2020/04/26;1600 UTC;0;1006,9;1007,5;1006,9;2672;29;23,5;29,8;29;24,5;22,9;74;69;72;125;8;3,4;
2020/04/26;1700 UTC;0;1006,3;1006,9;1006,3;2318,3;28,5;23,7;29,7;28,4;24,2;23,1;76;70;75;122;7,3;4,5;
2020/04/26;1800 UTC;0;1006,2;1006,4;1006;1080,9;27,4;24,6;28,5;27,3;24,6;23,3;85;74;85;122;7,8;4,1;
2020/04/26;1900 UTC;0;1006;1006,3;1006;626,4;27,5;23,9;27,8;27,2;24,6;23,5;85;79;81;110;7,8;2,9;
2020/04/26;2000 UTC;0;1006;1006,1;1005,9;330,1;27,1;24,6;27,7;27;24,6;23,6;86;79;86;118;6,2;2,1;
2020/04/26;2100 UTC;0;1006,9;1006,9;1006;7,1;27,4;23,8;27,4;27,1;24,6;23,4;86;79;81;106;5,1;2,4;
2020/04/26;2200 UTC;0;1007,2;1007,2;1006,9;;27,3;24,3;27,4;27,2;24,4;23,8;85;81;84;120;4,8;2,2;
2020/04/26;2300 UTC;0;1007,8;1007,8;1007,2;;27,8;23,8;27,8;27,2;24,7;23,8;85;79;79;125;4,2;2,1;
2020/04/27;0000 UTC;0;1008,4;1008,4;1007,8;;26,5;24,1;27,9;26,5;24,1;23,5;86;77;86;189;5,1;2,5;
2020/04/27;0100 UTC;0;1008,4;1008,6;1008,3;;25,9;24,1;26,5;25,8;24,2;23,8;90;86;90;196;5;1,8;
2020/04/27;0200 UTC;0;1007,9;1008,4;1007,9;;25,6;23,6;25,9;25,6;24,1;23,5;90;88;89;228;3,4;,9;
2020/04/27;0300 UTC;2,4;1007,5;1008,2;1007,5;;25;23,8;25,7;25;24;23,4;94;89;93;218;3,6;2;
2020/04/27;0400 UTC;1;1007,1;1007,6;1007,1;;24,7;23,7;25,1;24,7;23,9;23,5;94;92;94;220;3,7;1,8;
2020/04/27;0500 UTC;0;1006,9;1007,2;1006,7;;24,6;23,9;24,7;24,5;23,9;23,7;96;94;96;283;3,4;,9;
2020/04/27;0600 UTC;1,2;1006,7;1006,9;1006,7;;24,6;23,9;24,7;24,6;24;23,9;96;96;96;217;3,4;1,7;
2020/04/27;0700 UTC;0;1006,5;1006,7;1006,4;;24,7;24;24,7;24,5;24;23,9;96;96;96;201;4,2;2,3;
2020/04/27;0800 UTC;0;1006,7;1006,7;1006,5;;24,5;23,8;24,7;24,4;24;23,7;96;96;96;197;5;1,8;
2020/04/27;0900 UTC;0;1007,4;1007,5;1006,7;36,7;24,6;23,9;24,6;24,4;23,9;23,7;96;96;96;188;4;2,2;
2020/04/27;1000 UTC;,2;1007,9;1007,9;1007,4;790,6;25,8;24,1;25,9;24,6;24,4;23,9;96;90;90;195;6,1;3,2;
2020/04/27;1100 UTC;0;1008,5;1008,5;1007,9;1576,3;27,3;24;27,4;25,8;24,7;23,8;90;81;82;167;6,1;2,8;
2020/04/27;1200 UTC;0;1008,3;1008,6;1008,3;2381,7;28,9;24,3;29,2;27,3;24,9;23,8;83;75;76;134;6,4;3,1;
2020/04/27;1300 UTC;0;1008,1;1008,3;1008,1;2909,5;29,2;24,8;29,7;28,9;24,9;23,3;77;70;77;141;7,9;4,3;
2020/04/27;1400 UTC;0;1008;1008,2;1008;3302,9;29,6;24,4;30,2;29;24,9;23,5;77;70;74;141;7,9;4,3;
2020/04/27;1500 UTC;0;1007,4;1008,1;1007,4;3340,2;29,7;23,8;30,1;29,2;24,8;23,5;75;70;71;133;7,9;3,6;
2020/04/27;1600 UTC;0;1006,8;1007,4;1006,8;3174,5;29,6;23,7;30,3;29,3;24,7;23,2;74;68;71;126;7;4;
2020/04/27;1700 UTC;0;1006,3;1006,8;1006,2;2671,6;29,8;24,8;30,1;29,1;25;23,5;76;69;74;132;8,9;4,5;
2020/04/27;1800 UTC;0;1006,1;1006,3;1006;2112;29,2;24,1;30,1;29;24,9;23,9;76;72;74;141;8,9;4,3;
2020/04/27;1900 UTC;0;1006,3;1006,3;1005,9;843,5;28,6;23,6;29,7;28,6;24,4;23,5;75;70;75;136;9,1;5,6;
2020/04/27;2000 UTC;0;1006,3;1006,3;1006,2;255,2;27,1;23,5;28,6;26,6;24,2;23,5;85;74;80;159;9,5;4,3;
2020/04/27;2100 UTC;0;1007;1007;1006,3;12,6;27;23;27,3;26,9;23,7;22,7;81;78;79;156;7,5;2,7;
2020/04/27;2200 UTC;0;1007,5;1007,5;1007;;26,8;24,1;27;26,7;24,1;23;86;79;85;165;6,2;3;
2020/04/27;2300 UTC;0;1008,2;1008,2;1007,5;;26,7;23,9;26,8;26,6;24,2;23,9;86;85;85;168;5,3;2,6;
2020/04/28;0000 UTC;0;1008,5;1008,5;1008,2;;26,5;23,8;26,7;26,4;23,9;23,7;85;84;85;171;5,6;2,8;
2020/04/28;0100 UTC;0;1008,9;1008,9;1008,5;;26,2;23,9;26,6;26,2;23,9;23,8;87;85;87;185;4,3;2;
2020/04/28;0200 UTC;0;1008,8;1009;1008,8;;26,3;24;26,3;26,1;24;23,9;88;87;87;181;4,4;2,3;
2020/04/28;0300 UTC;,2;1008,2;1008,8;1008,2;;25,5;23,9;26,3;25,5;24;23,9;91;87;91;171;5,7;2,8;
2020/04/28;0400 UTC;0;1007,6;1008,2;1007,6;;25,5;24,1;25,5;25,3;24,1;23,5;92;90;92;197;4,9;2;
2020/04/28;0500 UTC;0;1007,1;1007,6;1007,1;;25,3;24,1;25,5;25,3;24,2;24;93;92;93;157;4,9;2,3;
2020/04/28;0600 UTC;,8;1006,8;1007,1;1006,7;;25;23,8;25,4;25;24,2;23,8;93;92;93;86;4,3;1,2;
2020/04/28;0700 UTC;,4;1006,6;1006,8;1006,3;;24,8;23,6;25,1;24,8;24,1;23,6;94;93;93;167;5,8;2,8;
2020/04/28;0800 UTC;0;1006,8;1006,8;1006,4;,1;24,8;23,3;24,9;24,7;23,6;23,2;93;91;92;190;5,7;2,7;
2020/04/28;0900 UTC;0;1007,2;1007,3;1006,8;39,2;25;23,4;25;24,7;23,6;23,3;92;91;91;191;5,7;2,9;
2020/04/28;1000 UTC;0;1007,9;1007,9;1007,2;241,5;25;23,2;25,3;25;23,5;23,1;91;88;90;163;8,1;3,8;
2020/04/28;1100 UTC;0;1008,2;1008,3;1007,9;1378,3;27,1;23,7;27,1;25;23,8;22,8;90;81;82;166;6,8;3,4;
2020/04/28;1200 UTC;0;1008,5;1008,6;1008,2;2016,8;28,6;23,9;28,8;27,1;24,8;23,7;83;76;76;172;7,1;3,5;
2020/04/28;1300 UTC;1;1008,8;1009;1008,5;1874;27,9;23,9;28,7;26,8;25,6;23,8;88;76;79;169;9,5;5,2;
2020/04/28;1400 UTC;0;1008,1;1008,8;1008,1;2346,6;28,7;23,7;29,1;27,8;24,3;23,3;79;72;74;154;9,1;4,7;
2020/04/28;1500 UTC;0;1007,4;1008,2;1007,4;2404,1;28,9;24;29,6;27,3;25,3;23,1;82;74;75;155;10;4,6;
2020/04/28;1600 UTC;0;1006,9;1007,4;1006,9;2837,2;29,8;24,2;29,8;28,8;25,1;23,3;77;71;72;137;10,5;5,8;
2020/04/28;1700 UTC;0;1006,2;1006,9;1006,2;2831,3;29,6;24,3;30,1;29;24,4;23,1;74;68;73;141;9,8;5,6;
2020/04/28;1800 UTC;0;1005,9;1006,3;1005,9;1601,4;29,2;24,1;30;28,8;24,4;22,7;76;68;74;156;10,1;5,6;
2020/04/28;1900 UTC;0;1006,3;1006,3;1005,9;904,1;29,2;23,4;29,3;28,5;23,9;22,9;74;69;71;153;11,1;5,3;
2020/04/28;2000 UTC;0;1007,1;1007,2;1006,2;319,2;26,1;23,9;29,3;26,1;24,3;23,1;88;70;88;133;11,2;5,8;
2020/04/28;2100 UTC;1,8;1007,5;1007,6;1007,1;3;24,8;23,5;26,1;24,3;23,9;23;94;88;92;191;11;3,5;
2020/04/28;2200 UTC;0;1008;1008;1007,5;;25,9;23;26;24,8;23,7;23;92;84;84;162;6,7;2,5;
2020/04/28;2300 UTC;0;1008,5;1008,5;1008;;26,2;23,4;26,2;25,8;23,4;22,4;85;80;85;153;5,2;2;
2020/04/29;0000 UTC;0;1009,2;1009,2;1008,5;;26,3;23,7;26,6;26,1;23,8;23,4;86;83;86;171;5,1;2,5;
2020/04/29;0100 UTC;0;1009,5;1009,5;1009,2;;26,2;23,6;26,3;26,2;23,7;23,6;86;85;85;167;5,8;2,7;
2020/04/29;0200 UTC;0;1009;1009,5;1009;;25,9;23,5;26,3;25,9;23,6;23,4;87;85;87;178;5,3;2,3;
2020/04/29;0300 UTC;0;1008,5;1009;1008,5;;25,4;23,3;25,9;25,4;23,5;23,3;88;87;88;175;4,6;2;
2020/04/29;0400 UTC;0;1008;1008,5;1008;;25,5;23,3;25,5;25,4;23,4;23,2;88;88;88;182;4;2,2;
2020/04/29;0500 UTC;0;1007;1008;1007;;25;23;25,5;25;23,3;23;88;87;88;191;4,8;2,5;
2020/04/29;0600 UTC;0;1006,6;1007;1006,6;;24,8;23;25;24,8;23,1;22,9;90;88;90;179;5;2,2;
2020/04/29;0700 UTC;0;1006,7;1006,7;1006,4;;24,8;23;24,9;24,8;23,1;23;90;89;89;181;5,2;3,1;
2020/04/29;0800 UTC;0;1007,3;1007,3;1006,7;;24,8;23;24,9;24,7;23;22,9;90;89;90;188;5,3;2,7;
2020/04/29;0900 UTC;0;1007,9;1007,9;1007,3;25,1;24,7;22,9;24,8;24,7;23;22,9;90;89;90;189;4,5;2,1;
2020/04/29;1000 UTC;0;1008,2;1008,2;1007,9;268,6;25,1;23,3;25,1;24,7;23,3;22,9;90;89;90;199;6,4;2,8;
2020/04/29;1100 UTC;0;1009,1;1009,1;1008,2;607,1;26,8;23,9;26,8;25,1;24,2;23,3;90;85;85;174;5,4;1,9;
2020/04/29;1200 UTC;0;1009,3;1009,3;1009,1;1176,2;27,9;24,3;28;26,6;24,6;23,7;85;80;81;174;6,3;3,5;
2020/04/29;1300 UTC;0;1009,2;1009,4;1009,1;2006,2;29,5;24,2;29,5;27,9;24,5;22,5;81;70;73;150;9,7;5,6;
2020/04/29;1400 UTC;,2;1009;1009,2;1009;2322,7;29,1;21,9;29,8;28,9;24,7;21,9;76;65;65;167;12,7;4,7;
2020/04/29;1500 UTC;0;1008,3;1009;1008,3;3020,6;29,7;24,5;31;29;24,6;21,7;74;61;73;139;9,2;5,7;
2020/04/29;1600 UTC;,4;1007,9;1008,3;1007,8;1789,7;27;24,2;30,5;27;25,4;22,7;85;70;85;145;9,7;4;
2020/04/29;1700 UTC;4,2;1006,8;1007,9;1006,8;814,2;27,1;23,6;27,1;24,7;24,5;23,4;95;81;81;137;8,9;2,6;
2020/04/29;1800 UTC;0;1006,9;1006,9;1006,5;961,1;27;23,4;28,1;27;23,9;22,8;82;74;81;130;8,9;4,5;
2020/04/29;1900 UTC;,2;1007,1;1007,1;1006,8;449,2;25,9;24,1;27;25,8;24,1;23,3;90;81;90;83;9,8;2;
2020/04/29;2000 UTC;1;1006,9;1007,1;1006,8;251,7;26,3;24,9;26,3;25,6;25;24;93;90;92;140;3,6;1,7;
2020/04/29;2100 UTC;0;1008,2;1008,2;1006,9;22,4;26,8;24,3;26,9;26,2;25,1;24;93;85;86;144;5,8;3,4;
2020/04/29;2200 UTC;0;1008,9;1009;1008,2;;25,8;23,6;26,8;25,8;24,4;23,6;88;84;88;105;8,7;4,5;
2020/04/29;2300 UTC;0;1009,4;1009,4;1008,8;;25,3;23,8;25,9;25,3;24,5;23,6;92;88;92;146;8,7;3,9;
2020/04/30;0000 UTC;0;1009,3;1009,5;1009,2;;25;23,7;25,4;25;24,2;23,7;93;92;93;177;8,4;2,8;
2020/04/30;0100 UTC;0;1009,2;1009,4;1009,1;;24,7;23,4;25,1;24,7;23,8;23,4;93;92;93;184;5,7;2,8;
2020/04/30;0200 UTC;0;1008,8;1009,2;1008,8;;24,6;23,6;24,7;24,5;23,6;23,4;94;93;94;183;5,1;3,2;
2020/04/30;0300 UTC;0;1008;1008,8;1008;;24,6;23,5;24,7;24,6;23,6;23,5;94;93;93;178;5,1;1,3;
2020/04/30;0400 UTC;0;1006,9;1008;1006,9;;24,5;23,4;24,6;24,4;23,5;23,3;94;93;94;178;6,1;3,4;
2020/04/30;0500 UTC;0;1006,3;1006,9;1006,3;;24,7;23,2;24,7;24,4;23,5;23,2;94;91;91;181;6,1;2,6;
2020/04/30;0600 UTC;0;1005,9;1006,3;1005,9;;24,2;22,8;24,8;24,2;23,2;22,8;92;91;92;200;5,4;1,6;
2020/04/30;0700 UTC;0;1005,9;1005,9;1005,8;;24,1;22,9;24,2;24,1;23;22,8;93;92;93;179;3,4;1,8;
2020/04/30;0800 UTC;0;1006;1006,1;1005,8;;24,2;22,9;24,3;24,1;23;22,8;93;92;93;185;4,8;2,5;
2020/04/30;0900 UTC;0;1006,7;1006,7;1006;81,1;24,6;23,2;24,6;24,2;23,2;22,9;93;92;92;188;4,7;2,2;
2020/04/30;1000 UTC;0;1007,6;1007,6;1006,7;686,7;25,8;23,5;25,9;24,6;23,7;23,1;92;87;87;192;5,5;2,9;
2020/04/30;1100 UTC;0;1008,3;1008,3;1007,5;1609,8;27,7;24,1;27,7;25,8;24,4;23,5;87;80;81;177;7,1;3,8;
2020/04/30;1200 UTC;0;1008,6;1008,6;1008,3;2369;29,1;24,3;29,2;27,6;24,6;23,7;81;74;75;174;7,3;3,4;
2020/04/30;1300 UTC;0;1008,5;1008,6;1008,5;2571,3;30,6;24,4;30,8;28,8;25,1;23,6;76;69;70;148;7,8;3,7;
2020/04/30;1400 UTC;0;1008;1008,6;1008;3278,3;30,4;24,2;30,8;29,9;24,9;23,5;72;67;70;132;9,3;4,8;
2020/04/30;1500 UTC;0;1007,6;1008;1007,6;3332,6;30,3;24,4;30,7;29,7;25,1;24;74;69;71;145;9;4,2;
2020/04/30;1600 UTC;0;1006,9;1007,6;1006,9;3185,2;30,1;24,1;30,8;29,8;25,2;23,8;74;69;70;133;8,4;4,1;
2020/04/30;1700 UTC;0;1006,3;1006,9;1006,3;2640,9;29,7;25,1;30,9;29,3;25,5;23,8;78;68;76;128;7,3;4,1;
2020/04/30;1800 UTC;0;1006,1;1006,3;1006;2096,6;29,5;25,1;30,1;29,3;26;24,9;80;76;77;140;7,5;3,8;
2020/04/30;1900 UTC;0;1006,4;1006,4;1006,1;835,1;29,4;24,1;29,8;29,1;25,7;24,1;80;73;73;115;7,1;4,3;
2020/04/30;2000 UTC;0;1006,8;1006,8;1006,4;223,3;28,7;23,2;29,6;28,7;24,5;23,1;75;71;72;127;7,7;3,3;
2020/04/30;2100 UTC;0;1007,4;1007,4;1006,8;12;28,3;23,3;28,7;28,3;23,6;23,2;75;72;74;127;6;2,8;
2020/04/30;2200 UTC;0;1007,8;1007,9;1007,4;;28,1;23,5;28,3;28,1;23,5;23,3;76;74;76;125;5,3;2,8;
2020/04/30;2300 UTC;0;1008,7;1008,7;1007,8;;28,1;24;28,3;28;24;23,5;79;75;78;130;5,2;2,4;
2020/05/01;0000 UTC;0;1009,2;1009,2;1008,7;;27,8;24,7;28,2;27,8;24,7;23,9;83;78;83;144;5,5;3,5;
2020/05/01;0100 UTC;0;1009,4;1009,4;1009,2;;27,3;24,3;27,7;27;24,7;24,1;85;83;84;171;5,2;1,8;
2020/05/01;0200 UTC;0;1009;1009,4;1009;;26,6;24,5;27,4;26,6;24,5;24,2;88;83;88;175;3,8;1,7;
2020/05/01;0300 UTC;,4;1008,4;1009;1008,4;;25,8;24;26,6;25,8;24,5;23,8;90;87;90;172;6;2,4;
2020/05/01;0400 UTC;0;1007,8;1008,5;1007,8;;25,9;24,4;26;25,7;24,5;24;92;90;91;173;4,1;1,8;
2020/05/01;0500 UTC;1,4;1007,4;1007,8;1007,4;;25,2;24;25,9;25,2;24,4;23,9;93;91;93;199;3,8;1,5;
2020/05/01;0600 UTC;0;1007,1;1007,4;1007;;25,3;24,2;25,4;25,1;24,3;24,1;94;93;94;186;3,9;2,4;
2020/05/01;0700 UTC;0;1007,2;1007,3;1007,1;;25,1;24,1;25,3;25,1;24,3;24,1;94;94;94;178;3,9;2,2;
2020/05/01;0800 UTC;0;1007,8;1007,8;1007,2;;24,9;24;25,1;24,9;24,1;24;95;94;94;181;4,1;2;
2020/05/01;0900 UTC;0;1008,1;1008,1;1007,8;23,9;25;24;25;24,9;24;23,9;94;94;94;185;4;1,8;
2020/05/01;1000 UTC;0;1009,1;1009,1;1008,1;433,6;25,8;24,4;25,9;25;24,6;24;94;91;92;193;4,3;2,5;
2020/05/01;1100 UTC;0;1009,9;1009,9;1009,1;1024,9;27,7;25,2;27,7;25,8;25,2;24,1;92;85;86;178;3,8;1,5;
2020/05/01;1200 UTC;0;1010,1;1010,2;1009,9;1785,6;29,5;24,4;29,8;27,7;25,9;24,4;87;74;74;127;7,1;4,3;
2020/05/01;1300 UTC;0;1010,2;1010,2;1010;2619,4;30,2;24,7;30,5;29,4;25,6;24,1;76;71;72;128;7,6;4,5;
2020/05/01;1400 UTC;0;1009,8;1010,2;1009,8;3319,2;30,1;24,7;30,8;29,9;25,1;24,2;75;69;73;112;7,4;4,6;
2020/05/01;1500 UTC;0;1009;1009,8;1009;3336,1;31;25;31;29,9;25,4;23,7;75;68;71;128;7,9;4,2;
2020/05/01;1600 UTC;0;1008,3;1009;1008,3;3147,3;30,5;25;31;29,9;25,4;24,2;75;69;73;128;8,5;4,4;
2020/05/01;1700 UTC;0;1007,6;1008,4;1007,6;2695,5;30;25;30,8;29,9;25,8;24,8;76;73;75;125;7,9;4,6;
2020/05/01;1800 UTC;0;1007,6;1007,6;1007,4;1743,2;29,7;25;30,9;29,5;26,1;24,4;77;72;76;135;8,1;5,1;
2020/05/01;1900 UTC;0;1007,7;1007,7;1007,5;713,5;29,1;25,5;30,3;28,6;25,8;24;83;73;81;138;9,1;4;
2020/05/01;2000 UTC;0;1008,1;1008,1;1007,7;258,5;28,1;25,1;29,1;27,5;25,5;25;88;80;84;142;9,1;3;
2020/05/01;2100 UTC;0;1008,1;1008,1;1008;20,4;28;24,8;28,2;28;25,1;24,8;84;82;83;142;6,8;3,9;
2020/05/01;2200 UTC;0;1008,8;1008,8;1008,1;;28,3;24,4;28,4;28;25,3;24,4;84;79;80;160;7,8;4;
2020/05/01;2300 UTC;0;1009,3;1009,3;1008,8;;28,3;25,2;28,3;28;25,2;24,4;84;80;83;152;7,8;3,3;
2020/05/02;0000 UTC;0;1009,4;1009,4;1009,3;;28,1;24,3;28,3;28,1;25,2;24,3;84;80;80;145;7,8;3,7;
2020/05/02;0100 UTC;0;1009,7;1009,7;1009,4;;28;24,5;28,2;28;24,6;24,2;81;79;81;139;7,4;3,9;
2020/05/02;0200 UTC;0;1009,1;1009,7;1009,1;;27,9;24,1;28,1;27,8;24,4;23,8;81;78;80;149;7,4;3,5;
2020/05/02;0300 UTC;0;1008,8;1009,1;1008,8;;28;23,9;28;27,9;24,3;23,9;81;79;79;145;6,6;3,4;
2020/05/02;0400 UTC;0;1008,1;1008,8;1008,1;;26,8;24,2;28;26,8;24,3;23,8;85;78;85;196;6,2;2,2;
2020/05/02;0500 UTC;1;1007,7;1008,1;1007,7;;25,6;24,2;26,8;25,6;24,3;24,1;92;85;92;172;4,2;2,1;
2020/05/02;0600 UTC;0;1007,5;1007,7;1007,5;;25,4;24,3;25,6;25,3;24,4;24,2;94;92;94;198;4,8;2;
2020/05/02;0700 UTC;0;1007,7;1007,7;1007,5;;25,4;24,3;25,4;25,2;24,4;24,2;94;94;94;177;4,3;2,1;
2020/05/02;0800 UTC;0;1007,7;1007,8;1007,6;;25,2;24,2;25,4;25,1;24,3;24,1;94;94;94;195;4,6;1,9;
2020/05/02;0900 UTC;1;1008;1008;1007,7;36,9;25;24,1;25,2;25;24,2;24;95;94;95;188;5,3;2,1;
2020/05/02;1000 UTC;,2;1008,5;1008,5;1008;225,8;25,3;24,4;25,4;25;24,5;24,1;95;95;95;190;5,7;2,5;
2020/05/02;1100 UTC;1,4;1009,3;1009,3;1008,5;953,9;25,9;24,7;26,4;25,3;25,2;24,3;95;92;93;171;5,8;1,7;
2020/05/02;1200 UTC;,2;1009,1;1009,3;1009,1;1255,5;28,7;25,6;29,2;25,8;26,8;24,6;94;83;83;159;5,1;2,6;
2020/05/02;1300 UTC;0;1008,9;1009,1;1008,9;2109,2;29,7;24,9;29,8;28,5;25,9;24,6;85;75;75;143;8,4;4,4;
2020/05/02;1400 UTC;0;1008,3;1008,9;1008,3;2939,1;29,7;24;30,4;29,3;25,2;24;76;71;72;133;9,9;5,1;
2020/05/02;1500 UTC;0;1007,7;1008,3;1007,7;1864,1;28,3;23,6;30,1;27,1;25,1;23,6;84;71;76;116;9;4,5;
2020/05/02;1600 UTC;0;1006,9;1007,7;1006,9;2335,4;28,5;23,6;30,2;28;24,1;22,8;77;65;75;131;9,9;5,3;
2020/05/02;1700 UTC;0;1006,3;1006,9;1006,3;1602,8;27,8;24,2;28,8;27,4;24,3;23;82;72;81;124;9,7;3,8;
2020/05/02;1800 UTC;0;1006,2;1006,3;1006;1246,4;28,6;22,1;29,2;27,8;24,2;22,1;81;68;68;152;8,2;3,9;
2020/05/02;1900 UTC;0;1006,5;1006,5;1006,1;733,1;27,6;24,1;29,2;27,4;24,2;22;82;66;82;126;7,8;3;
2020/05/02;2000 UTC;0;1007,1;1007,1;1006,5;240,3;27,1;24,3;27,9;27;24,3;23,4;85;78;85;123;7,8;2,1;
2020/05/02;2100 UTC;0;1007,3;1007,4;1007,1;8,1;27,4;24,6;27,4;27;24,6;24,1;85;82;85;122;4,4;2;
2020/05/02;2200 UTC;0;1007,9;1007,9;1007,3;;26,6;24,1;27,5;26;25;24,1;91;85;86;150;8,9;3,1;
2020/05/02;2300 UTC;1;1008,3;1008,3;1007,9;,3;26,6;24,4;26,6;25,4;24,6;23,4;92;86;88;158;10,4;2,6;
2020/05/03;0000 UTC;0;1008,4;1008,5;1008,3;1,2;26,5;24,6;26,7;26,2;24,6;24,1;89;87;89;157;6,2;2;
2020/05/03;0100 UTC;3,4;1008,6;1008,7;1008,4;;25,7;24;26,6;25,3;24,7;23,7;92;88;91;174;8,6;3,8;
2020/05/03;0200 UTC;1;1008,3;1008,7;1008,3;;25,9;24,1;26,1;25,4;24,6;23,9;92;90;90;159;8,4;2,3;
2020/05/03;0300 UTC;0;1007,6;1008,3;1007,6;;25,9;24;26,1;25,8;24,3;24;90;89;89;171;4,3;2,2;
2020/05/03;0400 UTC;0;1006,9;1007,7;1006,9;;25,5;24;25,9;25,5;24;23,8;91;89;91;176;3,7;1,9;
2020/05/03;0500 UTC;0;1006,7;1006,9;1006,7;,1;25,8;24,2;25,8;25,5;24,3;23,9;92;91;91;188;3,2;1,5;
2020/05/03;0600 UTC;,4;1006,3;1006,7;1006,3;;25,2;23,9;25,8;25,2;24,3;23,9;93;91;92;194;5,9;2,1;
2020/05/03;0700 UTC;0;1006,1;1006,3;1006;;25,2;24,3;25,3;25,1;24,3;23,9;94;92;94;182;4,6;2,7;
2020/05/03;0800 UTC;0;1006,5;1006,5;1006,1;;24,8;23,9;25,2;24,8;24,3;23,9;95;94;95;195;4,6;2,2;
2020/05/03;0900 UTC;0;1007;1007;1006,4;35,9;24,7;23,8;24,8;24,6;23,9;23,7;95;94;94;180;4,1;2,1;
2020/05/03;1000 UTC;0;1007,4;1007,4;1007;739,6;25,9;24;25,9;24,7;24,2;23,8;94;89;89;194;5,2;2,8;
2020/05/03;1100 UTC;0;1007,9;1007,9;1007,4;1586,9;27,7;24,7;27,7;25,9;24,9;23,9;90;83;84;174;6;3,4;
2020/05/03;1200 UTC;,2;1008,1;1008,1;1007,8;2339,3;29,1;24,6;29,4;27,6;25,5;24,4;85;76;77;139;7,5;4,9;
2020/05/03;1300 UTC;0;1008,3;1008,3;1008,1;2700,3;29,7;25,1;29,7;29;25,5;24,4;78;75;77;145;8,7;4,7;
2020/05/03;1400 UTC;0;1007,5;1008,3;1007,5;3161,9;29,6;24,6;30,2;29,3;25,4;24,2;77;72;75;136;8,8;4,6;
2020/05/03;1500 UTC;0;1006,4;1007,5;1006,4;3028,6;30,1;24,7;30,1;29,3;25,7;24,2;79;72;73;127;8,8;4,7;
2020/05/03;1600 UTC;0;1005,7;1006,4;1005,7;3067,7;29,9;25,1;30,4;29,6;25,3;24,2;77;71;76;133;9,9;5,5;
2020/05/03;1700 UTC;0;1005;1005,7;1005;2575,2;30,1;24,6;30,4;29,5;25,4;23,6;76;70;72;130;9,9;4,6;
2020/05/03;1800 UTC;0;1004,4;1005;1004,4;2089,8;29,8;23,3;30,5;29,6;24,9;23,3;73;68;68;148;9,5;5,7;
2020/05/03;1900 UTC;0;1004,6;1004,7;1004,3;768,8;29,5;23,4;29,9;29,3;24,1;23,1;72;68;70;142;9,2;4,4;
2020/05/03;2000 UTC;0;1005,1;1005,1;1004,5;235,7;28,9;23;29,5;28,8;23,8;23;72;70;71;154;9,3;4,3;
2020/05/03;2100 UTC;0;1005,7;1005,7;1005,1;17,8;28,2;23,3;28,9;28,2;23,4;23;75;71;75;161;6,7;3,2;
2020/05/03;2200 UTC;0;1006,4;1006,4;1005,7;;27,9;23,9;28,2;27,8;23,9;23,3;79;75;79;157;5,7;2,5;
2020/05/03;2300 UTC;0;1006,9;1006,9;1006,4;;27,9;24,3;28,1;27,8;24,3;23,9;81;79;81;156;7;2,7;
2020/05/04;0000 UTC;0;1007,5;1007,5;1006,9;;27,8;24,3;28,1;27,8;24,4;24,2;81;80;81;168;7;3,6;
2020/05/04;0100 UTC;0;1007,2;1007,6;1007,2;;27,7;24,2;27,8;27,5;24,4;24,2;83;81;82;164;6,5;3,1;
2020/05/04;0200 UTC;0;1006,9;1007,2;1006,9;;27,3;24;27,7;27,2;24,2;24;83;81;83;165;5,4;2,6;
2020/05/04;0300 UTC;0;1006,3;1006,9;1006,3;;26,9;24,5;27,3;26,8;24,5;24;87;83;87;175;5,3;2,6;
2020/05/04;0400 UTC;0;1005,6;1006,3;1005,6;;26,3;24,3;26,9;26,3;24,5;24,2;89;87;89;188;5;2,4;
2020/05/04;0500 UTC;0;1004,8;1005,6;1004,8;;25,8;24,3;26,3;25,8;24,3;24,1;91;89;91;191;5,9;3,3;
2020/05/04;0600 UTC;0;1004,6;1004,8;1004,5;;25,5;24,2;25,8;25,5;24,3;24,2;93;91;93;190;5,9;2,7;
2020/05/04;0700 UTC;0;1004,8;1004,8;1004,5;;25,3;24;25,5;25,3;24,2;24;93;92;92;189;5,6;3;
2020/05/04;0800 UTC;0;1005,2;1005,2;1004,8;;25,2;23,9;25,3;25,2;24;23,9;93;92;92;196;6,1;2,9;
2020/05/04;0900 UTC;0;1005,9;1005,9;1005,2;15,3;25,2;23,6;25,2;25;23,9;23,6;92;91;91;185;6,9;3,3;
2020/05/04;1000 UTC;0;1005,8;1006;1005,8;192,8;25,6;23,7;25,6;25,1;23,7;23,6;91;89;90;194;9,5;3,8;
2020/05/04;1100 UTC;0;1006,7;1006,7;1005,8;640,8;26,5;23,7;26,6;25,6;24,2;23,6;90;84;85;178;9,5;3,5;
2020/05/04;1200 UTC;1,6;1007,8;1007,8;1006,7;144,3;25,8;24,3;26,6;25,7;24,3;23,7;91;84;91;145;7,6;2,4;
2020/05/04;1300 UTC;13,6;1007,7;1008,1;1007,7;102,6;24,6;24,1;25,8;23,5;24,4;22,9;97;91;97;148;11,1;2,6;
2020/05/04;1400 UTC;4,8;1007,7;1007,8;1007,5;307,6;24,3;23,5;25,6;24,3;24,9;23,4;97;94;95;123;10,9;5,5;
2020/05/04;1500 UTC;14,6;1007,5;1007,7;1007,5;301,9;24,1;23,6;24,5;23,6;24;23,1;98;95;97;139;12,1;5,6;
2020/05/04;1600 UTC;1,6;1006,5;1007,5;1006,5;93,9;24,6;23,9;24,6;24,1;23,9;23,6;97;96;96;163;9,5;1,7;
2020/05/04;1700 UTC;2,8;1006;1006,5;1005,9;151,3;24,5;23,5;24,9;24,5;24,2;23,5;96;95;95;169;9,8;5,3;
2020/05/04;1800 UTC;1,8;1005,3;1006;1005,3;538,6;25;24,2;25,1;24,3;24,3;23,4;96;94;95;196;9,8;1,8;
2020/05/04;1900 UTC;,2;1005,4;1005,5;1005,2;757,5;26,1;24,4;26,2;25;25;24,3;96;91;91;184;6,5;3,2;
2020/05/04;2000 UTC;0;1005,3;1005,5;1005,3;281,4;25,8;23,7;26,2;25,8;24,5;23,6;91;87;88;168;6,6;2,4;
2020/05/04;2100 UTC;0;1005,9;1005,9;1005,3;12,7;25,6;23,7;25,8;25,5;23,7;23,5;89;88;89;159;4,9;2,8;
2020/05/04;2200 UTC;0;1006,2;1006,2;1005,9;;25,5;23,7;25,8;25,5;23,8;23,6;90;89;90;167;6,6;3,8;
2020/05/04;2300 UTC;0;1006,8;1006,8;1006,2;;25,6;23,7;25,7;25,4;23,7;23,5;90;88;89;163;6,7;2,4;
2020/05/05;0000 UTC;0;1007,3;1007,3;1006,8;;25,6;24,1;25,8;25,5;24,2;23,7;92;89;92;169;4,8;2,8;
2020/05/05;0100 UTC;1,6;1007,3;1007,5;1007,2;;25,1;24,1;25,7;25,1;24,2;23,8;94;91;94;175;6,5;3,4;
2020/05/05;0200 UTC;0;1006,8;1007,4;1006,8;;24,9;23,8;25,2;24,9;24,3;23,8;95;94;94;177;7,1;2,8;
2020/05/05;0300 UTC;0;1006;1006,9;1006;;24,5;23,6;24,9;24,5;23,8;23,5;94;94;94;184;5,6;2,2;
2020/05/05;0400 UTC;2,6;1005,6;1006;1005,3;;24,2;23,2;24,7;24,2;23,6;23,2;95;94;94;168;4,9;2,9;
2020/05/05;0500 UTC;1,4;1004,7;1005,6;1004,7;;24,5;23,8;24,5;24,1;23,8;23,2;96;94;96;183;7,6;3,2;
2020/05/05;0600 UTC;1,6;1004,6;1004,8;1004,6;;24,6;24;24,6;24,4;24;23,7;96;96;96;166;6,6;3,4;
2020/05/05;0700 UTC;0;1004,6;1004,7;1004,5;;24,7;24,2;24,7;24,6;24,2;24;97;96;97;186;6,1;2;
2020/05/05;0800 UTC;0;1004,8;1004,8;1004,4;;25,2;24,6;25,4;24,7;24,7;24,2;97;96;96;171;6,5;3,3;
2020/05/05;0900 UTC;,4;1005,2;1005,2;1004,8;21,1;24,7;23,9;25,2;24,6;24,6;23,8;96;95;95;187;6;3,2;
2020/05/05;1000 UTC;,6;1006,1;1006,1;1005,2;500,4;25;24,2;25,3;24,6;24,5;23,8;96;95;95;183;6,7;3,5;
2020/05/05;1100 UTC;3,4;1006,7;1006,7;1006,1;995,9;25,8;25;25,8;24,7;25;24;96;95;95;186;6,3;3,1;
2020/05/05;1200 UTC;0;1007,1;1007,1;1006,7;1716,6;28;25,9;28;25,7;26,1;24,6;95;88;88;181;5,4;2,8;
2020/05/05;1300 UTC;0;1007,1;1007,3;1007,1;2051,2;29,1;25,2;29,3;27,7;26,2;25,1;88;80;80;152;7,7;4,1;
2020/05/05;1400 UTC;0;1006,4;1007,1;1006,4;3030,7;29,7;24,6;30,2;28,9;25,8;24,4;82;72;74;128;10,5;5,9;
2020/05/05;1500 UTC;0;1005,9;1006,4;1005,9;2629,2;30,2;24,5;30,6;29,4;25,4;24,4;77;72;72;130;10,8;5,9;
2020/05/05;1600 UTC;0;1005,5;1006;1005,5;2703,3;30,2;24,7;30,6;29,6;25,2;24,3;75;71;73;129;11;5,4;
2020/05/05;1700 UTC;0;1004,9;1005,5;1004,9;2564,8;30;24,8;30,6;29,8;25,1;24,1;74;70;73;131;10,7;4,7;
2020/05/05;1800 UTC;0;1004,6;1004,9;1004,5;1892,1;29,3;24,2;30,4;29,3;24,9;23,9;74;71;74;128;10,4;5,3;
2020/05/05;1900 UTC;0;1004,8;1004,8;1004,6;793,7;29,4;24,5;29,9;29,2;24,7;23,8;76;71;75;137;10,1;4,9;
2020/05/05;2000 UTC;0;1005,2;1005,2;1004,8;257,7;28,7;24,5;29,4;28,7;24,8;24,1;78;75;78;135;9,9;4,3;
2020/05/05;2100 UTC;0;1006;1006;1005,2;10,2;28,5;24,1;28,7;28,5;24,6;24,1;79;76;77;139;9,7;4,3;
2020/05/05;2200 UTC;0;1006,5;1006,5;1006;;28,4;24;28,6;28,4;24,3;23,9;78;76;77;145;10,4;4,5;
2020/05/05;2300 UTC;0;1007,1;1007,1;1006,5;;28,3;23,8;28,4;28,3;24,3;23,8;79;76;77;143;8,1;4,2;
2020/05/06;0000 UTC;4,8;1007,9;1007,9;1007,1;2,9;26,1;24,5;28,4;24,6;24,5;22,6;93;77;91;146;12,8;2,8;
2020/05/06;0100 UTC;0;1007,8;1008;1007,8;4,4;26,8;24,5;26,8;26,1;24,9;24,2;91;86;87;150;8;3;
2020/05/06;0200 UTC;0;1007,6;1007,8;1007,6;1,3;26,8;24,5;26,8;26,6;24,6;24;88;86;87;149;5,7;2,9;
2020/05/06;0300 UTC;0;1007,1;1007,6;1007,1;;26,8;24,7;26,9;26;24,8;24;90;87;88;141;6,9;2,9;
2020/05/06;0400 UTC;0;1006,5;1007,1;1006,5;;27,3;23,9;27,4;26,8;24,7;23,9;88;81;82;140;8,4;4,1;
2020/05/06;0500 UTC;,4;1006,1;1006,5;1006,1;;25,7;23,6;27,3;25,7;24,1;23,6;89;82;89;200;8,4;2,7;
2020/05/06;0600 UTC;1,2;1006,1;1006,2;1005,8;;25,2;24,1;25,7;24,9;24,1;23,6;94;89;94;175;7;3,7;
2020/05/06;0700 UTC;7;1006,2;1006,4;1006;;24,4;23,8;25,4;23,6;24,2;22,5;96;92;96;172;10,8;2,4;
2020/05/06;0800 UTC;12,6;1006,5;1006,6;1005,9;;24,4;23,8;24,8;24,3;24,2;23,6;97;96;96;213;6,6;2,6;
2020/05/06;0900 UTC;10,2;1006,7;1006,8;1006,2;32,3;24,7;24;25;23,9;24,4;23,4;97;95;96;161;7,8;2,5;
2020/05/06;1000 UTC;0;1007,4;1007,4;1006,7;519,9;25,3;24,3;25,3;24,7;24,3;23,8;96;94;94;190;5,4;3;
2020/05/06;1100 UTC;0;1007,9;1007,9;1007,4;1612,7;27,2;24,3;27,6;25,3;25;24,3;94;84;84;176;6,1;2,9;
2020/05/06;1200 UTC;0;1008;1008,1;1007,9;2368,4;29,1;24,9;29,3;27,2;25,4;24,4;86;77;78;149;6,4;3,1;
2020/05/06;1300 UTC;0;1007,8;1008;1007,8;2725,9;29,7;25,4;29,8;29;25,6;24,4;79;76;78;144;8,4;4,9;
2020/05/06;1400 UTC;0;1007,4;1007,8;1007,3;3029,2;29,9;25,4;30,3;28,8;25,9;24,4;80;74;77;126;9,3;5,1;
2020/05/06;1500 UTC;0;1006,6;1007,4;1006,6;3155,7;29,3;24,5;30,3;29,3;25,4;24;76;70;76;131;11,8;5,3;
2020/05/06;1600 UTC;0;1005,9;1006,6;1005,9;3139,4;29,6;25,1;30,2;29,3;26,1;24,4;80;73;77;136;10,1;5;
2020/05/06;1700 UTC;0;1005,2;1006;1005,2;2747,1;29,5;24,1;30,3;29,4;25,5;24,1;78;71;73;129;9,4;5;
2020/05/06;1800 UTC;0;1005;1005,2;1005;1991,5;29,8;24,4;30,2;29,4;25;23,7;75;70;73;119;9,9;4,5;
2020/05/06;1900 UTC;0;1005,2;1005,2;1004,9;759,1;29,2;23,2;30;29,2;24,2;23,1;73;68;70;116;8,8;4,1;
2020/05/06;2000 UTC;0;1005,4;1005,4;1005,2;232,3;28,7;22,8;29,5;28,6;23,4;22,8;72;68;71;125;8,2;4,1;
2020/05/06;2100 UTC;0;1005,7;1005,7;1005,3;16,8;28,2;23,1;28,7;28,2;23,3;22,7;75;70;74;129;7,7;3,8;
2020/05/06;2200 UTC;0;1006;1006;1005,7;;28,2;23,2;28,4;28;23,3;23;75;73;74;134;8,5;4,1;
2020/05/06;2300 UTC;0;1006,5;1006,5;1006;;27,9;23;28,3;27,8;23,4;23;76;74;75;131;9;3,4;
2020/05/07;0000 UTC;0;1006,8;1006,8;1006,5;;27,8;23,3;28,1;27,7;23,3;22,9;77;74;76;132;6,6;3,1;
2020/05/07;0100 UTC;0;1007;1007;1006,8;;27,9;23,2;28,1;27,7;23,4;23,1;76;74;76;125;7,5;3,7;
2020/05/07;0200 UTC;0;1006,8;1007;1006,8;;27,9;23,1;28;27,8;23,3;22,9;76;74;75;125;7,6;3,7;
2020/05/07;0300 UTC;0;1006,2;1006,8;1006,2;;27,4;23,1;27,9;27,4;23,2;22,9;77;75;77;134;6,7;2,7;
2020/05/07;0400 UTC;0;1005,5;1006,2;1005,5;;27,2;22,8;27,4;27;23,2;22,8;79;77;77;140;4,7;2,3;
2020/05/07;0500 UTC;0;1005,1;1005,6;1005,1;;24,9;22,7;27,1;24,9;23,2;22,5;88;77;88;223;4,4;2,2;
2020/05/07;0600 UTC;0;1005,1;1005,2;1005;;24,5;22,8;24,9;24,5;23;22,7;90;88;90;209;3,5;1,7;
2020/05/07;0700 UTC;0;1005,1;1005,1;1004,9;;24,4;22,8;24,6;24,4;23;22,8;91;90;91;190;4,1;2,2;
2020/05/07;0800 UTC;0;1005,2;1005,2;1005;;24,3;23;24,4;24,3;23;22,8;92;91;92;185;4,2;1,8;
2020/05/07;0900 UTC;0;1005,8;1005,8;1005,2;41,3;24,6;23,2;24,6;24,2;23,2;22,9;93;92;92;171;4,1;2,5;
2020/05/07;1000 UTC;0;1006,5;1006,5;1005,8;532,3;26,1;24;26,1;24,6;24;23,2;92;88;88;194;5,3;2,4;
2020/05/07;1100 UTC;0;1007,1;1007,1;1006,5;1549,9;29,1;22,8;29,1;26;24,2;22,5;88;68;69;132;7,8;4,3;
2020/05/07;1200 UTC;0;1007,4;1007,4;1007,1;2219,7;29,8;23,6;29,8;29;23,8;22,8;72;68;69;129;8,6;4,7;
2020/05/07;1300 UTC;0;1007,2;1007,4;1007,2;2686,1;30,2;23;30,4;29,5;23,7;22,5;71;64;65;133;10,2;5;
2020/05/07;1400 UTC;0;1007;1007,3;1007;3281,7;30,1;23,1;30,9;29,7;23,7;22,4;68;63;66;126;9,8;5,1;
2020/05/07;1500 UTC;0;1006,4;1007;1006,4;2975,4;30,1;23,6;30,5;29,8;24;22,9;70;66;68;141;9,3;5,2;
2020/05/07;1600 UTC;0;1005,8;1006,4;1005,8;3093,8;30;23,3;30,5;29,8;24,1;22,8;70;65;67;135;9,1;5,5;
2020/05/07;1700 UTC;0;1005,1;1005,8;1005,1;2719,6;30,3;22,7;30,8;29,9;23,9;22,4;68;63;64;138;9,7;4,8;
2020/05/07;1800 UTC;0;1004,9;1005,1;1004,9;1840,2;29,6;23,6;30,5;29,4;23,7;22,3;71;63;70;129;9;4,6;
2020/05/07;1900 UTC;0;1005,1;1005,2;1004,8;763,2;29;23,5;29,8;28,9;24,1;23,3;74;69;72;140;9,9;4,9;
2020/05/07;2000 UTC;0;1005,5;1005,5;1005,1;315,9;28,7;23,3;29,2;28,7;23,9;23,3;74;72;73;140;9;3,9;
2020/05/07;2100 UTC;0;1006;1006;1005,5;17,9;28,2;23,7;28,7;28,2;23,8;23,3;77;73;76;137;7,5;4;
2020/05/07;2200 UTC;0;1006,6;1006,6;1006;;27,9;23,6;28,2;27,9;24;23,6;78;76;77;169;7,2;3,5;
2020/05/07;2300 UTC;0;1007,2;1007,2;1006,5;;27,7;23,5;28;27,7;23,9;23,5;79;77;78;170;6,4;2,7;
2020/05/08;0000 UTC;0;1007,8;1007,8;1007,2;;27;23,1;27,7;27;23,5;23;79;78;79;168;6,3;2,8;
2020/05/08;0100 UTC;0;1007,7;1007,8;1007,7;;26,6;22,9;27;26,6;23,1;22,9;80;79;80;169;5;2,7;
2020/05/08;0200 UTC;0;1007,7;1007,8;1007,7;;25,9;23;26,6;25,9;23,1;22,9;84;80;84;179;4,5;2;
2020/05/08;0300 UTC;0;1007,3;1007,7;1007,3;;25,4;22,7;25,9;25,4;23;22,7;85;84;85;177;4,6;2,5;
2020/05/08;0400 UTC;0;1007,2;1007,3;1007,2;;24,9;22,4;25,4;24,9;22,8;22,4;86;85;86;180;4,1;2,1;
2020/05/08;0500 UTC;0;1006,8;1007,2;1006,7;;24,2;21,9;24,9;24,2;22,5;21,9;87;86;87;207;4,9;2;
2020/05/08;0600 UTC;0;1006,9;1006,9;1006,7;;23,9;21,9;24,2;23,9;22,1;21,8;88;87;88;204;4,1;1,1;
2020/05/08;0700 UTC;0;1007;1007;1006,8;;23,5;21,7;23,9;23,5;21,9;21,6;90;88;90;208;3,8;1,7;
2020/05/08;0800 UTC;0;1007,1;1007,1;1007;;23,5;21,8;23,7;23,4;21,9;21,7;90;90;90;212;4,3;2;
2020/05/08;0900 UTC;0;1007,5;1007,5;1007,1;34,9;23,8;22,1;23,8;23,5;22,1;21,8;91;90;90;209;5,2;2,1;
2020/05/08;1000 UTC;0;1008,2;1008,2;1007,5;849,1;25,9;22,6;25,9;23,8;22,9;22,1;90;82;82;208;4,7;1,9;
2020/05/08;1100 UTC;0;1008,6;1008,7;1008,2;1589,6;27,4;23,2;27,4;25,9;23,3;22,2;82;77;78;195;6,1;2,9;
2020/05/08;1200 UTC;0;1008,6;1008,8;1008,5;2346,3;29;23,3;29,1;27,3;23,5;22,7;78;71;71;191;7,7;4,4;
2020/05/08;1300 UTC;0;1008,5;1008,7;1008,5;2053,2;30,1;23;30,3;28,4;23,8;22,7;73;65;66;163;8,2;3,8;
2020/05/08;1400 UTC;0;1008,1;1008,5;1008;2390,7;30,9;23,3;30,9;29,4;23,8;22,5;69;64;64;147;8;3,9;
2020/05/08;1500 UTC;0;1007,4;1008,1;1007,4;2254,6;29,5;23,2;31,2;29,5;23,8;22,1;69;60;69;127;8,3;4,8;
2020/05/08;1600 UTC;0;1006,5;1007,4;1006,5;1494,7;29,6;22,6;29,9;29,3;23,6;22,2;70;65;66;148;8,6;5;
2020/05/08;1700 UTC;0;1006;1006,5;1006;1736,8;29,4;23,2;30,1;29,2;23,6;22,5;71;64;69;132;9,8;6,3;
2020/05/08;1800 UTC;0;1005,6;1006,1;1005,6;864,9;28,9;23,4;29,4;28,7;23,8;22,8;74;69;72;141;10,1;4,4;
2020/05/08;1900 UTC;0;1005,8;1005,8;1005,6;560,1;29,1;23,2;29,4;28,6;23,7;22,9;75;69;70;148;9,3;5,2;
2020/05/08;2000 UTC;0;1006,3;1006,3;1005,8;356,3;28,6;23,4;29,3;28,6;23,9;23;74;70;73;149;10,2;5,4;
2020/05/08;2100 UTC;0;1006,8;1006,8;1006,3;24,2;28,1;23,2;28,6;28,1;23,5;23,1;75;73;75;153;9,5;5;
2020/05/08;2200 UTC;0;1007,3;1007,3;1006,8;;28;23,2;28,2;27,8;23,4;23,2;77;75;76;151;8,3;3,9;
2020/05/08;2300 UTC;0;1007,9;1007,9;1007,3;;28;23,3;28,1;27,8;23,4;23,2;77;75;76;147;7,6;4,1;
2020/05/09;0000 UTC;0;1008,4;1008,4;1007,9;;28;23;28,2;28;23,4;22,9;76;73;74;143;8,8;3,7;
2020/05/09;0100 UTC;0;1009,1;1009,1;1008,4;;27,2;24,9;28,2;27;24,9;23,1;88;74;87;124;8,2;4,4;
2020/05/09;0200 UTC;0;1009;1009,3;1009;;27,4;24,7;27,4;27,1;24,9;24,6;88;85;85;142;8;3,9;
2020/05/09;0300 UTC;0;1008,8;1009;1008,8;;26,6;22,8;27,4;26,6;24,6;22,8;85;77;80;178;6,8;2,6;
2020/05/09;0400 UTC;0;1008,6;1008,8;1008,5;;26,3;22,7;26,7;26,3;22,9;22,7;81;80;81;186;6,3;2,9;
2020/05/09;0500 UTC;0;1007,9;1008,6;1007,9;;25,8;22,6;26,3;25,8;22,8;22,6;83;81;83;205;6,3;2,1;
2020/05/09;0600 UTC;0;1007,6;1007,9;1007,5;;25,5;22,6;25,8;25,5;22,7;22,5;84;83;84;191;5,7;3,1;
2020/05/09;0700 UTC;0;1007,7;1007,7;1007,5;;25,1;22,3;25,5;25,1;22,5;22,3;84;84;84;200;5,8;2,2;
2020/05/09;0800 UTC;0;1007,8;1007,8;1007,6;;25,1;22,3;25,1;25,1;22,4;22,3;85;84;85;198;5,6;2,6;
2020/05/09;0900 UTC;0;1007,9;1007,9;1007,7;19,6;24,9;22,3;25,1;24,8;22,3;22,1;85;84;85;204;5,6;2,4;
2020/05/09;1000 UTC;0;1008,3;1008,3;1007,9;301,2;25,5;22,4;25,6;24,9;22,5;22,2;85;83;83;193;5,8;3,3;
2020/05/09;1100 UTC;0;1009;1009;1008,3;1072;27;22,8;27,2;25,5;23,2;22,4;83;76;78;181;7,7;4,3;
2020/05/09;1200 UTC;0;1009,3;1009,3;1008,9;1004,5;27,7;23,3;27,7;27;23,4;22,8;78;75;77;180;8,4;3,3;
2020/05/09;1300 UTC;0;1009,1;1009,4;1009,1;1219;28,4;23,1;28,6;27,7;23,8;22,9;78;73;73;166;9,1;5,1;
2020/05/09;1400 UTC;0;1008,6;1009,1;1008,6;1761,6;29,2;24;29,6;28,4;24,2;23,2;75;70;74;146;9,9;5,6;
2020/05/09;1500 UTC;0;1008,1;1008,6;1008,1;966,3;28,8;23,5;29,2;28,6;24,3;23,4;77;73;73;137;11;6;
2020/05/09;1600 UTC;0;1007,6;1008,1;1007,5;1830,3;29,1;23,6;29,7;28,8;23,9;23,1;73;69;72;133;11,5;5,8;
2020/05/09;1700 UTC;0;1007,1;1007,6;1007,1;1415,3;28,8;22,9;29,8;28,8;23,9;22,7;73;69;70;138;11,1;5,1;
2020/05/09;1800 UTC;0;1006,8;1007,2;1006,8;551,7;28,3;23,1;28,8;28,3;23,4;22,9;75;71;74;139;9,9;4,9;
2020/05/09;1900 UTC;0;1007,1;1007,1;1006,8;501,6;28,2;23;28,3;28,2;23,3;22,9;75;72;73;137;9,3;3,9;
2020/05/09;2000 UTC;0;1007,5;1007,5;1007,1;255,1;28;22,5;28,3;28;23,2;22,5;75;71;72;141;8,7;3,7;
2020/05/09;2100 UTC;0;1008;1008;1007,5;11,5;28;21,2;28,2;28;22,4;20,8;72;65;66;145;8,5;3,8;
2020/05/09;2200 UTC;0;1008,5;1008,5;1008;;27,8;21,7;28;27,8;21,8;21,2;70;66;69;147;8,2;4,2;
2020/05/09;2300 UTC;0;1009;1009;1008,5;;27,8;21,8;27,9;27,6;21,8;21,5;70;68;70;143;9;4,5;
2020/05/10;0000 UTC;0;1009,5;1009,5;1009;;27,6;22,4;27,8;27,5;22,4;21,8;73;70;73;149;8,7;4,1;
2020/05/10;0100 UTC;0;1009,6;1009,7;1009,5;;27,6;22,7;27,7;27,5;22,8;22,4;75;73;75;147;8,5;4,2;
2020/05/10;0200 UTC;0;1009,7;1009,7;1009,6;;27,5;22,3;27,6;27,4;22,8;22,2;76;73;73;142;7,9;4,2;
2020/05/10;0300 UTC;0;1009,5;1009,7;1009,5;;27,3;22,3;27,5;27,2;22,4;22,1;74;73;74;148;7,3;3,5;
2020/05/10;0400 UTC;0;1009;1009,5;1009;;25,1;21,7;27,4;25,1;22,3;21,6;82;74;82;186;6,4;2,5;
2020/05/10;0500 UTC;0;1008,5;1009;1008,5;;24,5;21,7;25,1;24,4;21,7;21,6;84;82;84;177;4,7;2,4;
2020/05/10;0600 UTC;0;1008,1;1008,5;1008,1;;24,1;21,6;24,5;24,1;21,7;21,6;86;84;86;189;5,6;3,1;
2020/05/10;0700 UTC;0;1008,3;1008,3;1008;;23,8;21,5;24,1;23,8;21,6;21,4;87;86;87;189;5,6;2,5;
2020/05/10;0800 UTC;0;1008,7;1008,7;1008,3;;22,9;21,2;23,9;22,9;21,7;21,2;90;87;90;212;5,4;2;
2020/05/10;0900 UTC;0;1009,3;1009,3;1008,6;33,3;23,1;21,6;23,1;22,9;21,6;21,2;91;90;91;207;3,8;2;
2020/05/10;1000 UTC;0;1009,6;1009,7;1009,2;432;24,6;22,2;24,6;23,1;22,2;21,7;91;86;86;182;4,6;2,5;
2020/05/10;1100 UTC;0;1009,9;1010;1009,6;1513;26,8;23;27,2;24,6;23,3;22;86;78;80;168;7;3,6;
2020/05/10;1200 UTC;0;1009,9;1009,9;1009,8;2372,8;29,1;23,7;29,5;26,9;24,4;23,1;80;72;73;142;8,4;4,7;
2020/05/10;1300 UTC;0;1009,8;1009,9;1009,8;2751;29,4;23,5;29,9;28,9;24,2;23,1;74;70;71;148;9,8;5,2;
2020/05/10;1400 UTC;0;1009,8;1010;1009,8;3236,5;29,6;23,5;30,1;29,3;24;23,1;72;68;70;146;9,5;5,3;
2020/05/10;1500 UTC;0;1008,9;1009,8;1008,9;3261,1;29,9;24,4;30,1;29,1;24,5;23,2;73;68;72;134;9;4,7;
2020/05/10;1600 UTC;0;1008;1008,9;1008;2861,8;30;23,5;30,4;29,4;24,6;23,2;74;67;68;138;8,9;5;
2020/05/10;1700 UTC;0;1007,5;1008;1007,5;2720,3;29,9;23,8;30,6;29,2;24,4;23,2;72;67;70;139;8,9;4,8;
2020/05/10;1800 UTC;0;1007,2;1007,5;1007,2;1986,2;29,3;23,7;30;29,2;24,5;23,4;73;69;72;140;8,6;5,1;
2020/05/10;1900 UTC;0;1007,1;1007,2;1007,1;798;29,1;23,7;29,7;28,8;24,4;23,4;75;70;73;141;8,2;4,1;
2020/05/10;2000 UTC;0;1007,4;1007,4;1007,2;258,5;28,4;23,3;29,2;28,4;23,9;23,3;75;72;74;144;7,9;3,7;
2020/05/10;2100 UTC;0;1007,8;1007,8;1007,3;15;27,9;23,5;28,4;27,9;23,5;23,1;77;74;77;141;6,1;3,2;
2020/05/10;2200 UTC;0;1008,2;1008,2;1007,8;;27,9;23,2;28;27,8;23,7;23,2;78;76;76;137;5,7;3,4;
2020/05/10;2300 UTC;0;1008,6;1008,6;1008,2;;27,8;23,7;27,9;27,7;23,8;23,1;79;76;79;135;7;3,2;
2020/05/11;0000 UTC;0;1009,2;1009,2;1008,6;;27,8;24,1;27,9;27,2;24,3;23,6;83;78;81;134;7,9;3,4;
2020/05/11;0100 UTC;0;1009,2;1009,4;1009,2;;27,5;23,8;28;27,4;24,3;23,6;83;78;80;145;7,2;3,9;
2020/05/11;0200 UTC;0;1008,8;1009,2;1008,8;;27,4;23,5;27,5;27,2;24;23,5;82;80;80;147;6,7;3,3;
2020/05/11;0300 UTC;0;1008,4;1008,8;1008,4;;27,4;23,7;27,6;27,3;23,9;23,5;81;79;80;164;7,4;3;
2020/05/11;0400 UTC;0;1007,8;1008,4;1007,8;;26,6;23,6;27,4;26,6;23,8;23,5;84;80;84;194;6,4;2,4;
2020/05/11;0500 UTC;0;1007,3;1007,8;1007,3;;25,5;23,5;26,6;25,5;23,6;23,4;89;84;89;185;5,2;2,5;
2020/05/11;0600 UTC;0;1007;1007,3;1007;;24,7;23,1;25,5;24,7;23,6;23,1;91;89;91;193;4,9;2,3;
2020/05/11;0700 UTC;0;1007,2;1007,2;1007;;24,4;22,9;24,7;24,4;23,1;22,9;92;91;92;184;4,2;1,9;
2020/05/11;0800 UTC;0;1007,4;1007,4;1007,2;;24,2;22,7;24,4;24,2;23;22,7;92;91;91;180;4,6;2,2;
2020/05/11;0900 UTC;0;1007,9;1007,9;1007,3;58,4;24,2;22,6;24,3;24,1;22,8;22,5;91;91;91;190;5,4;2,4;
2020/05/11;1000 UTC;0;1008,4;1008,4;1007,9;771,4;25,4;22,5;25,5;24,2;22,8;22,5;91;84;84;188;6,6;3;
2020/05/11;1100 UTC;0;1008,9;1008,9;1008,4;1595,4;27,9;23,1;27,9;25,4;23,5;22,5;85;75;75;171;5,8;3,2;
2020/05/11;1200 UTC;0;1009,2;1009,3;1008,9;2261,7;29,1;22,3;29,1;27,9;23,3;22,2;75;67;67;168;9;5,2;
2020/05/11;1300 UTC;0;1009,4;1009,4;1009,2;2585,7;29,6;22,3;30;28,7;22,9;21,7;69;62;65;145;9,5;5,2;
2020/05/11;1400 UTC;0;1009;1009,5;1009;3205,1;29,5;22,4;30,5;29,5;23;21,8;66;61;66;155;9,9;6,1;
2020/05/11;1500 UTC;0;1008,3;1009;1008,3;3259,4;29,8;23,7;30,7;29,4;23,7;22,4;70;63;70;142;10;5,6;
2020/05/11;1600 UTC;0;1007,5;1008,3;1007,5;2937,3;29,6;23,2;30,2;29,4;24;22,9;71;67;68;146;10,7;6;
2020/05/11;1700 UTC;0;1007;1007,5;1007;2387,1;29,6;24,2;30,2;29,2;24,2;23,1;73;68;73;139;10,1;5,3;
2020/05/11;1800 UTC;0;1006,8;1007;1006,7;2044,3;29,5;23,6;30;29;24,2;23;73;68;71;141;9,1;4,8;
2020/05/11;1900 UTC;0;1006,8;1006,8;1006,7;759,9;28,9;23,6;29,5;28,8;23,8;23,1;74;70;73;132;8,1;4,2;
2020/05/11;2000 UTC;0;1007,2;1007,2;1006,8;293,2;28,2;22,9;28,9;28,2;23,6;22,9;75;72;73;142;9,1;4,7;
2020/05/11;2100 UTC;0;1007,9;1007,9;1007,2;16,5;27,5;22,8;28,2;27,5;22,9;22,7;75;72;75;139;8,1;3,8;
2020/05/11;2200 UTC;0;1008,3;1008,3;1007,9;;27,4;22,8;27,6;27,4;22,9;22,5;76;74;76;140;7,6;4,3;
2020/05/11;2300 UTC;0;1008,8;1008,8;1008,3;;27,3;22,6;27,5;27,3;23;22,5;78;75;76;146;7,2;3,2;
2020/05/12;0000 UTC;0;1009,1;1009,1;1008,8;;27,3;22,7;27,4;27,2;22,7;22,5;76;75;76;147;7;3,4;
2020/05/12;0100 UTC;0;1009,1;1009,2;1009,1;;26,9;22,6;27,3;26,9;22,7;22,5;77;76;77;149;7,1;2,6;
2020/05/12;0200 UTC;0;1008,7;1009,1;1008,7;;26,8;22,6;27;26,8;22,7;22,6;78;77;78;164;6,3;2,7;
2020/05/12;0300 UTC;0;1008,2;1008,7;1008,2;;26,1;22,5;26,8;26,1;22,7;22,5;81;78;81;177;5,1;2,2;
2020/05/12;0400 UTC;0;1007,7;1008,2;1007,7;;25,4;22,6;26,1;25,4;22,6;22,5;84;81;84;180;4,8;2,7;
2020/05/12;0500 UTC;0;1007,2;1007,7;1007,2;;24,6;22,3;25,4;24,6;22,6;22,3;87;84;87;197;5;2;
2020/05/12;0600 UTC;0;1007;1007,3;1007;;24,2;22,2;24,6;24,2;22,3;22,2;89;87;89;192;5,7;3;
2020/05/12;0700 UTC;0;1006,8;1007;1006,8;;24;22,5;24,2;23,9;22,5;22,2;91;89;91;188;5,5;2,3;
2020/05/12;0800 UTC;0;1007,1;1007,1;1006,8;;23,9;22,6;24;23,9;22,6;22,5;92;91;92;189;6;3,2;
2020/05/12;0900 UTC;0;1007,5;1007,5;1007;60;24,1;22,7;24,1;23,8;22,7;22,4;92;92;92;183;5,6;2,8;
2020/05/12;1000 UTC;0;1008;1008;1007,5;764,5;25,6;23,1;25,6;24,1;23,1;22,7;92;86;86;181;6;2,9;
2020/05/12;1100 UTC;0;1008,3;1008,3;1008;1579,1;28;23,7;28;25,6;24;22,9;86;77;78;164;6,3;3,1;
2020/05/12;1200 UTC;0;1008,4;1008,4;1008,2;2367,5;28,9;23,4;29,1;27,9;24,2;23,1;78;72;72;144;9,1;5,4;
2020/05/12;1300 UTC;0;1008,3;1008,5;1008,3;2728,2;29;23,3;29,6;28,8;24,3;23,3;75;71;71;147;9,1;5,7;
2020/05/12;1400 UTC;0;1007,7;1008,4;1007,7;3217,1;29,4;24,2;30,3;29;24,8;23,5;74;69;74;140;9,5;5,1;
2020/05/12;1500 UTC;0;1007;1007,7;1007;3215,7;29,7;24,2;30,3;29,1;24,8;23,9;75;71;72;146;9,4;4,6;
2020/05/12;1600 UTC;0;1006,3;1007,1;1006,3;3048,3;29,8;24,1;30,3;29,3;25;23,6;76;70;72;129;8,4;4,6;
2020/05/12;1700 UTC;0;1005,5;1006,3;1005,5;2670,4;29,6;23,6;30,5;29,3;25;23,5;74;68;70;134;8,4;5,2;
2020/05/12;1800 UTC;0;1005,4;1005,5;1005,3;1700,2;29;24;30;28,8;24,8;23,5;77;70;75;141;9,2;4,2;
2020/05/12;1900 UTC;0;1005,7;1005,7;1005,4;606,1;28,5;23,9;29,4;28,5;24,7;23,7;78;73;76;139;9,3;4,8;
2020/05/12;2000 UTC;0;1006,2;1006,2;1005,7;234,3;28,1;23,9;28,7;28;24,4;23,7;79;76;78;140;8,2;4;
2020/05/12;2100 UTC;0;1006,6;1006,6;1006,2;15,2;27,2;24;28,1;27,1;24,3;23,7;84;78;82;118;6,8;2,6;
2020/05/12;2200 UTC;,4;1007,2;1007,2;1006,5;;26,7;24,5;27,5;26,4;24,6;23,7;88;82;88;151;7,9;3,1;
2020/05/12;2300 UTC;,2;1007,5;1007,5;1007,2;;26,6;24,7;26,7;25,9;25;24,1;92;88;90;168;8,8;2,2;
2020/05/13;0000 UTC;0;1007,8;1007,9;1007,5;;26,9;23,9;27;26,5;24,7;23,9;90;84;84;161;4,5;2,2;
2020/05/13;0100 UTC;0;1007,9;1008;1007,8;;26,5;23,8;26,9;26,3;23,9;23,5;85;83;85;171;4,5;1,5;
2020/05/13;0200 UTC;0;1007,4;1007,9;1007,4;;25,4;23,8;26,5;25,4;23,8;23,5;91;85;91;181;4,6;2,3;
2020/05/13;0300 UTC;0;1006,8;1007,4;1006,8;;25,1;23,6;25,4;25,1;23,9;23,6;92;91;91;183;5,2;2,7;
2020/05/13;0400 UTC;0;1006,1;1006,8;1006,1;;24,9;23,4;25,1;24,9;23,6;23,4;91;91;91;180;5;2,1;
2020/05/13;0500 UTC;0;1005,7;1006,2;1005,7;;25;23,4;25,1;24,9;23,5;23,4;91;91;91;191;4;1,9;
2020/05/13;0600 UTC;0;1005,7;1005,8;1005,6;;24,9;23,1;25;24,8;23,4;23,1;91;90;90;178;4,6;2,3;
2020/05/13;0700 UTC;0;1005,7;1005,7;1005,5;;24,7;23,1;24,9;24,6;23,1;22,9;91;90;91;182;4,6;1,8;
2020/05/13;0800 UTC;0;1005,9;1005,9;1005,7;;24,5;23;24,7;24,5;23,1;23;91;91;91;180;4,8;2,1;
2020/05/13;0900 UTC;0;1006,5;1006,5;1006;18,5;24,5;23;24,5;24,4;23;22,9;92;91;91;179;4,4;2;
2020/05/13;1000 UTC;1,8;1007,1;1007,1;1006,5;157,5;24,3;23,3;24,6;24,3;23,4;23;94;91;94;174;4,9;1,3;
2020/05/13;1100 UTC;2,4;1007,7;1007,7;1007,1;539,8;25,5;24,6;25,5;24,3;24,6;23,3;96;94;95;169;5,2;1,3;
2020/05/13;1200 UTC;0;1007,7;1007,9;1007,7;1555,6;28;23,9;28;25,4;26;23,9;95;79;79;125;7,9;3,6;
2020/05/13;1300 UTC;0;1007,8;1007,8;1007,6;1562,8;27,9;24,4;28,3;27,5;24,6;23,7;83;78;82;119;7,6;4,1;
2020/05/13;1400 UTC;0;1007,2;1007,8;1007,2;1957,6;27,9;23,8;28,8;27,7;24,8;23,6;82;75;79;125;9;5,2;
2020/05/13;1500 UTC;0;1006,5;1007,2;1006,5;1811,9;28,8;23,6;29,1;27,7;24,4;22,7;80;70;74;121;9;2,8;
2020/05/13;1600 UTC;0;1005,7;1006,5;1005,7;2997,1;29,2;24,4;29,7;28,8;24,7;23,7;76;73;75;113;8,9;4,2;
2020/05/13;1700 UTC;0;1005,2;1005,7;1005,2;2362,9;29,4;23,5;29,7;28,8;24,7;23,5;76;70;71;128;7,6;4,1;
2020/05/13;1800 UTC;0;1004,9;1005,2;1004,9;2047,3;29,1;23,5;29,7;29,1;23,8;23,1;72;68;72;127;8,5;4,6;
2020/05/13;1900 UTC;0;1005,2;1005,2;1004,9;674,3;28,8;23,6;29,3;28,8;23,9;23;74;70;74;129;7,8;4;
2020/05/13;2000 UTC;0;1005,7;1005,7;1005,2;225,9;28,2;23,3;28,9;28,2;23,7;23,3;76;73;75;130;8,2;3;
2020/05/13;2100 UTC;0;1006,2;1006,2;1005,6;16,2;27,6;23,4;28,2;27,6;23,5;23,3;79;75;78;136;5,9;3,3;
2020/05/13;2200 UTC;0;1006,4;1006,4;1006,2;;27,5;23,3;27,6;27,4;23,4;23,1;78;76;78;129;5,9;3,4;
2020/05/13;2300 UTC;0;1006,9;1006,9;1006,4;;27,5;23,1;27,6;27,3;23,3;22,9;78;76;77;136;6,4;3,7;
2020/05/14;0000 UTC;0;1007,5;1007,5;1006,9;;27,3;22,9;27,5;27,2;23,1;22,9;78;77;77;141;6,5;2,8;
2020/05/14;0100 UTC;0;1007,3;1007,5;1007,3;;27,4;22,7;27,5;27,3;22,9;22,7;77;75;76;147;5,7;3,2;
2020/05/14;0200 UTC;0;1007,3;1007,4;1007,3;;26,9;22,9;27,4;26,9;23;22,7;79;76;79;148;5,6;1,8;
2020/05/14;0300 UTC;0;1007,1;1007,4;1007,1;;25,2;23,3;26,9;25,2;23,3;22,6;89;79;89;189;5,2;2,5;
2020/05/14;0400 UTC;0;1006,6;1007,2;1006,6;;24,8;23,5;25,2;24,8;23,5;23,3;92;89;92;190;5,7;3,2;
2020/05/14;0500 UTC;0;1006;1006,6;1006;;24,5;23,1;24,8;24,5;23,5;23,1;92;92;92;191;6,5;2,9;
2020/05/14;0600 UTC;0;1005,7;1005,9;1005,6;;24,3;23;24,5;24,3;23,1;22,9;92;92;92;176;6,5;2,4;
2020/05/14;0700 UTC;0;1005,7;1005,8;1005,7;;24,2;22,8;24,4;24,2;23;22,8;92;92;92;200;5,6;2,3;
2020/05/14;0800 UTC;0;1006,1;1006,2;1005,7;;24,3;23;24,3;24,1;23;22,8;92;92;92;190;5,6;2,2;
2020/05/14;0900 UTC;0;1006,6;1006,6;1006,1;38,9;24,4;23,2;24,4;24,1;23,2;22,8;93;92;93;201;4,7;2,3;
2020/05/14;1000 UTC;0;1007,3;1007,3;1006,6;593,1;25,6;23,6;25,6;24,4;23,8;23,1;93;88;89;190;5,7;2,6;
2020/05/14;1100 UTC;1,4;1008,1;1008,1;1007,3;481,6;25,2;23,8;25,8;25;23,9;23,3;92;88;92;181;6,8;3,1;
2020/05/14;1200 UTC;2;1008,5;1008,6;1008,1;793,2;25,5;24,4;25,8;25,1;24,7;23,7;94;92;94;160;6,5;2,3;
2020/05/14;1300 UTC;5,6;1008,3;1008,6;1008,3;1184,4;25,9;25,1;26;25,1;25,3;24,1;96;93;95;156;6,4;3,2;
2020/05/14;1400 UTC;,2;1007,7;1008,3;1007,7;1628,8;27,8;25,3;27,8;25,8;25,9;24,9;96;86;86;136;7,2;4,1;
2020/05/14;1500 UTC;0;1006,4;1007,7;1006,4;2766;29,1;24,8;29,3;27,6;25,7;24,3;87;78;78;134;8,2;4,6;
2020/05/14;1600 UTC;0;1005,9;1006,5;1005,9;2357,7;28;24,7;29,9;27,9;25,5;24;84;74;83;129;9,3;4,4;
2020/05/14;1700 UTC;,4;1005,4;1006;1005,4;958,9;26,1;24,6;28,3;26,1;25,1;23,9;92;80;91;84;7,8;2,2;
2020/05/14;1800 UTC;,4;1005,1;1005,4;1005;930,2;26,3;25;27,5;26,1;25,6;24,4;93;87;92;105;7,1;2,5;
2020/05/14;1900 UTC;0;1005,4;1005,4;1005,1;622;26,7;24,7;27;26,3;25,6;24,7;92;88;88;147;8,2;3,7;
2020/05/14;2000 UTC;,6;1005,7;1005,7;1005,4;243,9;26,4;24,8;26,7;25,4;25;24,1;93;88;91;144;8,4;2,7;
2020/05/14;2100 UTC;0;1006,2;1006,2;1005,7;12,7;26,4;24,6;26,6;26,3;25,1;24,6;92;90;90;167;6,6;3,1;
2020/05/14;2200 UTC;0;1006,9;1006,9;1006,2;,5;26,3;24,3;26,5;26,1;24,6;24,3;90;89;89;163;6,2;3,2;
2020/05/14;2300 UTC;0;1007,6;1007,6;1006,9;;26;24;26,3;25,9;24,3;24;89;88;89;160;5,6;2,6;
2020/05/15;0000 UTC;1,2;1008,2;1008,2;1007,6;;25,4;24,4;26;25;24,7;24;95;89;94;140;8,7;3,9;
2020/05/15;0100 UTC;1,4;1008,4;1008,4;1008,2;;24,9;24;25,5;24,9;24,4;23,9;95;93;95;161;9;2,6;
2020/05/15;0200 UTC;9,8;1007,9;1008,5;1007,9;;24,5;24;24,9;24,5;24,2;23,9;97;95;97;205;9;2,2;
2020/05/15;0300 UTC;,2;1007,5;1007,9;1007,5;;24,2;23,7;24,5;24,2;24;23,7;97;97;97;206;4,6;2,1;
2020/05/15;0400 UTC;1,2;1006,8;1007,5;1006,8;;24,2;23,7;24,4;24,2;23,9;23,7;97;97;97;164;3,9;1,9;
2020/05/15;0500 UTC;,2;1006,3;1006,8;1006,3;,3;24,2;23,8;24,2;24,1;23,8;23,6;97;97;97;162;5,3;1,2;
2020/05/15;0600 UTC;,2;1005,8;1006,4;1005,8;;24,1;23,7;24,3;24,1;23,8;23,7;97;97;97;218;3,5;1,8;
2020/05/15;0700 UTC;0;1006;1006;1005,7;;24,3;23,9;24,3;24,1;23,9;23,7;97;97;97;192;4,6;1,6;
2020/05/15;0800 UTC;0;1006,8;1006,9;1006;;24,4;23,9;24,4;24,3;23,9;23,9;97;97;97;211;3,4;1,4;
2020/05/15;0900 UTC;0;1007,7;1007,7;1006,8;16,2;24,5;24,1;24,5;24,3;24,1;23,9;98;97;98;240;3,4;,3;
2020/05/15;1000 UTC;1,6;1008,3;1008,3;1007,7;452;25,3;24,7;25,4;24,5;25;24,1;98;97;97;230;3,5;1,8;
2020/05/15;1100 UTC;0;1008,6;1008,6;1008,1;1163,9;26,4;25,1;26,4;25,3;25,4;24,8;97;93;93;235;4,6;2,5;
2020/05/15;1200 UTC;,2;1009;1009,1;1008,6;667,7;26,7;24,7;26,7;26,4;25,2;24,5;93;89;89;208;5,1;2,3;
2020/05/15;1300 UTC;0;1009;1009;1008,8;832;27,4;25,3;27,4;26,6;25,3;24,6;90;87;88;212;4,6;1,9;
2020/05/15;1400 UTC;0;1008,7;1009;1008,7;730,1;26,8;24,6;27,5;26,8;25,3;24,4;88;86;88;174;6,5;3,2;
2020/05/15;1500 UTC;0;1008,2;1008,7;1008,2;337,8;25,1;24;26,8;25,1;24,7;23,9;94;88;94;182;8,6;3,9;
2020/05/15;1600 UTC;,2;1007,1;1008,2;1007,1;230;25;24,2;25,1;25;24,2;24;95;94;95;191;7,3;3,5;
2020/05/15;1700 UTC;,4;1006,3;1007,1;1006,3;319,3;24,9;23,7;25;24,8;24,2;23,6;95;92;93;182;8,6;3,1;
2020/05/15;1800 UTC;,6;1006,7;1006,9;1006,3;363,9;25;24;25;24,7;24,1;23,5;94;93;94;181;6;3,3;
2020/05/15;1900 UTC;0;1006,9;1006,9;1006,6;297,1;25,1;23,9;25,1;25;24;23,9;94;93;93;168;6,8;3,1;
2020/05/15;2000 UTC;0;1007;1007,3;1006,8;148,8;25;23,7;25,2;25;24,1;23,7;93;92;92;184;6,7;3,3;
2020/05/15;2100 UTC;,2;1007,4;1007,4;1006,8;3;24,7;23,7;25;24,6;23,7;23,5;94;92;94;175;6,1;2,5;
2020/05/15;2200 UTC;1,8;1008,3;1008,3;1007,4;;24,3;23,7;24,6;24,3;23,7;23,6;96;94;96;188;5,4;1,6;
2020/05/15;2300 UTC;,6;1008,4;1008,4;1008,3;;24,3;23,8;24,4;24,2;23,9;23,7;97;96;97;229;3,3;1,5;
2020/05/16;0000 UTC;,4;1008,5;1008,6;1008,3;;24,3;23,9;24,4;24,3;23,9;23,8;97;97;97;185;3,3;1,7;
2020/05/16;0100 UTC;3;1008,2;1008,6;1008,2;;24,6;24,2;24,7;24,3;24,2;23,8;98;97;98;157;6,6;2,6;
2020/05/16;0200 UTC;1,4;1007,5;1008,2;1007,4;;25;24,5;25;24,6;24,5;24,2;98;97;97;160;6,6;2,6;
2020/05/16;0300 UTC;,4;1007,5;1007,7;1007,5;;24,7;24,1;25,1;24,7;24,5;24,1;97;96;97;184;4,5;1,8;
2020/05/16;0400 UTC;0;1006,7;1007,5;1006,7;,4;24,7;24,2;24,9;24,7;24,3;24,2;97;97;97;210;3,2;1,3;
2020/05/16;0500 UTC;,2;1006,5;1006,7;1006,4;,1;24,5;24,1;24,7;24,5;24,2;24;97;97;97;211;2,8;1,2;
2020/05/16;0600 UTC;,2;1006,5;1006,5;1006,3;;24,5;24,1;24,5;24,5;24,1;24;98;97;98;195;3,5;1,7;
2020/05/16;0700 UTC;4,8;1006,8;1006,8;1006,4;;24,2;23,8;24,5;24,2;24,1;23,8;98;98;98;157;3,8;2,7;
2020/05/16;0800 UTC;10,6;1006,9;1007;1006,6;;24;23,7;24,2;24;23,8;23,7;98;98;98;240;3,8;1,9;
2020/05/16;0900 UTC;10;1007,5;1007,5;1006,8;1,4;24;23,7;24,1;23,9;23,8;23,6;98;98;98;244;3,5;,3;
2020/05/16;1000 UTC;2,8;1008,2;1008,2;1007,4;22,6;24;23,7;24,1;23,8;23,8;23,6;98;98;98;59;3,8;,6;
2020/05/16;1100 UTC;19,4;1009,2;1009,2;1008,2;22,9;23,9;23,7;24;23,8;23,8;23,6;99;98;99;92;2,7;,4;
2020/05/16;1200 UTC;24,4;1009,7;1009,7;1009,2;18,9;23,8;23,6;24;23,7;23,7;23,5;99;99;99;224;3,4;1,4;
2020/05/16;1300 UTC;18,8;1009,6;1009,9;1009,5;25,2;23,5;23,3;23,8;23,4;23,6;23,2;99;99;99;220;2,5;1;
2020/05/16;1400 UTC;9;1009,3;1009,7;1009,3;41,6;23,6;23,4;23,7;23,4;23,5;23,3;99;99;99;223;2,8;,8;
2020/05/16;1500 UTC;7,6;1008,7;1009,3;1008,7;83,1;23,8;23,6;23,9;23,6;23,7;23,4;99;99;99;74;2,2;,3;
2020/05/16;1600 UTC;7,4;1008,1;1008,7;1008,1;291,5;24,2;24;24,2;23,7;24;23,5;99;99;99;107;1,9;1;
2020/05/16;1700 UTC;1,8;1007;1008,1;1007;433,2;24,3;24,1;24,5;24,1;24,3;23,8;99;98;99;65;2,9;1,1;
2020/05/16;1800 UTC;,4;1007,1;1007,4;1007;654,3;24,9;24,6;24,9;24,3;24,6;24;99;98;98;329;2,8;,6;
2020/05/16;1900 UTC;0;1007,2;1007,2;1006,9;489,1;25,3;24;25,3;24,9;24,6;24;98;93;93;168;1,4;,6;
2020/05/16;2000 UTC;0;1007,7;1007,7;1007,2;172,3;24,8;23,6;25,3;24,7;23,9;23,6;93;91;93;127;2,4;,7;
2020/05/16;2100 UTC;0;1007,9;1007,9;1007,7;10,7;24,1;23,1;24,8;24,1;23,6;23,1;94;93;94;251;2,2;,4;
2020/05/16;2200 UTC;0;1008,4;1008,4;1007,9;;24;23,4;24,1;24;23,4;23,1;96;94;96;226;1,6;,9;
2020/05/16;2300 UTC;0;1008,8;1008,8;1008,4;;23,9;23,4;24,1;23,9;23,5;23,3;97;96;97;166;1,9;,4;
2020/05/17;0000 UTC;0;1009,4;1009,4;1008,8;;23,9;23,4;24;23,6;23,5;23,1;97;97;97;210;2,4;1,4;
2020/05/17;0100 UTC;0;1009,4;1009,5;1009,4;;23,7;23,4;23,9;23,7;23,5;23,3;98;97;98;216;2,7;1,5;
2020/05/17;0200 UTC;0;1009,1;1009,5;1009,1;;23,8;23,4;23,8;23,7;23,4;23,3;98;98;98;203;3;1,8;
2020/05/17;0300 UTC;0;1008,5;1009,2;1008,5;;23,8;23,4;23,8;23,7;23,5;23,4;98;98;98;200;3,1;1,9;
2020/05/17;0400 UTC;0;1008;1008,5;1008;;23,8;23,4;23,8;23,7;23,4;23,4;98;98;98;192;3,1;,7;
2020/05/17;0500 UTC;,2;1007,4;1008;1007,4;;23,8;23,4;23,8;23,6;23,5;23,3;98;98;98;201;2,3;1,3;
2020/05/17;0600 UTC;0;1007,2;1007,4;1007,1;;23,6;23,2;23,8;23,6;23,5;23,2;98;98;98;227;2,6;,9;
2020/05/17;0700 UTC;0;1007,3;1007,3;1007,1;;23,3;22,9;23,6;23,3;23,2;22,9;98;98;98;241;2,6;,4;
2020/05/17;0800 UTC;0;1007,9;1008;1007,3;;23,5;23,2;23,5;23,2;23,2;22,9;98;98;98;182;2,2;1,3;
2020/05/17;0900 UTC;0;1007,9;1008;1007,8;44,7;23,9;23,5;23,9;23,5;23,5;23,2;98;98;98;179;2,3;1,3;
2020/05/17;1000 UTC;0;1008,5;1008,6;1007,9;256;24,6;23,7;24,6;23,9;23,8;23,5;98;95;95;172;3,5;1,9;
2020/05/17;1100 UTC;0;1009,1;1009,1;1008,5;1625,7;26,9;24;27,1;24,6;24,4;23,5;95;83;84;192;4,5;2,6;
2020/05/17;1200 UTC;0;1009,3;1009,3;1009,1;1881,1;27,7;24,5;27,7;26,6;24,7;23,5;85;81;83;175;5;2,4;
2020/05/17;1300 UTC;0;1009,1;1009,3;1009,1;2238,8;29,4;24;29,4;27,7;25,1;23,3;83;71;73;114;4,2;2,1;
2020/05/17;1400 UTC;0;1008,5;1009,1;1008,5;3073,6;29,3;23,6;30,1;29,1;24,7;23,1;74;68;71;114;5,5;2,8;
2020/05/17;1500 UTC;0;1007,9;1008,5;1007,9;3102,1;29,9;23,3;30,2;29,3;24,2;22,6;73;65;68;120;5,3;2,7;
2020/05/17;1600 UTC;0;1007,3;1007,9;1007,3;2899,7;29,2;23,7;30,3;29,1;24,3;22,9;74;66;72;126;6;3,3;
2020/05/17;1700 UTC;0;1006,8;1007,3;1006,8;2507,9;28,9;24,3;30,3;28,5;24,9;23,4;78;71;76;131;6,2;3,8;
2020/05/17;1800 UTC;0;1006,5;1006,8;1006,4;2012,3;28,8;24,5;29,8;28,5;24,6;23,2;78;69;78;129;6,5;3,9;
2020/05/17;1900 UTC;0;1006,6;1006,6;1006,5;605,8;28,4;24;29;28,4;24,7;23,5;79;74;77;122;6,6;3,3;
2020/05/17;2000 UTC;0;1006,9;1006,9;1006,6;183,6;27,7;24,4;28,5;27,7;24,4;23,9;82;76;82;131;5,3;2,9;
2020/05/17;2100 UTC;0;1007,2;1007,3;1006,9;7,9;27,1;24,6;27,7;27,1;24,6;24,3;86;82;86;134;5,3;2,3;
2020/05/17;2200 UTC;0;1007,8;1007,8;1007,2;;27,2;24,4;27,3;27,1;24,6;24,3;86;84;85;125;5,3;3;
2020/05/17;2300 UTC;0;1008,6;1008,6;1007,8;;27,1;24,7;27,2;27;24,7;24,4;87;85;87;139;5,3;2,7;
2020/05/18;0000 UTC;0;1009,1;1009,1;1008,6;;27,1;24,9;27,2;27,1;24,9;24,7;88;86;88;141;4,8;2,3;
2020/05/18;0100 UTC;0;1009,3;1009,3;1009,1;;27,1;24,6;27,2;27,1;25,1;24,6;89;86;86;142;4,6;2,3;
2020/05/18;0200 UTC;0;1009,4;1009,4;1009,3;;27,4;24,5;27,4;27,1;24,6;24,5;86;84;84;149;4,9;2,4;
2020/05/18;0300 UTC;0;1009;1009,4;1009;;26,4;24,5;27,4;26,4;24,5;24,4;89;84;89;200;4,8;1,6;
2020/05/18;0400 UTC;0;1008,5;1009;1008,5;;25,8;24,7;26,4;25,8;24,7;24,5;93;89;93;177;3,1;1,6;
2020/05/18;0500 UTC;0;1008;1008,5;1008;;25,6;24,6;25,9;25,6;24,8;24,6;94;93;94;174;4,5;1,7;
2020/05/18;0600 UTC;0;1007,7;1008;1007,7;;25,3;24,5;25,6;25,3;24,6;24,5;95;94;95;176;3,9;2,5;
2020/05/18;0700 UTC;0;1007,9;1007,9;1007,7;;25,2;24,4;25,3;25,1;24,5;24,3;96;95;95;180;4;1,8;
2020/05/18;0800 UTC;0;1008,4;1008,5;1007,9;;24,9;24;25,2;24,9;24,4;24;95;95;95;181;4,9;2,5;
2020/05/18;0900 UTC;0;1008,7;1008,7;1008,4;48,2;25;24;25;24,8;24;23,9;95;94;94;177;4,9;2,1;
2020/05/18;1000 UTC;0;1009,3;1009,3;1008,7;741,9;26,3;24,3;26,4;25;24,6;24;94;89;89;190;6,3;3,3;
2020/05/18;1100 UTC;0;1010,1;1010,1;1009,3;1565,3;28;24,9;28;26,3;25;24,3;89;83;83;165;7,8;3,9;
2020/05/18;1200 UTC;0;1010;1010,2;1009,9;1844,1;29,4;24,9;29,4;27,9;25,1;24,3;83;76;77;152;7,8;4,2;
2020/05/18;1300 UTC;0;1009,7;1010,1;1009,7;2856,6;29,9;24,3;30,6;29,2;25;23,9;77;70;72;136;8,2;4,7;
2020/05/18;1400 UTC;0;1009,2;1009,7;1009,2;2729,5;30;24,7;30;29,2;24,8;23,8;75;71;73;134;9,3;4,9;
2020/05/18;1500 UTC;0;1008,3;1009,2;1008,3;2655,7;29,3;24,7;30,4;28,9;25,4;24;77;71;77;137;8,7;5;
2020/05/18;1600 UTC;0;1007,3;1008,3;1007,3;2014,9;29,5;24,8;29,7;29;24,9;23,8;77;73;76;139;8;4,4;
2020/05/18;1700 UTC;0;1006,6;1007,3;1006,6;2337;29,4;24,6;29,8;28,9;25,3;24,4;78;75;75;132;7,7;4,6;
2020/05/18;1800 UTC;0;1006,5;1006,6;1006,5;2071,6;29,5;24,9;30,1;29,1;25,4;24,3;78;74;77;141;7,6;4,1;
2020/05/18;1900 UTC;0;1006,8;1006,8;1006,5;609,9;28,8;24,8;29,5;28,7;25;24,4;79;76;79;136;8,8;4,3;
2020/05/18;2000 UTC;0;1006,9;1006,9;1006,7;191,9;28;24,9;28,8;28;25,1;24,4;83;78;83;136;8,1;3,9;
2020/05/18;2100 UTC;0;1007,6;1007,7;1006,9;14,8;27,6;24,7;28;27,5;24,9;24,6;85;83;84;141;7,6;3,5;
2020/05/18;2200 UTC;0;1008,4;1008,4;1007,6;;27,5;24,8;27,6;27,5;24,8;24,7;85;84;85;147;6,6;2,6;
2020/05/18;2300 UTC;0;1009;1009;1008,4;;27,5;24,9;27,5;27,4;24,9;24,7;86;85;86;143;6,4;3,3;
2020/05/19;0000 UTC;0;1009,4;1009,5;1009;;27,4;24,9;27,5;27,4;24,9;24,7;86;85;86;136;6,8;3,5;
2020/05/19;0100 UTC;0;1009,5;1009,6;1009,4;;27,4;24,9;27,5;27,3;24,9;24,7;86;85;86;143;6,8;3,5;
2020/05/19;0200 UTC;0;1009,4;1009,6;1009,4;;27,4;24,8;27,5;27,3;25,1;24,8;87;86;86;145;6;3,5;
2020/05/19;0300 UTC;0;1008,9;1009,4;1008,9;;27,2;24,8;27,4;27,2;24,9;24,7;87;86;87;144;6;2,6;
2020/05/19;0400 UTC;0;1008,5;1008,9;1008,5;;26,7;24,7;27,2;26,7;25;24,7;89;87;89;177;4,8;1,9;
2020/05/19;0500 UTC;0;1008;1008,5;1008;;25,6;24,7;26,7;25,5;24,8;24,3;94;89;94;191;3,9;2,1;
2020/05/19;0600 UTC;0;1007,8;1008;1007,7;;25,3;24,4;25,6;25,3;24,7;24,4;95;94;95;188;5;2,3;
2020/05/19;0700 UTC;0;1007,9;1008;1007,7;;25,1;24,2;25,4;25,1;24,4;24,2;95;94;95;188;6,1;1,8;
2020/05/19;0800 UTC;0;1008,4;1008,4;1007,9;;25,2;24,2;25,2;25,1;24,3;24,2;95;94;94;173;5,2;3,3;
2020/05/19;0900 UTC;0;1008,8;1008,8;1008,3;48;25,3;24,2;25,3;25;24,2;24;95;93;94;176;6;3,1;
2020/05/19;1000 UTC;0;1009,4;1009,4;1008,8;674,8;26,4;24,1;26,4;25,3;24,4;23,9;94;87;87;175;6;3,1;
2020/05/19;1100 UTC;0;1009,6;1009,8;1009,4;1549,2;28,1;24,2;28,2;26,4;24,6;23,8;87;79;80;170;6,5;3,5;
2020/05/19;1200 UTC;0;1009,8;1009,8;1009,6;2240,8;29,3;24,5;29,6;28,1;24,9;24;80;74;76;160;7,7;4,7;
2020/05/19;1300 UTC;0;1009,6;1009,8;1009,6;2669,1;29,7;24,4;30;29,3;25,1;23,8;76;71;73;140;8,3;4,8;
2020/05/19;1400 UTC;0;1009,2;1009,6;1009,2;3139,7;30;24,8;30,3;29,4;24,8;23,7;74;70;74;140;8,3;4,8;
2020/05/19;1500 UTC;0;1008,4;1009,2;1008,4;3211;29,9;24,7;30,6;29,7;25,5;24,2;75;71;74;143;8,3;4,6;
2020/05/19;1600 UTC;0;1007,3;1008,4;1007,3;2954,1;30,2;25;30,7;29,4;25,3;24,2;77;71;74;142;8,9;5,2;
2020/05/19;1700 UTC;0;1006,8;1007,3;1006,8;2620,7;29,6;24,9;30,4;29,4;25,6;24,3;77;71;76;138;8,9;5,1;
2020/05/19;1800 UTC;0;1006,6;1006,8;1006,6;1957,2;29,5;24,2;30,1;29,2;25,3;24;78;72;73;145;8,8;4,5;
2020/05/19;1900 UTC;0;1006,6;1006,7;1006,6;617,8;28,7;24,8;29,9;28,5;25,1;24,1;81;73;80;145;9,5;4,9;
2020/05/19;2000 UTC;0;1006,9;1006,9;1006,6;191,9;28,1;25;28,7;28,1;25,1;24,7;84;79;83;141;9,5;4,5;
2020/05/19;2100 UTC;0;1007,3;1007,3;1006,9;5,6;27,8;25,2;28,1;27,8;25,2;24,9;86;83;86;139;7,4;3,5;
2020/05/19;2200 UTC;0;1007,9;1007,9;1007,3;;27,7;25,2;27,8;27,6;25,2;24,8;86;84;86;141;6,9;3,7;
2020/05/19;2300 UTC;0;1008,1;1008,1;1007,9;;27,7;25;27,8;27,7;25,3;25;86;85;85;145;7,3;4,1;
2020/05/20;0000 UTC;0;1008,9;1008,9;1008,1;;27,6;25,2;27,8;27,5;25,3;24,7;87;83;87;142;7,3;3,3;
2020/05/20;0100 UTC;0;1009,1;1009,2;1008,9;;25,8;23,6;27,6;25,8;25,3;23;90;82;88;152;8,4;2,9;
2020/05/20;0200 UTC;,2;1008,7;1009,1;1008,7;;25,7;24,2;26,3;25,7;24,5;23,6;91;86;91;174;4,6;2,3;
2020/05/20;0300 UTC;0;1008,6;1008,7;1008,3;;25,5;23,9;25,8;25,5;24,4;23,9;92;91;91;160;6,7;3,3;
2020/05/20;0400 UTC;0;1007,8;1008,6;1007,8;;24,6;23,6;25,5;24,5;23,9;23,5;94;91;94;211;6,7;1,9;
2020/05/20;0500 UTC;3,6;1007,5;1007,9;1007,5;;24,7;23,9;24,7;24,4;23,9;23,4;95;94;95;198;5,1;1,7;
2020/05/20;0600 UTC;1,4;1007,2;1007,6;1007,1;;24,9;24,1;24,9;24,7;24,1;23,8;96;95;95;179;4;2,1;
2020/05/20;0700 UTC;0;1007;1007,3;1007;;24,8;24,1;24,9;24,8;24,2;24;96;95;96;187;4;1,7;
2020/05/20;0800 UTC;,4;1007,5;1007,6;1007;;24,6;23,7;24,8;24,5;24,2;23,6;96;95;95;188;5,1;2,6;
2020/05/20;0900 UTC;0;1008,1;1008,1;1007,5;37,2;24,5;23,7;24,6;24,3;23,8;23,5;96;95;96;199;4,5;2,2;
2020/05/20;1000 UTC;2;1008,6;1008,7;1008,1;453,4;25;24,2;25,1;24,3;24,5;23,6;96;95;95;188;5,9;3,1;
2020/05/20;1100 UTC;0;1009,5;1009,5;1008,6;858,3;26,2;24,5;26,2;25;24,8;24;96;91;91;176;6,1;2,5;
2020/05/20;1200 UTC;,2;1009,9;1009,9;1009,2;1385,2;25,8;24,5;26,7;25,7;25,1;24;93;87;92;186;6,7;3,1;
2020/05/20;1300 UTC;1;1009,5;1009,9;1009,5;1144,2;27,2;25;27,2;25,7;25,1;24,4;93;87;88;173;6,2;3,2;
2020/05/20;1400 UTC;,6;1008,8;1009,5;1008,8;1647,3;27,5;25,3;28,1;26,8;25,6;24,1;89;80;88;149;6,9;3,5;
2020/05/20;1500 UTC;,2;1007,9;1008,8;1007,9;2006,8;27,5;25,6;28,9;26,4;26,3;24,1;90;79;90;150;12;4;
2020/05/20;1600 UTC;0;1007,2;1007,9;1007,2;2841,4;28,8;24,6;29,5;27,4;25,7;24,5;90;77;78;138;9,2;4,6;
2020/05/20;1700 UTC;0;1006,5;1007,2;1006,4;2329,8;27,4;24,6;29,1;27,4;25,9;24,4;85;78;85;130;10;5,4;
2020/05/20;1800 UTC;0;1006,2;1006,6;1006,2;1337,5;28,4;24,7;28,6;27;25,3;24;87;78;81;137;10,1;4,3;
2020/05/20;1900 UTC;0;1006,7;1006,7;1006,2;767,7;26,6;23,8;28,4;26,4;24,8;23,5;85;80;84;146;12,1;6,8;
2020/05/20;2000 UTC;,6;1007,1;1007,2;1006,7;317,5;25,9;24,5;27,5;25,9;24,5;23,7;92;81;92;137;11,3;4,4;
2020/05/20;2100 UTC;0;1007,5;1007,5;1007;4,8;26,2;24,4;26,2;25,9;24,6;24,4;92;90;90;162;8,4;2;
2020/05/20;2200 UTC;6,2;1008,4;1008,4;1007,5;1,1;24,7;23,7;26,2;24,3;24,4;23,2;96;89;94;182;13,1;3,8;
2020/05/20;2300 UTC;1,2;1009,1;1009,1;1008,4;;25;24,1;25,2;24,7;24,1;23,7;95;94;95;182;6,7;3,2;
2020/05/21;0000 UTC;,6;1009,7;1009,8;1009,1;;25,1;24,2;25,2;25;24,4;24,1;95;95;95;176;6,6;3,4;
2020/05/21;0100 UTC;0;1009,6;1009,8;1009,5;1;25,1;23,6;25,1;24,8;24,2;23,4;95;91;91;166;5,7;2;
2020/05/21;0200 UTC;1;1009,3;1009,6;1009,3;;24,8;23,9;25,1;24,8;23,9;23,5;94;91;94;183;4,3;2,4;
2020/05/21;0300 UTC;1;1008,9;1009,7;1008,9;;25;24;25;24,8;24,2;23,9;96;94;94;170;8,7;2,6;
2020/05/21;0400 UTC;0;1008,5;1008,9;1008,5;,3;24,7;23,8;25,1;24,7;24;23,6;95;93;95;228;4,7;2,1;
2020/05/21;0500 UTC;0;1007,7;1008,5;1007,7;;24,9;24,2;24,9;24,6;24,2;23,8;96;95;96;197;3,7;2;
2020/05/21;0600 UTC;0;1007;1007,7;1007;;24,6;23,9;24,9;24,6;24,2;23,9;96;96;96;185;4,7;2,5;
2020/05/21;0700 UTC;,4;1007,2;1007,2;1006,9;;24,5;23,8;24,6;24,5;23,9;23,8;96;96;96;180;4,7;2;
2020/05/21;0800 UTC;0;1007,3;1007,5;1007,2;;24,4;23,6;24,6;24,3;23,9;23,5;96;95;95;184;4,5;2;
2020/05/21;0900 UTC;0;1007,7;1007,7;1007,3;58,5;24,4;23,4;24,5;24,3;23,6;23,2;95;94;94;208;3,6;1,7;
2020/05/21;1000 UTC;1,8;1008,4;1008,5;1007,6;418;24,8;23,7;25,3;24,4;24,1;23,4;94;92;94;178;6,7;3,6;
2020/05/21;1100 UTC;0;1008,9;1008,9;1008,4;1528,4;28,4;25,4;28,4;24,8;25,4;23,8;94;83;84;139;6,7;2,8;
2020/05/21;1200 UTC;0;1008,9;1009;1008,8;1787,2;29,1;24,8;29,6;27,6;25,4;24,6;86;76;78;138;7,2;3,8;
2020/05/21;1300 UTC;,4;1009;1009,1;1008,9;2161,1;29,2;25,6;29,2;27,3;26;24,4;88;77;81;118;8,9;4,8;
2020/05/21;1400 UTC;0;1008,4;1009,1;1008,4;2673,4;29,1;24;29,3;28,2;25,6;24;82;74;74;130;10,7;5,4;
2020/05/21;1500 UTC;0;1007,9;1008,5;1007,9;3174,4;29,2;24,6;29,8;29;25;23,8;78;72;76;128;10,6;5,1;
2020/05/21;1600 UTC;,6;1007,5;1008;1007,5;2131,4;26,5;25,2;29,9;26,1;25,5;24,4;93;75;93;91;10,6;3,9;
2020/05/21;1700 UTC;0;1006,8;1007,5;1006,8;2024,5;29,3;24,3;29,4;26,5;25,6;23;93;71;74;129;10,3;5,3;
2020/05/21;1800 UTC;0;1006,7;1006,9;1006,6;1360,8;28,2;23,8;29,8;27,6;25;23,2;80;73;77;123;10,1;4,8;
2020/05/21;1900 UTC;0;1006,5;1006,7;1006,5;571,9;28,6;24,9;28,6;27,9;25;23,3;82;75;80;138;8,8;3,8;
2020/05/21;2000 UTC;,2;1006,8;1006,8;1006,5;204,5;27,2;24,8;28,8;27,2;24,8;23,9;87;75;87;142;7,4;3,4;
2020/05/21;2100 UTC;0;1007,4;1007,4;1006,8;8,7;27,7;24,5;27,9;27,2;24,9;24;87;79;83;144;7,3;3,2;
2020/05/21;2200 UTC;0;1007,9;1007,9;1007,4;;27,7;24,3;27,9;27,6;24,5;24,1;83;80;82;133;8,6;3,3;
2020/05/21;2300 UTC;0;1008,6;1008,6;1007,9;;27,8;23,1;27,9;27,5;24,3;23,1;82;76;76;139;8,2;4,5;
2020/05/22;0000 UTC;0;1009,3;1009,3;1008,6;;27,4;23,3;27,8;27,4;23,5;23;78;76;78;139;8,2;3,5;
2020/05/22;0100 UTC;0;1009,2;1009,3;1009,1;;27,4;23,1;27,6;27,3;23,4;23;79;76;78;138;7,4;3,7;
2020/05/22;0200 UTC;0;1009,1;1009,2;1009,1;;27,3;23,7;27,4;27,1;23,7;23,1;81;78;81;136;6,8;3,1;
2020/05/22;0300 UTC;0;1008,7;1009,1;1008,7;;27,1;23,1;27,4;27,1;23,7;23;81;77;79;144;6,3;3;
2020/05/22;0400 UTC;0;1007,9;1008,7;1007,9;;24,5;23;27,2;24,5;23,3;22,8;91;79;91;226;5,5;2,5;
2020/05/22;0500 UTC;0;1007,8;1008;1007,8;;24,2;22,9;24,5;24,2;23,1;22,9;93;91;93;200;4,3;1,3;
2020/05/22;0600 UTC;0;1007,5;1007,8;1007,4;;23,8;22,8;24,2;23,8;22,9;22,8;94;93;94;209;4,3;1,7;
2020/05/22;0700 UTC;0;1007,5;1007,5;1007,2;;23,8;23;23,9;23,7;23;22,7;95;94;95;203;4,5;1,7;
2020/05/22;0800 UTC;0;1008;1008;1007,5;;24,1;23,2;24,1;23,8;23,2;23;95;95;95;186;5,2;2,8;
2020/05/22;0900 UTC;0;1007,8;1008,1;1007,8;15,7;24,2;23,3;24,2;24;23,3;23,1;95;94;94;187;5,8;3,2;
2020/05/22;1000 UTC;0;1009;1009;1007,8;281,2;24,9;23,5;24,9;24,2;23,6;23,2;94;92;92;189;6;2,7;
2020/05/22;1100 UTC;0;1009,9;1009,9;1008,9;578,8;26,3;24;26,3;24,9;24,2;23,6;92;87;87;166;4,8;2,4;
2020/05/22;1200 UTC;,6;1009,4;1010,1;1009,4;1433,7;27,4;24,6;27,5;25,6;25,3;23,9;93;85;85;168;8,1;3,1;
2020/05/22;1300 UTC;0;1009,3;1009,5;1009,2;1811,2;27,5;24,7;27,8;26,4;25,8;24,1;91;84;85;140;7;3,7;
2020/05/22;1400 UTC;0;1009,2;1009,6;1009,2;2573;28,1;25,1;28,8;27,3;25,7;24,6;87;82;84;133;6,3;3,2;
2020/05/22;1500 UTC;,8;1008,4;1009,2;1008,4;2274,4;27,2;25,4;29,3;26,6;26,3;24,3;92;80;90;133;8;3,3;
2020/05/22;1600 UTC;0;1007,5;1008,4;1007,5;2422,6;28,5;25,3;28,7;27,1;25,8;24,6;91;82;83;119;7,9;3,8;
2020/05/22;1700 UTC;1;1006,9;1007,5;1006,9;1489,5;27;25,7;29;26;25,9;24,4;94;79;93;134;9,3;3,9;
2020/05/22;1800 UTC;0;1006,6;1006,9;1006,5;2148,9;27,2;24,5;27,8;26,8;25,8;24,3;93;83;85;135;7,3;4;
2020/05/22;1900 UTC;1;1006,7;1006,8;1006,4;483,5;25,3;24,3;27,4;25,3;24,7;24,1;94;84;94;144;6,5;2,9;
2020/05/22;2000 UTC;1,2;1006,9;1007;1006,7;146,8;25,2;24,3;25,5;25,2;24,8;24,2;96;94;94;132;6,4;1,9;
2020/05/22;2100 UTC;20;1007,9;1008,1;1006,9;11,2;24,3;23,9;25,3;24,3;24,6;23,8;97;94;97;103;5,2;2,3;
2020/05/22;2200 UTC;26,8;1008,6;1008,7;1007,9;,6;23,7;23,4;24,4;23,4;24;23;98;97;98;276;6,5;1,5;
2020/05/22;2300 UTC;8,8;1008,7;1009;1008,5;;24;23,7;24;23,6;23,7;23,3;98;98;98;351;3,3;1,5;
2020/05/23;0000 UTC;2,6;1009,8;1009,8;1008,7;;24,2;24;24,3;23,9;24;23,6;98;98;98;236;3,9;1,2;
2020/05/23;0100 UTC;,6;1009,5;1010;1009,5;,1;23,8;23,5;24,3;23,8;24;23,5;98;98;98;212;4,6;3;
2020/05/23;0200 UTC;,4;1009,4;1009,8;1009,2;,9;23,2;22,9;23,8;23,2;23,5;22,9;98;98;98;207;6,7;3,3;
2020/05/23;0300 UTC;,6;1008,7;1009,5;1008,7;;23,3;23;23,3;23,2;23;22,9;98;98;98;218;5,8;2,9;
2020/05/23;0400 UTC;,6;1008,4;1008,7;1008,2;;23,7;23,4;23,7;23,3;23,4;23;98;98;98;164;5,5;1,3;
2020/05/23;0500 UTC;10;1008,1;1008,8;1008,1;;23,6;23,4;23,8;23,6;23,5;23,4;98;98;98;224;4,3;2,5;
2020/05/23;0600 UTC;1,8;1007,5;1008,1;1007,5;;23,9;23,7;23,9;23,6;23,7;23,3;99;98;99;169;5,3;2,7;
2020/05/23;0700 UTC;1,2;1007,1;1007,5;1007,1;;24,1;23,8;24,1;23,9;23,8;23,6;99;98;98;185;7;2,8;
2020/05/23;0800 UTC;,2;1007,5;1007,6;1007,1;,1;24;23,7;24,1;23,8;23,8;23,5;98;98;98;235;7;1,3;
2020/05/23;0900 UTC;,2;1007;1007,6;1007;4;24;23,7;24,1;24;23,8;23,7;98;98;98;259;3,2;1,9;
2020/05/23;1000 UTC;,2;1007,2;1007,2;1006,6;85,1;23,9;23,7;24,1;23,8;23,8;23,5;98;98;98;213;4,4;1,1;
2020/05/23;1100 UTC;,6;1009,5;1009,5;1007,2;340,7;24,6;24,2;24,7;23,9;24,4;23,6;98;97;98;190;2,5;1,2;
2020/05/23;1200 UTC;0;1010;1010;1009,5;963,8;25,2;24,3;25,2;24,5;24,7;24,1;98;94;95;193;5,5;3,4;
2020/05/23;1300 UTC;0;1010;1010;1009,8;1235,5;26,2;24,2;26,2;25,2;24,7;23,7;95;87;89;190;7,4;3,7;
2020/05/23;1400 UTC;0;1009,7;1010,1;1009,7;1035;26,3;23,8;26,9;26,2;24,5;23,6;89;84;86;182;7,4;3,7;
2020/05/23;1500 UTC;,4;1009,2;1009,7;1009,1;458,1;25,6;23,8;26,4;25,6;24,1;23,7;90;86;90;188;7,6;4,4;
2020/05/23;1600 UTC;1,8;1008,9;1009,3;1008,8;191,3;24,6;23,8;25,6;24,6;24;23,7;95;90;95;155;8,1;4,8;
2020/05/23;1700 UTC;3;1008,7;1009,3;1008,7;170,8;24,7;23,9;24,7;24,3;24;23,5;96;95;95;122;7,9;3,3;
2020/05/23;1800 UTC;,6;1008,1;1008,7;1007,9;227,7;24,7;24;24,8;24,4;24;23,6;96;95;96;86;5,5;2,2;
2020/05/23;1900 UTC;0;1008,3;1008,4;1008,1;231,9;24,9;23,9;24,9;24,5;24;23,4;96;94;94;119;4,7;1,1;
2020/05/23;2000 UTC;0;1007,7;1008,3;1007,7;104,8;25;24;25,1;24,9;24,1;23,9;95;94;94;136;3,3;2,1;
2020/05/23;2100 UTC;0;1007,8;1007,8;1007,6;3,3;24,6;23,8;25,1;24,6;24;23,8;95;94;95;99;3,3;1,6;
2020/05/23;2200 UTC;0;1008,2;1008,2;1007,6;;24,8;24,1;24,8;24,6;24,1;23,8;96;95;96;325;2,3;1,2;
2020/05/23;2300 UTC;0;1008,5;1008,5;1008,2;;24,6;24;24,8;24,6;24,1;24;96;96;96;215;2,1;1,1;
2020/05/24;0000 UTC;0;1009,1;1009,1;1008,5;;24,7;24,1;24,7;24,6;24,1;24;97;96;97;182;3,9;2,5;
2020/05/24;0100 UTC;0;1009;1009,2;1009;;24,6;23,6;24,7;24,6;24,1;23,6;97;94;94;184;4,7;2,7;
2020/05/24;0200 UTC;0;1008,6;1009;1008,6;;24,3;23,3;24,6;24,3;23,6;23,3;95;94;95;189;4,7;1,8;
2020/05/24;0300 UTC;0;1008,4;1008,6;1008,4;;24;23,3;24,3;24;23,3;23,2;96;95;96;200;3,6;2,1;
2020/05/24;0400 UTC;1;1007,6;1008,5;1007,6;;23,9;23,3;24,2;23,9;23,5;23,3;97;96;97;207;4,2;1,5;
2020/05/24;0500 UTC;0;1007;1007,6;1007;;23,7;23,3;23,9;23,7;23,4;23,3;97;97;97;208;4,9;1,9;
2020/05/24;0600 UTC;0;1006,7;1007;1006,7;;23,7;23,3;23,7;23,7;23,3;23,3;98;97;98;218;4;2,1;
2020/05/24;0700 UTC;0;1006,6;1006,7;1006,6;;23,7;23,2;23,8;23,6;23,3;23,2;98;97;97;182;4,5;1,4;
2020/05/24;0800 UTC;,4;1007,4;1007,4;1006,5;;23,8;23,2;23,9;23,7;23,3;23,1;97;96;96;172;3,6;,8;
2020/05/24;0900 UTC;,8;1007,8;1007,8;1007,3;3,1;23,8;23,2;23,8;23,7;23,2;23,1;96;96;96;241;3,2;1,4;
2020/05/24;1000 UTC;1;1008,8;1008,8;1007,8;131,9;24,1;23,5;24,1;23,7;23,5;23,1;97;96;97;225;3,3;1,2;
2020/05/24;1100 UTC;,2;1009,4;1009,4;1008,8;510,4;24,6;23,9;24,6;24;23,9;23,4;97;95;96;221;3,5;,6;
2020/05/24;1200 UTC;,6;1009,7;1009,7;1009,4;787;24,8;23,9;25;24,6;24,3;23,8;96;95;95;198;5,1;2,5;
2020/05/24;1300 UTC;,2;1010;1010;1009,6;940,9;25,5;23,9;26;24,7;25,1;23,8;96;91;91;127;5,3;2;
2020/05/24;1400 UTC;3,4;1009,3;1010,1;1009,2;771,2;24,6;23,3;25,6;24,6;24,5;23,1;94;91;92;56;4,6;,9;
2020/05/24;1500 UTC;14,6;1008,2;1009,3;1008,1;278,9;23,7;23,1;24,7;23,5;23,4;22,8;97;92;97;213;4,4;2,3;
2020/05/24;1600 UTC;1,6;1007,6;1008,2;1007,6;526,7;25,3;24,7;25,3;23,6;24,8;23,1;97;97;97;172;3,7;,9;
2020/05/24;1700 UTC;1,2;1007,6;1007,6;1007,4;783,7;24,6;23,7;26,3;24,5;25,3;23,2;97;91;95;136;11,7;6,2;
2020/05/24;1800 UTC;3;1007,5;1007,6;1007,4;311,7;23,5;23;24,6;23,4;23,9;22,9;97;95;97;66;10,9;3,3;
2020/05/24;1900 UTC;,2;1007,2;1007,5;1007,2;239,7;24,1;23,6;24,1;23,5;23,6;23,1;97;97;97;115;6,5;1,4;
2020/05/24;2000 UTC;,2;1006,9;1007,2;1006,9;124;24,3;23,7;24,4;24,1;23,9;23,6;97;96;97;169;3,2;1,3;
2020/05/24;2100 UTC;0;1007,3;1007,3;1006,8;9,3;23,9;23,4;24,3;23,9;23,7;23,4;97;96;97;191;3;1,7;
2020/05/24;2200 UTC;0;1008,3;1008,3;1007,3;;24,1;23,5;24,1;23,9;23,6;23,4;97;97;97;179;3,1;1,8;
2020/05/24;2300 UTC;0;1008,8;1008,8;1008,2;;23,9;23,5;24,1;23,9;23,5;23,4;97;97;97;206;3,4;1,7;
2020/05/25;0000 UTC;0;1009,2;1009,3;1008,8;;24,1;23,6;24,2;23,9;23,6;23,5;97;97;97;207;3,5;1,8;
2020/05/25;0100 UTC;0;1009,5;1009,5;1009,2;;24,1;23,5;24,1;24,1;23,6;23,5;97;97;97;215;4,2;1,8;
2020/05/25;0200 UTC;0;1009,3;1009,5;1009,3;;24,1;23,5;24,2;24,1;23,6;23,5;97;96;96;223;4,1;1,7;
2020/05/25;0300 UTC;0;1008,9;1009,3;1008,9;;24;23,5;24,1;24;23,5;23,5;97;96;97;258;3,5;1,1;
2020/05/25;0400 UTC;0;1007,9;1008,9;1007,9;;23,8;23,3;24;23,8;23,5;23,3;97;97;97;265;3,5;,9;
2020/05/25;0500 UTC;0;1007,3;1007,9;1007,3;;23,7;23,2;23,8;23,7;23,3;23,2;97;97;97;229;3,3;1,7;
2020/05/25;0600 UTC;0;1007,2;1007,3;1007,1;;23,5;23,1;23,7;23,5;23,3;23,1;98;97;98;236;3,3;1,5;
2020/05/25;0700 UTC;0;1007,2;1007,3;1007,2;;23,5;23,1;23,6;23,5;23,2;23,1;98;98;98;215;3,6;,7;
2020/05/25;0800 UTC;0;1007,7;1007,7;1007,2;;23,4;23;23,5;23,3;23,1;22,9;98;98;98;220;2,9;1,4;
2020/05/25;0900 UTC;0;1007,7;1007,8;1007,5;19,8;23,5;23,1;23,5;23,4;23,1;23;98;98;98;177;2,9;,8;
2020/05/25;1000 UTC;0;1008,5;1008,5;1007,7;281,9;24,5;23,9;24,5;23,5;23,9;23,1;98;96;97;123;1,8;,4;
2020/05/25;1100 UTC;0;1008,9;1009;1008,5;811,8;26,4;24,3;26,4;24,4;24,4;23,7;97;88;88;180;3,5;1,7;
2020/05/25;1200 UTC;0;1009,1;1009,1;1008,8;2474,4;28,5;24,1;28,6;26,4;24,9;23,8;88;77;77;158;5,6;3,6;
2020/05/25;1300 UTC;0;1009;1009,2;1009;2481,4;28,7;24,9;29;28,1;25,1;23,7;82;76;80;127;6,7;3,4;
2020/05/25;1400 UTC;0;1008,2;1009;1008,2;3009,9;28,7;24,1;29,1;28,2;25,2;24,1;82;75;76;126;6,1;3,5;
2020/05/25;1500 UTC;0;1007,1;1008,2;1007,1;3096,2;29,5;23,5;29,9;28,3;24,7;23,1;77;69;70;124;5,7;2,1;
2020/05/25;1600 UTC;0;1006,6;1007,1;1006,6;2810,9;29,5;24,1;30,3;29,3;24,6;23,1;74;67;73;110;4,7;2,6;
2020/05/25;1700 UTC;0;1006,5;1006,7;1006,5;2108,5;28,3;24,3;29,6;28,2;24,7;23,6;79;72;79;123;5,8;3,2;
2020/05/25;1800 UTC;0;1006,3;1006,5;1006,2;1833,5;28,6;23,9;29,3;27,9;24,9;23,9;80;75;76;104;6,1;3,1;
2020/05/25;1900 UTC;0;1006,5;1006,6;1006,3;624,3;28,1;24,3;28,7;27,8;24,6;23,9;81;76;80;110;5,8;2,9;
2020/05/25;2000 UTC;0;1006,9;1006,9;1006,4;180,7;27,2;24,1;28,1;27,2;24,5;24,1;83;79;83;133;5;1,8;
2020/05/25;2100 UTC;0;1007,4;1007,4;1006,9;7,1;26,9;24;27,2;26,9;24,1;24;84;83;84;121;3;1,5;
2020/05/25;2200 UTC;0;1007,9;1007,9;1007,4;;26,5;24,3;26,9;26,4;24,3;23,9;88;84;88;117;3,1;1,2;
2020/05/25;2300 UTC;0;1008,4;1008,4;1007,9;;26;24,2;26,5;26;24,3;24;89;88;89;244;2,2;,3;
2020/05/26;0000 UTC;0;1008,9;1008,9;1008,4;;25,8;24;26,1;25,8;24,3;24;90;89;90;114;1,2;,5;
2020/05/26;0100 UTC;0;1009,1;1009,1;1008,9;;25,3;23,9;25,8;25,2;24;23,8;92;90;92;59;1,6;,7;
2020/05/26;0200 UTC;0;1009,1;1009,4;1009,1;;25,6;24,1;25,7;25,2;24,4;23,9;93;92;92;340;1,4;,4;
2020/05/26;0300 UTC;0;1008,9;1009,2;1008,9;;24,8;23,6;25,6;24,8;24,2;23,6;93;92;93;257;2,1;,8;
2020/05/26;0400 UTC;0;1008,3;1008,9;1008,3;;24,5;23,7;24,8;24,5;23,8;23,6;96;93;96;194;1,9;,6;
2020/05/26;0500 UTC;0;1007,8;1008,3;1007,8;;24,5;23,9;24,6;24,4;24;23,7;96;96;96;205;2,4;,8;
2020/05/26;0600 UTC;0;1007,5;1007,8;1007,5;;24,2;23,6;24,5;24,2;23,9;23,6;97;96;97;200;2,2;,9;
2020/05/26;0700 UTC;0;1007,5;1007,5;1007,3;;24;23,6;24,2;24;23,7;23,5;97;97;97;186;2,3;,9;
2020/05/26;0800 UTC;0;1008;1008;1007,5;;23,9;23,5;24,1;23,9;23,7;23,5;97;97;97;221;2,4;1,2;
2020/05/26;0900 UTC;0;1008,4;1008,4;1007,9;24,9;23,9;23,5;24;23,7;23,6;23,3;98;97;98;224;2,6;,8;
2020/05/26;1000 UTC;0;1008,8;1008,8;1008,4;530,3;25,2;24,7;25,2;23,9;24,7;23,5;98;97;97;210;2,9;1,1;
2020/05/26;1100 UTC;0;1009,6;1009,6;1008,8;599,9;26,2;24,7;26,4;25,2;25,4;24,6;97;92;92;150;2,8;,9;
2020/05/26;1200 UTC;1,2;1009,7;1009,8;1009,6;1212,8;27,8;23,7;28,1;25,9;26,2;23,7;94;78;78;172;2;,7;
2020/05/26;1300 UTC;0;1009,5;1009,8;1009,5;2178,4;29,9;24,2;30,5;27,6;25,4;23,6;81;71;72;89;3,2;1,3;
2020/05/26;1400 UTC;0;1009,4;1009,6;1009,3;2859,5;29,2;24,2;30,7;28,9;24,8;23,5;75;68;75;109;4,3;2;
2020/05/26;1500 UTC;0;1008,4;1009,4;1008,4;2670,8;29,6;23,9;30,7;28,9;25,5;23,3;76;68;72;115;4,1;2,2;
2020/05/26;1600 UTC;0;1007,8;1008,4;1007,8;2611,4;29,9;23,8;31,1;29,3;25,2;23,4;74;66;70;105;4,7;2,5;
2020/05/26;1700 UTC;0;1007,1;1007,8;1007,1;2521,6;29,9;23,6;30,7;29,6;24,5;23,1;72;66;69;102;4,4;2,5;
2020/05/26;1800 UTC;0;1006,7;1007,1;1006,7;1965,1;28,7;24,7;29,9;28,6;25,2;23,4;79;69;79;121;6;3,4;
2020/05/26;1900 UTC;0;1006,8;1006,8;1006,6;753,4;28,5;25,1;29;28,3;25,7;24,5;84;79;82;102;6,4;2,7;
2020/05/26;2000 UTC;0;1006,9;1006,9;1006,8;199,2;27,6;24,5;28,5;27,6;25,1;24,4;83;80;83;100;5,6;2,2;
2020/05/26;2100 UTC;0;1007,2;1007,2;1006,9;11,2;26,9;24,7;27,6;26,9;24,7;24,4;88;83;88;96;4,1;1,6;
2020/05/26;2200 UTC;0;1007,6;1007,6;1007,2;;26,9;25;27;26,8;25;24,8;89;88;89;102;2,8;1;
2020/05/26;2300 UTC;0;1008,2;1008,2;1007,6;;26,7;24,7;27;26,6;25,1;24,6;89;88;89;93;2;1,4;
2020/05/27;0000 UTC;0;1008,5;1008,5;1008,2;;26,3;24,4;26,7;26,1;24,7;24,2;89;89;89;84;2,9;1,2;
2020/05/27;0100 UTC;0;1008,6;1008,7;1008,4;;25,9;23,9;26,5;25,9;24,4;23,7;89;87;88;71;1,9;,5;
2020/05/27;0200 UTC;0;1008,6;1008,7;1008,6;;25,8;24;26,1;25,8;24,2;23,8;90;88;90;347;1;,6;
2020/05/27;0300 UTC;0;1008,2;1008,6;1008,2;;25,4;24,1;26;25,4;24,2;23,9;92;90;92;85;1;,4;
2020/05/27;0400 UTC;0;1007,5;1008,2;1007,5;;24,9;23,9;25,4;24,9;24,1;23,8;94;92;94;269;1,7;,8;
2020/05/27;0500 UTC;0;1007,1;1007,5;1007,1;;24,3;23,6;24,9;24,3;23,9;23,6;96;94;96;237;2,6;,3;
2020/05/27;0600 UTC;0;1007;1007,2;1007;;24,3;23,8;24,4;24,2;23,8;23,5;97;96;97;203;1,1;,2;
2020/05/27;0700 UTC;0;1006,9;1007;1006,9;;24;23,6;24,3;23,9;23,9;23,4;97;97;97;89;1;,6;
2020/05/27;0800 UTC;0;1007,1;1007,1;1006,9;;23,9;23,6;24,2;23,8;23,7;23,4;98;97;98;233;1;,6;
2020/05/27;0900 UTC;0;1007,5;1007,5;1007,1;29,3;23,9;23,6;24,2;23,9;23,8;23,5;98;98;98;211;2,7;1;
2020/05/27;1000 UTC;0;1008,1;1008,1;1007,5;518,8;25,1;24,7;25,1;23,9;24,7;23,6;98;97;97;203;3,3;1,7;
2020/05/27;1100 UTC;0;1008,6;1008,6;1008,1;1429,7;27,4;25,1;27,4;25,2;25,7;24,7;97;87;87;237;3,1;1,7;
2020/05/27;1200 UTC;0;1008,7;1008,8;1008,6;1377,5;30;25;30;27,3;25,8;24,5;87;75;75;30;3,2;1,5;
2020/05/27;1300 UTC;0;1008,5;1008,7;1008,5;2266,3;29,4;24,1;30,4;28,9;25,3;23,8;77;71;73;112;4,5;2,3;
2020/05/27;1400 UTC;0;1008;1008,5;1008;2950,9;29,8;24,8;30,2;28,9;25,6;23,8;78;72;75;96;5,5;2,9;
2020/05/27;1500 UTC;0;1007,3;1008;1007,3;3019,6;29,6;24,4;30,3;29,1;25,4;24;77;70;73;98;5,7;3;
2020/05/27;1600 UTC;0;1006,5;1007,3;1006,5;2855,9;29,3;24,4;30,3;29,2;25,3;23,7;77;71;75;101;5,9;3;
2020/05/27;1700 UTC;0;1005,9;1006,5;1005,9;2514,6;29,3;24,5;30,4;29,1;25,7;23,8;78;72;76;103;6,2;2,9;
2020/05/27;1800 UTC;0;1005,7;1005,9;1005,7;1948,7;29,5;24,8;29,8;29,1;25,5;24,4;78;74;76;85;6,8;3,1;
2020/05/27;1900 UTC;0;1006,2;1006,2;1005,7;740,2;28,8;24,3;29,7;28,7;25,1;24,1;77;75;77;82;6,3;2,6;
2020/05/27;2000 UTC;0;1006,4;1006,4;1006,2;212,8;28;24,6;28,9;28;24,8;24,3;82;77;82;101;4,8;1,8;
2020/05/27;2100 UTC;0;1006,9;1006,9;1006,3;10,8;27,5;24,5;28;27,5;24,8;24,5;85;82;84;102;3,6;2,1;
2020/05/27;2200 UTC;0;1007,4;1007,4;1006,9;;27,4;24,7;27,6;27,4;24,8;24,4;85;83;85;109;3,6;1,8;
2020/05/27;2300 UTC;0;1007,6;1007,6;1007,3;;27,2;24,7;27,4;26,9;24,8;24,6;87;85;86;91;3,5;1,9;
2020/05/28;0000 UTC;0;1008;1008;1007,6;;27,4;24,3;27,6;27,2;24,7;24,2;86;83;83;96;4,7;2,3;
2020/05/28;0100 UTC;0;1008,1;1008,2;1008;;27,6;24,2;27,7;27,4;24,4;24,2;84;82;82;106;5,1;2,3;
2020/05/28;0200 UTC;0;1008;1008,2;1008;;27,4;24,5;27,6;27,2;24,5;24,2;85;82;84;117;4,5;1,5;
2020/05/28;0300 UTC;0;1007,8;1008,1;1007,8;;27,1;24,2;27,5;27,1;24,5;24;84;82;84;117;3,5;1,1;
2020/05/28;0400 UTC;0;1007,1;1007,8;1007,1;;26,7;24,2;27,1;26,7;24,2;24;86;84;86;122;2,5;1,3;
2020/05/28;0500 UTC;0;1006,4;1007,1;1006,4;;26,8;24,4;26,8;26,6;24,6;24,1;88;86;87;114;3,3;1,6;
2020/05/28;0600 UTC;0;1006,6;1006,6;1006,4;;26,3;24;26,9;26,3;24,4;23,9;87;85;87;113;3,3;,6;
2020/05/28;0700 UTC;0;1006,5;1006,6;1006,4;;24,9;23,7;26,3;24,9;24;23,5;93;87;93;222;3,9;1,3;
2020/05/28;0800 UTC;6,8;1006,6;1006,9;1006,5;;24,9;24;25,3;24,8;24,5;23,7;96;93;95;198;5,9;1,1;
2020/05/28;0900 UTC;0;1007;1007;1006,6;18,3;24,9;24,2;25;24,8;24,3;24;96;95;96;214;3,9;2,1;
2020/05/28;1000 UTC;6,6;1007,7;1007,7;1006,9;204,3;25,3;24,6;25,3;24,5;24,8;23,9;97;96;96;203;5,2;1,1;
2020/05/28;1100 UTC;,6;1008,2;1008,2;1007,7;526,7;25,8;25;25,9;25,2;25,2;24,5;97;94;95;162;2,8;1,2;
2020/05/28;1200 UTC;0;1007,9;1008,3;1007,9;1550,9;28;25;28,1;25,7;26,4;24,7;95;84;84;127;3,3;1,7;
2020/05/28;1300 UTC;0;1007,7;1007,9;1007,7;2523,7;29;25,1;29,4;28;26,2;24,7;85;79;80;136;5,7;3,2;
2020/05/28;1400 UTC;0;1007,3;1007,7;1007,3;3073,4;29,3;24,8;29,6;28,8;25,6;24,4;81;76;76;130;7;3,5;
2020/05/28;1500 UTC;0;1006,5;1007,3;1006,5;3065;29,8;25,6;29,9;29;25,9;24,3;81;75;78;125;7,4;3,3;
2020/05/28;1600 UTC;0;1005,7;1006,5;1005,7;2845,2;29,1;24,5;29,9;29;25,4;24,2;79;74;76;130;7,5;4,9;
2020/05/28;1700 UTC;0;1005,2;1005,7;1005,2;2529,9;29,6;25,4;29,8;28,9;25,7;24,5;80;75;78;126;7,7;3,8;
2020/05/28;1800 UTC;0;1005,1;1005,2;1004,9;1951,5;29,1;24,1;29,6;28,8;25,6;24;79;75;75;113;7,7;3,9;
2020/05/28;1900 UTC;0;1005,7;1005,7;1005,1;805,5;28,8;23,9;29,3;28,7;25;23,9;79;75;75;128;8,1;4;
2020/05/28;2000 UTC;0;1006,2;1006,2;1005,7;229,7;27,8;24,5;28,8;27,8;24,7;24;82;75;82;129;8;3,8;
2020/05/28;2100 UTC;0;1006,7;1006,8;1006,2;8,3;27,6;24,5;27,8;27,5;24,7;24,4;85;82;83;132;6,7;3,3;
2020/05/28;2200 UTC;0;1007,5;1007,5;1006,7;;27,2;24,4;27,7;27,2;24,8;24,3;85;82;84;119;7;3,5;
2020/05/28;2300 UTC;0;1007,7;1007,7;1007,4;;27,4;24,7;27,4;27,1;24,8;24,3;86;84;85;136;6,6;3,9;
2020/05/29;0000 UTC;0;1008;1008,1;1007,7;;27,4;23,7;27,5;27,3;24,8;23,7;86;80;80;141;7,8;3,5;
2020/05/29;0100 UTC;0;1008,3;1008,4;1008;;27,1;24,1;27,4;27;24,1;23,6;84;80;84;148;5,9;2,4;
2020/05/29;0200 UTC;0;1008,1;1008,3;1008;;27,3;24,4;27,3;27;24,4;24,1;85;83;85;133;4,8;2,5;
2020/05/29;0300 UTC;0;1007,7;1008,1;1007,7;;26,6;24,4;27,4;26,6;24,6;24,3;87;84;87;162;5,2;1,9;
2020/05/29;0400 UTC;0;1007,3;1007,7;1007,3;;25,6;24;26,7;25,6;24,4;23,6;91;86;91;189;6,6;1,4;
2020/05/29;0500 UTC;2,4;1006,7;1007,3;1006,7;;25,1;24,2;26,1;24,9;24,4;23,3;95;90;95;192;8,9;,9;
2020/05/29;0600 UTC;0;1006,4;1006,7;1006,4;;25;24,3;25,2;25;24,4;24,2;96;95;96;188;5,3;2,7;
2020/05/29;0700 UTC;,2;1006,6;1006,6;1006,3;;24,7;24;25;24,7;24,3;24;96;96;96;192;5,4;2,5;
2020/05/29;0800 UTC;0;1007,1;1007,1;1006,6;;24,5;23,6;24,7;24,5;24;23,6;96;95;95;188;5,4;2,8;
2020/05/29;0900 UTC;0;1007,1;1007,2;1007,1;28,4;24,6;23,6;24,6;24,4;23,7;23,5;95;94;94;186;5,4;2,4;
2020/05/29;1000 UTC;0;1007,4;1007,5;1007,1;553,3;25,4;23,7;25,4;24,6;23,9;23,6;94;90;90;186;6,3;3,6;
2020/05/29;1100 UTC;0;1008,3;1008,3;1007,4;1212,2;26,7;23,9;26,7;25,4;24,3;23,5;90;85;85;190;8,3;4,3;
2020/05/29;1200 UTC;0;1008,1;1008,3;1008,1;2015,1;28,3;24;28,3;26,7;24,6;23,8;85;78;78;185;8,3;3,7;
2020/05/29;1300 UTC;0;1007,9;1008,2;1007,9;2105,5;29,8;25;29,8;27,9;25;23,5;79;73;75;155;8,7;4,5;
2020/05/29;1400 UTC;,2;1007,6;1007,9;1007,5;2869,6;29,1;23,1;29,8;28,8;24,9;23,1;78;70;70;155;10,4;5,8;
2020/05/29;1500 UTC;2,4;1007,4;1007,7;1007,4;1370,2;25,1;24;29,1;25,1;24,8;23;95;70;94;169;10,7;5,3;
2020/05/29;1600 UTC;,4;1006,6;1007,5;1006,6;1474,8;26,9;24,4;26,9;24,9;24,8;23,8;95;87;87;187;10,9;3,8;
2020/05/29;1700 UTC;0;1006,4;1006,6;1006,3;1325,4;26,2;23,2;27,1;25,9;24,5;23;87;82;83;198;9,5;4,7;
2020/05/29;1800 UTC;0;1006,6;1006,6;1006,2;1204,9;26,3;22,6;27,2;26;23,5;22,2;83;77;80;185;10,4;5,7;
2020/05/29;1900 UTC;0;1006,7;1006,8;1006,6;635,9;26;21,7;26,3;25,5;22,8;21,6;84;77;77;182;10,4;4,9;
2020/05/29;2000 UTC;0;1006,7;1006,8;1006,6;263,8;25,7;21,4;26,1;25,7;21,8;21,1;77;75;77;172;9,4;3,1;
2020/05/29;2100 UTC;0;1007,3;1007,3;1006,7;11;25,6;21,7;25,7;25,5;21,8;21,3;79;76;79;183;7,3;3,3;
2020/05/29;2200 UTC;0;1007,7;1007,7;1007,3;;25,7;21,7;25,7;25,5;21,9;21,7;80;79;79;184;6,5;3,1;
2020/05/29;2300 UTC;0;1008,2;1008,3;1007,7;;25,3;21,3;25,7;25,3;21,7;21,2;79;76;78;179;7,8;3,4;
2020/05/30;0000 UTC;0;1008,4;1008,4;1008,1;;25,2;21,5;25,3;25,1;21,5;21,3;80;78;80;180;6,4;2,8;
2020/05/30;0100 UTC;0;1008,2;1008,4;1008,1;;25,1;21,4;25,3;25,1;21,5;21,3;81;79;80;175;6,9;3,8;
2020/05/30;0200 UTC;0;1008,3;1008,3;1008;;25,1;21,1;25,2;25;21,4;21,1;80;79;79;164;9,5;3,3;
2020/05/30;0300 UTC;0;1008,1;1008,3;1008;;25,5;21,5;25,5;25;21,5;21;79;77;79;177;8,5;4,5;
2020/05/30;0400 UTC;0;1007,6;1008,1;1007,6;;25,2;21,1;25,5;25,1;21,6;21,1;80;78;78;173;10,8;6;
2020/05/30;0500 UTC;0;1007;1007,7;1007;;24,8;21,2;25,4;24,3;21,7;20,7;85;75;80;176;13,4;5,1;
2020/05/30;0600 UTC;0;1006,9;1007;1006,7;;24,2;21,3;24,8;24,2;21,3;21,1;84;80;84;178;11,8;4,7;
2020/05/30;0700 UTC;0;1006,9;1006,9;1006,7;;23,7;21,4;24,2;23,7;21,4;21,3;87;84;87;180;8,3;3,1;
2020/05/30;0800 UTC;0;1007,3;1007,5;1006,9;;23,8;21,6;23,8;23,6;21,6;21,4;88;87;88;184;5,7;2;
2020/05/30;0900 UTC;0;1007,8;1007,8;1007,3;36,1;24,3;21,7;24,3;23,8;21,7;21,6;88;86;86;194;5,4;1,9;
2020/05/30;1000 UTC;0;1008,2;1008,2;1007,8;360,6;25;21,9;25;24,3;21,9;21,5;86;83;83;192;6,3;2,7;
2020/05/30;1100 UTC;0;1008,7;1008,8;1008,2;1215,1;26,5;22;26,5;25;22,3;21,8;83;77;77;180;7,9;3,9;
2020/05/30;1200 UTC;0;1009;1009;1008,7;2092,9;27,8;22,8;27,8;26,5;23;22;77;74;74;188;8;3,8;
2020/05/30;1300 UTC;0;1008,6;1009;1008,6;2195,7;28,6;22,9;28,9;27,6;23,5;22,5;76;70;71;168;7,6;3,9;
2020/05/30;1400 UTC;0;1008,1;1008,6;1008,1;1788,4;28,8;22,3;29;28,2;23,3;22,3;72;68;68;142;9,5;4,3;
2020/05/30;1500 UTC;0;1007,9;1008,1;1007,7;1408;27,2;24,1;29,1;27,1;24,1;21,9;83;68;83;117;10;4,2;
2020/05/30;1600 UTC;,2;1006,9;1008;1006,9;1512,9;28,3;23,2;28,4;26,3;24,3;22,4;86;74;74;131;7,8;3,1;
2020/05/30;1700 UTC;0;1006,3;1006,9;1006,2;2190,7;28,7;23,3;29,4;28,3;24,1;22,9;75;70;72;135;6,9;4;
2020/05/30;1800 UTC;0;1006,3;1006,3;1006,1;1153,1;26,2;23,9;29;26,1;24,1;22,8;88;71;87;118;9,3;4,8;
2020/05/30;1900 UTC;,2;1006,6;1006,6;1006,2;338,1;25,2;23,4;26,2;25;23,8;23,3;93;86;90;110;8,5;3,1;
2020/05/30;2000 UTC;,2;1006,8;1006,9;1006,6;131,6;25,6;23,8;25,6;24,7;23,8;23;92;89;90;139;5,4;1,6;
2020/05/30;2100 UTC;0;1007,7;1007,7;1006,8;8,7;26,1;23,4;26,2;25,3;23,8;23,2;90;84;85;128;4,2;2;
2020/05/30;2200 UTC;2;1008,1;1008,2;1007,7;,4;24,4;23,7;26,2;24,4;24,1;23,5;96;85;96;107;9,6;4,9;
2020/05/30;2300 UTC;2,4;1008,6;1008,6;1008;;24,4;23,5;24,5;24;23,7;23,2;96;94;94;102;10;2,9;
2020/05/31;0000 UTC;0;1009;1009;1008,6;;24,8;23,7;24,8;24,3;23,7;23,1;94;93;93;101;6,6;2;
2020/05/31;0100 UTC;0;1009;1009,2;1009;;24,8;23,4;25,2;24,7;23,8;23,3;94;91;92;108;4,7;2,1;
2020/05/31;0200 UTC;0;1008,8;1009;1008,8;;24,7;23,5;24,9;24,6;23,6;23,3;93;92;93;79;3,5;,5;
2020/05/31;0300 UTC;0;1008,5;1008,8;1008,4;,8;24,8;23,5;24,9;24,6;23,7;23,4;94;92;92;195;4,5;1,3;
2020/05/31;0400 UTC;,4;1008,3;1008,5;1008,2;;24,6;23,5;24,8;24,4;23,6;23,2;94;92;94;168;2,6;1,5;
2020/05/31;0500 UTC;6;1007,7;1008,3;1007,7;;23,1;22,5;24,6;23;23,4;22,4;97;94;96;347;3,3;,9;
2020/05/31;0600 UTC;,2;1007,3;1007,7;1007,2;;23,5;22,9;23,7;23,1;23,1;22,4;97;96;96;55;1,5;,9;
2020/05/31;0700 UTC;0;1007,3;1007,4;1007,1;;23,7;23,2;23,8;23,4;23,2;22,8;97;96;97;180;2,6;1,3;
2020/05/31;0800 UTC;0;1007,8;1007,8;1007,3;;23,7;23,1;23,9;23,7;23,3;23;97;96;96;177;3,6;,8;
2020/05/31;0900 UTC;0;1007,8;1007,8;1007,6;35,5;23,8;23,2;23,8;23,6;23,2;23;97;96;97;211;2,8;1,9;
2020/05/31;1000 UTC;0;1008,6;1008,6;1007,8;256,6;24,4;23,6;24,5;23,8;23,7;23,2;97;95;95;193;5,2;2,7;
2020/05/31;1100 UTC;,4;1009,1;1009,1;1008,6;949,1;26;24,5;26;24,3;24,8;23,4;95;91;92;182;5,4;2,2;
2020/05/31;1200 UTC;0;1009,3;1009,3;1009,1;2270;27,3;24;27,5;26;24,9;23,7;92;82;83;166;5,1;2,9;
2020/05/31;1300 UTC;0;1009,3;1009,4;1009,2;2658,1;28,7;23,7;29,1;27,3;24,9;23,4;84;74;75;136;7,3;3,6;
2020/05/31;1400 UTC;0;1008,9;1009,3;1008,9;2991,8;29,5;23,6;29,5;28,5;24,6;22,5;77;67;71;152;8,1;4,7;
2020/05/31;1500 UTC;0;1008,2;1008,9;1008,2;2670,2;28,8;23,5;29,7;28,7;24,3;22,7;75;67;73;143;8,1;3,8;
2020/05/31;1600 UTC;0;1007,5;1008,3;1007,5;2781,4;28,8;22,9;29,7;28,7;23,9;22,5;75;67;70;131;7,3;4,3;
2020/05/31;1700 UTC;0;1006,8;1007,5;1006,8;2211;28,9;24;29,2;28,5;24,4;23;77;70;75;131;7;3,5;
2020/05/31;1800 UTC;0;1006,7;1006,8;1006,6;1920,1;29;24,2;29,1;28,3;24,5;23,5;78;73;75;130;7,1;3,1;
2020/05/31;1900 UTC;0;1006,9;1006,9;1006,7;792,7;28,3;23,7;29,1;28,3;24,3;23,3;77;73;76;145;7,4;4,2;
2020/05/31;2000 UTC;0;1007,2;1007,2;1006,9;223,2;27,5;23,8;28,3;27,5;24;23,7;81;76;80;140;7,4;3,6;
2020/05/31;2100 UTC;0;1007,7;1007,7;1007,2;8;26,9;24;27,5;26,9;24;23,8;84;80;84;143;6,2;2;
2020/05/31;2200 UTC;0;1008,1;1008,1;1007,7;;26,6;24,2;26,9;26,6;24,2;24;86;84;86;141;4;2,4;
2020/05/31;2300 UTC;0;1008,4;1008,4;1008,1;;26,5;24,1;26,6;26,5;24,2;24,1;87;86;87;142;4,1;2,3;
2020/06/01;0000 UTC;0;1009;1009;1008,4;;26,4;24;26,5;26,3;24,1;23,9;87;86;87;150;3,6;1,4;
2020/06/01;0100 UTC;0;1009,2;1009,3;1009;;25,9;24,2;26,4;25,9;24,2;23,8;90;86;90;143;4,9;2;
2020/06/01;0200 UTC;0;1009;1009,2;1009;;26,1;24,3;26,2;25,9;24,4;24,2;90;89;89;191;3,7;1,2;
2020/06/01;0300 UTC;0;1008,6;1009,1;1008,6;;25,6;23,6;26,1;25,6;24,3;23,6;89;89;89;189;3,3;1,7;
2020/06/01;0400 UTC;0;1008,1;1008,6;1008,1;;25;23,6;25,6;25;23,7;23,5;92;89;92;190;3,9;1,8;
2020/06/01;0500 UTC;0;1007,5;1008,1;1007,5;;24,2;23,1;25;24,2;23,6;23,1;94;92;94;214;3,1;1,7;
2020/06/01;0600 UTC;0;1007,1;1007,5;1007,1;;23,7;22,8;24,2;23,7;23,1;22,8;95;94;95;223;2,9;1,7;
2020/06/01;0700 UTC;0;1007,1;1007,1;1007;;23,7;22,9;23,8;23,6;22,9;22,8;95;95;95;199;3;1,2;
2020/06/01;0800 UTC;0;1007,6;1007,6;1007,1;;23,7;22,9;23,7;23,6;23;22,8;95;95;95;185;3,3;1,4;
2020/06/01;0900 UTC;0;1007,9;1007,9;1007,6;20,5;23,5;22,8;23,7;23,5;22,8;22,7;96;95;96;205;3,6;1,9;
2020/06/01;1000 UTC;0;1008,5;1008,5;1007,9;545,3;25,4;23,8;25,4;23,5;23,9;22,8;96;91;91;200;3,7;1,6;
2020/06/01;1100 UTC;0;1009,1;1009,1;1008,5;1458;26,9;24,2;26,9;25,4;24,3;23,5;91;84;85;189;4,5;2,1;
2020/06/01;1200 UTC;0;1009,1;1009,2;1009;1928,7;28,9;24,6;29;26,9;25,1;24;85;77;78;137;5,3;2,7;
2020/06/01;1300 UTC;0;1009,1;1009,2;1009;2465,1;29,2;24,8;29,2;28,6;24,9;23,9;79;75;77;130;6,6;3,5;
2020/06/01;1400 UTC;0;1008,6;1009,1;1008,6;3000,2;29,2;23,8;29,4;28,7;25;23,5;78;72;73;128;7,1;3,8;
2020/06/01;1500 UTC;0;1007,9;1008,6;1007,9;3088,5;28,9;24,3;29,6;28,7;24,7;23,4;77;71;76;129;6,7;3,4;
2020/06/01;1600 UTC;0;1007,4;1007,9;1007,4;2908,4;29;24,1;29,7;28,8;25;23,8;77;73;75;126;6;3,3;
2020/06/01;1700 UTC;0;1006,7;1007,4;1006,7;2554,4;29;24,4;29,7;28,9;25;24,1;78;74;76;113;5,9;3,1;
2020/06/01;1800 UTC;0;1006,7;1006,7;1006,4;1978,6;28,9;24,9;29,2;28,4;25,1;24;80;76;79;132;6,5;3;
2020/06/01;1900 UTC;0;1007;1007;1006,7;778,9;28,2;24,4;28,9;28;25;24,2;82;78;80;119;6,1;2,8;
2020/06/01;2000 UTC;0;1007,4;1007,5;1007;394,4;27,9;24,3;28,3;27,9;24,8;24,3;82;80;81;108;5,7;2,8;
2020/06/01;2100 UTC;,4;1008;1008;1007,4;32,7;25,6;23,4;27,9;25,3;24,6;23,4;90;81;88;104;7,7;2,1;
2020/06/01;2200 UTC;0;1008,3;1008,3;1007,9;;26;23,4;26;25,6;24;23,2;90;85;86;127;6,6;2,3;
2020/06/01;2300 UTC;0;1008,9;1008,9;1008,3;;26,4;23,5;26,4;25,9;23,7;22,9;87;83;84;120;6,2;2,6;
2020/06/02;0000 UTC;0;1009,5;1009,5;1008,9;;25,8;24;26,6;25,8;24,1;23,4;90;83;90;131;9;5,5;
2020/06/02;0100 UTC;0;1009,3;1009,5;1009,3;;25,8;23,2;25,8;25,6;23,9;23,1;90;86;86;147;8,9;3,2;
2020/06/02;0200 UTC;0;1009,3;1009,5;1009,2;;25,7;23,4;26,1;25,6;23,4;22,3;88;80;87;142;7;4;
2020/06/02;0300 UTC;0;1008,9;1009,3;1008,9;;25,2;22,8;25,7;25,2;23,4;22,8;88;85;87;175;7,2;2,5;
2020/06/02;0400 UTC;0;1008,3;1008,9;1008,3;;25,5;23,4;25,5;25,1;23,4;22,8;88;87;88;154;5,2;3;
2020/06/02;0500 UTC;0;1007,8;1008,3;1007,7;;25;23,3;25,5;25;23,3;23,2;90;88;90;166;5;2,2;
2020/06/02;0600 UTC;0;1007,7;1007,9;1007,7;;25;23,4;25;24,8;23,4;23,2;91;90;91;171;3,6;1,8;
2020/06/02;0700 UTC;0;1008,1;1008,1;1007,6;;25,3;23,2;25,3;25;23,6;23;91;88;88;129;5,7;2,2;
2020/06/02;0800 UTC;0;1008,3;1008,3;1008;;25,1;23,1;25,3;25;23,2;23;89;88;88;179;4,9;2,3;
2020/06/02;0900 UTC;0;1008,8;1008,8;1008,3;34;24,6;23,1;25,1;24,5;23,1;22,7;92;88;92;211;4,1;1,4;
2020/06/02;1000 UTC;0;1009,4;1009,4;1008,8;471,9;25,4;23,4;25,6;24,6;23,9;23,2;92;88;88;192;4,3;2;
2020/06/02;1100 UTC;0;1009,9;1009,9;1009,4;1490,8;27;23,3;27,3;25,4;24,1;23,3;89;80;80;179;4,8;2,9;
2020/06/02;1200 UTC;0;1010,1;1010,2;1009,8;2284,7;28,9;23,9;29;27;24,4;23,3;81;73;75;132;5,3;3,2;
2020/06/02;1300 UTC;0;1009,6;1010,1;1009,6;2520,3;28,8;23,2;29,5;28,5;24,3;22,4;77;69;72;141;6,9;4,1;
2020/06/02;1400 UTC;0;1009;1009,6;1009;3246,3;29,4;23,7;29,8;28,7;24,2;22,8;74;69;71;193;6,9;2,9;
2020/06/02;1500 UTC;0;1008,2;1009;1008,2;2870,3;29,4;22,6;30,2;29;24,3;22,6;72;67;67;126;6,9;4;
2020/06/02;1600 UTC;0;1007,3;1008,2;1007,3;2881,1;29,4;22,7;30,3;29,1;23,9;22,4;70;66;67;121;6,6;3,7;
2020/06/02;1700 UTC;0;1006,9;1007,3;1006,9;2579,6;29,5;23,9;30,2;29,2;24,3;23;73;67;72;129;7,8;4,6;
2020/06/02;1800 UTC;0;1006,8;1006,9;1006,6;2014,5;29,1;23,9;29,6;28,8;24,2;23;75;69;74;120;7,6;3,6;
2020/06/02;1900 UTC;0;1006,9;1006,9;1006,7;763,2;28,5;24;29,1;28,4;24;23,3;77;72;77;126;6,1;3,7;
2020/06/02;2000 UTC;0;1007,1;1007,1;1006,9;253,2;27,8;24,2;28,7;27,8;24,7;23,9;81;76;81;138;6,9;4,1;
2020/06/02;2100 UTC;0;1007,9;1007,9;1007,1;16,6;27,4;24;27,8;27,4;24,3;24;82;81;82;140;6,9;3;
2020/06/02;2200 UTC;0;1008,4;1008,4;1007,9;;27,2;24,5;27,4;27,1;24,5;24;85;82;85;142;5,3;3;
2020/06/02;2300 UTC;0;1009,2;1009,2;1008,4;;27,1;24,6;27,2;27,1;24,6;24,4;86;85;86;140;6,1;3;
2020/06/03;0000 UTC;0;1009,4;1009,5;1009,2;;27,1;24,4;27,2;27,1;24,6;24,4;86;85;85;147;6,2;3;
2020/06/03;0100 UTC;0;1009,3;1009,5;1009,3;;26,8;24,5;27,1;26,8;24,6;24,4;87;85;87;163;5,5;2,9;
2020/06/03;0200 UTC;0;1009,1;1009,3;1009,1;;26,6;24,4;26,8;26,5;24,5;24,3;89;87;88;158;5,1;2,7;
2020/06/03;0300 UTC;0;1008,7;1009,1;1008,7;;25,9;24,1;26,6;25,9;24,4;24,1;90;88;90;185;4,7;2,2;
2020/06/03;0400 UTC;0;1008,2;1008,7;1008,2;;25,4;24,1;25,9;25,4;24,2;24;92;90;92;192;4,3;2,7;
2020/06/03;0500 UTC;0;1007,8;1008,2;1007,8;;24,8;23,7;25,4;24,8;24;23,7;94;92;94;195;4,5;1,7;
2020/06/03;0600 UTC;0;1007,6;1007,8;1007,4;;24,4;23,6;24,8;24,4;23,7;23,5;95;94;95;195;4,5;2;
2020/06/03;0700 UTC;0;1007,8;1007,9;1007,5;;24,1;23,4;24,4;24,1;23,6;23,4;96;95;96;198;4,3;1,6;
2020/06/03;0800 UTC;0;1008,4;1008,4;1007,8;;24,1;23,3;24,3;24,1;23,5;23,3;96;95;95;191;5,1;2,3;
2020/06/03;0900 UTC;0;1009,2;1009,2;1008,4;9,6;24,2;23,3;24,2;24;23,3;23,1;95;94;94;189;5,5;3,1;
2020/06/03;1000 UTC;1,4;1010,5;1010,6;1009,2;291,5;25,1;24;25,1;24,2;24,1;23,3;95;94;94;178;6,6;3,1;
2020/06/03;1100 UTC;0;1011,4;1011,4;1010,5;570;26;24,3;26;24,9;24,3;23,8;94;90;90;175;6,6;2,1;
2020/06/03;1200 UTC;0;1011,6;1011,6;1011,4;1532,4;28,6;24,5;28,7;26;24,9;24,1;90;77;79;137;7,3;3,9;
2020/06/03;1300 UTC;0;1010,6;1011,6;1010,6;2151,3;29,3;24,2;29,7;28,4;25;23,6;79;72;74;147;7,8;4,1;
2020/06/03;1400 UTC;0;1009,8;1010,6;1009,8;2653,7;29,4;23,4;30,2;29;24,4;23,1;75;68;70;124;8,6;4,3;
2020/06/03;1500 UTC;0;1009;1009,8;1009;2276,2;28,9;23,9;30;28,9;24,6;23,4;75;70;75;135;7,7;4,6;
2020/06/03;1600 UTC;0;1008,1;1009;1008,1;1880,1;29,3;23,8;29,5;28,7;24,2;23,1;75;69;72;146;8,5;4,5;
2020/06/03;1700 UTC;0;1007,2;1008,1;1007,1;2314,6;29,3;23,6;29,7;28,6;24,4;23,3;77;70;72;139;9,1;4,6;
2020/06/03;1800 UTC;0;1006,9;1007,2;1006,9;1882,2;29,2;24;29,6;28,1;24,4;22,6;80;68;73;138;8,3;4,2;
2020/06/03;1900 UTC;0;1007,3;1007,3;1006,9;762,9;28,3;24;29,3;28,2;24;23,3;78;71;78;131;7,8;3,5;
2020/06/03;2000 UTC;0;1007,7;1007,7;1007,3;244,4;27,5;24,2;28,3;27,5;24,3;23,9;82;78;82;129;7,2;3,2;
2020/06/03;2100 UTC;0;1008,3;1008,3;1007,7;18,8;27,4;24;27,6;27,3;24,3;23,9;83;81;82;140;6,9;3,4;
2020/06/03;2200 UTC;0;1008,6;1008,6;1008,3;;27,2;23,9;27,4;27,2;24;23,7;82;81;82;145;7,2;3,3;
2020/06/03;2300 UTC;0;1009,3;1009,3;1008,6;;27,2;23,6;27,4;27,1;24;23,6;83;80;81;141;6,9;3;
2020/06/04;0000 UTC;0;1009,7;1009,7;1009,3;;27,3;23,5;27,4;27,2;23,6;23,4;81;79;80;141;6,7;3,3;
2020/06/04;0100 UTC;0;1009,8;1009,8;1009,7;;27,1;23,5;27,4;27,1;23,6;23,3;81;79;81;145;7,1;3,2;
2020/06/04;0200 UTC;0;1009,4;1009,8;1009,4;;26,8;23,4;27,1;26,8;23,5;23,4;82;81;82;151;5,2;3;
2020/06/04;0300 UTC;0;1008,8;1009,4;1008,8;;26,7;23,6;27,1;26,5;23,7;23,4;84;81;83;161;5,1;2,2;
2020/06/04;0400 UTC;0;1007,9;1008,8;1007,9;;25,6;23,2;26,7;25,6;23,6;23,2;87;83;87;200;5,1;1,8;
2020/06/04;0500 UTC;0;1007,5;1007,9;1007,5;;24,9;23,2;25,6;24,9;23,4;23,1;90;87;90;209;4;1,9;
2020/06/04;0600 UTC;0;1007;1007,5;1007;;24,6;23,1;24,9;24,6;23,3;23,1;91;90;91;187;4,3;2,3;
2020/06/04;0700 UTC;0;1007,1;1007,2;1007;;24,5;23,2;24,6;24,4;23,2;23;92;91;92;186;5,4;2,3;
2020/06/04;0800 UTC;0;1007,4;1007,4;1007,1;;24,3;23,2;24,6;24,2;23,3;23;94;92;94;202;4,2;1,9;
2020/06/04;0900 UTC;0;1008,3;1008,3;1007,4;17;24,4;23,3;24,5;24,3;23,3;23,1;94;93;93;193;4,6;1,7;
2020/06/04;1000 UTC;0;1008,9;1008,9;1008,3;258,2;24,8;23,5;24,9;24,4;23,6;23,3;93;92;92;187;5,7;2,7;
2020/06/04;1100 UTC;0;1009,3;1009,3;1008,9;1489;27,8;24,5;27,8;24,8;24,7;23,5;93;82;82;182;6,5;3,3;
2020/06/04;1200 UTC;0;1009,4;1009,4;1009,2;2063,9;28,7;23,8;29,2;27,8;24,6;23,4;82;72;75;143;10,5;5,7;
2020/06/04;1300 UTC;0;1009,5;1009,9;1009,4;2504;29,5;23,8;29,9;28,7;24,3;23,2;75;70;72;152;10,8;5,4;
2020/06/04;1400 UTC;0;1009,5;1009,7;1009,4;2998,4;29,5;24,5;29,9;29,1;25;23,5;76;69;74;140;10,8;5,3;
2020/06/04;1500 UTC;0;1008,7;1009,5;1008,7;3153,1;29,9;24,1;30,5;29,3;25,2;23,8;76;69;71;139;10,7;5,1;
2020/06/04;1600 UTC;0;1007,8;1008,7;1007,8;2929,5;29,9;24,2;30,7;29,4;25;23,8;74;70;71;140;9,4;5,2;
2020/06/04;1700 UTC;0;1007,1;1007,8;1007,1;2498,6;29,8;24,5;30,2;29,3;25;23,7;76;71;73;139;10,6;5,9;
2020/06/04;1800 UTC;0;1006,9;1007,1;1006,9;1779;29;23,5;29,8;29;24,9;23,4;76;70;72;143;11,1;6,1;
2020/06/04;1900 UTC;0;1007,2;1007,2;1006,9;812,2;28,5;23,5;29,4;28,5;23,9;23,2;75;71;75;139;10;6,1;
2020/06/04;2000 UTC;0;1007,6;1007,6;1007,2;347,1;28,4;23,5;28,9;28,4;23,9;23,4;75;74;75;154;10;5,1;
2020/06/04;2100 UTC;0;1008,3;1008,3;1007,6;14,7;27,8;23,4;28,4;27,8;23,5;23,3;77;75;77;152;8,8;3,2;
2020/06/04;2200 UTC;0;1008,9;1008,9;1008,3;;27,7;23,4;27,9;27,7;23,6;23,3;78;77;78;146;7,1;3,9;
2020/06/04;2300 UTC;0;1009,2;1009,2;1008,9;;27,7;23,5;27,8;27,6;23,7;23,3;79;77;78;147;7,4;3,7;
2020/06/05;0000 UTC;0;1009,5;1009,5;1009,2;;27,6;23,6;27,7;27,5;23,6;23,3;79;77;79;160;7,2;3,4;
2020/06/05;0100 UTC;,8;1009,7;1009,8;1009,5;;26,3;24,1;27,6;26;24,3;23,3;89;78;88;148;8,1;3,3;
2020/06/05;0200 UTC;0;1009,6;1009,9;1009,6;,2;26,9;23,9;26,9;26,2;24,1;23,7;88;84;84;145;6,9;3,1;
2020/06/05;0300 UTC;0;1009,3;1009,6;1009,3;;25,6;23,4;26,9;25,6;23,9;23,4;88;83;88;213;5,5;1,7;
2020/06/05;0400 UTC;0;1008,7;1009,3;1008,7;;24,8;23,2;25,6;24,8;23,5;23,2;91;88;91;216;3,4;1,6;
2020/06/05;0500 UTC;0;1008,4;1008,7;1008,3;;24,2;22,9;24,8;24,2;23,2;22,9;92;91;92;215;3,6;1,8;
2020/06/05;0600 UTC;0;1007,9;1008,4;1007,9;;23,9;22,8;24,2;23,9;22,9;22,8;93;92;93;211;3,3;1,7;
2020/06/05;0700 UTC;0;1007,9;1008;1007,8;;23,9;22,7;24;23,8;22,9;22,7;94;93;93;185;3,7;1,8;
2020/06/05;0800 UTC;,2;1008,2;1008,3;1007,9;;23,8;22,8;23,9;23,6;22,9;22,5;94;93;94;178;4,2;2,5;
2020/06/05;0900 UTC;2,8;1008,9;1008,9;1008,2;10,1;23,8;23,1;24;23,7;23,1;22,8;96;94;96;179;6,8;3,9;
2020/06/05;1000 UTC;,8;1009,6;1009,6;1008,8;529,3;24,8;23,8;24,8;23,8;24,1;23;96;95;95;192;6,8;2,5;
2020/06/05;1100 UTC;0;1010,4;1010,4;1009,6;1472,7;26,7;23,9;27,1;24,8;24,7;23,9;95;85;85;188;5;2,6;
2020/06/05;1200 UTC;0;1010,4;1010,5;1010,3;1875;28;24;28,3;26,7;24,6;23,8;86;78;79;173;5,7;3,5;
2020/06/05;1300 UTC;,2;1010,6;1010,6;1010,4;2506,1;28,8;23,5;29,7;28;25;23;80;71;73;140;7,6;4,7;
2020/06/05;1400 UTC;0;1010;1010,6;1010;3078,3;29;24,2;29,4;28,6;24,6;22,7;77;68;75;133;9;5,4;
2020/06/05;1500 UTC;0;1009,3;1010;1009,2;2994;29,7;23,7;29,8;28,5;24,9;22,9;78;68;70;153;9,1;5,4;
2020/06/05;1600 UTC;0;1008,7;1009,3;1008,7;2845,3;29,3;23,9;29,8;28,9;24,3;23;74;69;73;139;9,3;4,8;
2020/06/05;1700 UTC;0;1008,3;1008,8;1008,3;1391,7;27,8;22,8;29,3;26,9;23,9;22,4;81;73;74;165;12,1;5,3;
2020/06/05;1800 UTC;0;1008,2;1008,3;1008,2;952;27,9;22,2;28,3;27,5;23,3;22,2;77;71;71;138;9,6;4,8;
2020/06/05;1900 UTC;0;1008,3;1008,5;1008,2;718,2;26,4;24,3;27,9;26,3;24,4;22,2;88;71;88;118;7,9;3,4;
2020/06/05;2000 UTC;0;1008,5;1008,5;1008,3;214,8;26,4;24,2;26,7;26,4;24,4;24,1;88;87;88;120;5,9;3,1;
2020/06/05;2100 UTC;0;1008,7;1008,8;1008,5;9,2;27,1;23,7;27,2;26,3;24,3;23,4;88;80;82;149;7,4;3,4;
2020/06/05;2200 UTC;0;1009,3;1009,3;1008,7;;26,9;23,4;27,2;26,9;23,7;22,8;82;78;81;160;7,8;4,2;
2020/06/05;2300 UTC;0;1010,1;1010,1;1009,3;;26,4;23,1;27;26,4;23,4;22,9;82;79;82;168;7,4;3,4;
2020/06/06;0000 UTC;0;1010,7;1010,7;1010,1;;26;23;26,5;26;23,1;22,9;84;82;84;172;5,9;3;
2020/06/06;0100 UTC;0;1010,7;1010,8;1010,7;;25,3;22,9;26;25,3;23;22,9;86;84;86;183;6,1;3,1;
2020/06/06;0200 UTC;0;1010,5;1010,7;1010,4;;25;22,9;25,3;25;22,9;22,8;88;86;88;182;5,5;3;
2020/06/06;0300 UTC;0;1010,1;1010,5;1010,1;;24,6;22,7;25;24,6;22,9;22,7;89;88;89;185;5,7;3,3;
2020/06/06;0400 UTC;0;1009,6;1010,1;1009,6;;24,6;22,9;24,7;24,5;22,9;22,7;90;89;90;191;6,1;3;
2020/06/06;0500 UTC;0;1009,2;1009,6;1009,2;;24,3;22,7;24,6;24,2;22,9;22,6;91;90;91;186;5,3;2,8;
2020/06/06;0600 UTC;0;1008,8;1009,2;1008,8;;24,2;22,6;24,4;24,2;22,8;22,6;91;91;91;194;5,6;2,7;
2020/06/06;0700 UTC;0;1008,8;1008,9;1008,7;;24,1;22,5;24,3;24,1;22,6;22,4;91;90;91;194;5,7;3,2;
2020/06/06;0800 UTC;0;1008,8;1009;1008,8;;23,9;22,6;24,2;23,9;22,6;22,5;92;91;92;201;6,2;3,1;
2020/06/06;0900 UTC;0;1008,8;1008,8;1008,6;19;24;22,7;24,1;23,9;22,8;22,5;93;92;92;199;6,8;3;
2020/06/06;1000 UTC;0;1009;1009;1008,7;512,9;25,1;22,8;25,1;24;23,1;22,7;92;87;88;189;6,7;3,2;
2020/06/06;1100 UTC;0;1009,4;1009,4;1009;1480,5;26,7;22,7;26,8;25;23,1;22,7;88;79;79;190;8,4;4,5;
2020/06/06;1200 UTC;0;1009,7;1009,7;1009,4;1615,9;27,9;23,5;27,9;26,4;23,5;22,6;80;75;77;183;8,7;4,3;
2020/06/06;1300 UTC;0;1009,3;1009,8;1009,3;2016,6;28,6;23,1;28,8;27,8;23,6;22,7;77;71;72;181;8,5;4,8;
2020/06/06;1400 UTC;0;1008,7;1009,3;1008,7;2241,7;29,6;23;29,8;28,4;23,9;22,7;73;67;68;163;11,8;5,5;
2020/06/06;1500 UTC;0;1008,1;1008,7;1008,1;1821,8;29,4;23,7;30,2;28,8;23,9;22,2;73;65;71;144;11,8;5,2;
2020/06/06;1600 UTC;0;1007,5;1008,1;1007,5;1413;28,3;24;29,5;27,3;24,2;22,7;82;68;77;133;11;5;
2020/06/06;1700 UTC;0;1006,8;1007,6;1006,8;1093,4;28,3;24,2;28,5;27,8;24,9;23,4;83;75;79;134;9,9;4,8;
2020/06/06;1800 UTC;0;1006,9;1007,1;1006,6;900,3;27,5;24,2;28,8;27,5;24,9;23,6;82;75;82;130;10,5;4,4;
2020/06/06;1900 UTC;0;1007,5;1007,5;1006,9;127,9;27,3;24,1;27,6;27,2;24,3;24;84;82;83;139;10,6;5,5;
2020/06/06;2000 UTC;0;1007,7;1007,7;1007,4;83;26,9;24;27,3;26,8;24,4;23,9;86;82;84;156;11,1;4,6;
2020/06/06;2100 UTC;0;1008,2;1008,2;1007,7;11,9;26,4;23,8;26,9;26,3;24;23,8;86;84;86;169;11;3,8;
2020/06/06;2200 UTC;,2;1008,8;1008,8;1008,2;;25,5;23,7;26,4;25,2;23,9;23,2;91;84;90;174;6,8;3,2;
2020/06/06;2300 UTC;0;1009,2;1009,3;1008,8;;25,1;23,5;25,5;25,1;23,7;23,4;91;90;91;185;7;3,5;
2020/06/07;0000 UTC;0;1009,8;1009,8;1009,2;;24,7;23,3;25,1;24,7;23,4;23,2;91;91;91;202;6,5;3;
2020/06/07;0100 UTC;1;1010,1;1010,2;1009,8;;24,3;23,3;24,7;24,2;23,3;23,1;95;91;95;187;6,4;2,3;
2020/06/07;0200 UTC;,4;1010,1;1010,1;1009,9;;24,1;23,3;24,3;24,1;23,3;23,2;95;95;95;201;6,6;2,3;
2020/06/07;0300 UTC;2;1009,9;1010,3;1009,9;;23,8;23;24,1;23,8;23,3;23;95;95;95;190;5,8;3,2;
2020/06/07;0400 UTC;8,4;1009,6;1009,9;1009,5;;23,6;23;23,8;23,4;23;22,8;97;95;97;199;6,9;2,5;
2020/06/07;0500 UTC;,2;1009,2;1009,6;1009,1;;23,6;23;23,7;23,5;23,1;22,9;97;97;97;191;6,8;3,3;
2020/06/07;0600 UTC;,4;1008,4;1009,2;1008,4;;23,5;22,9;23,6;23,5;23;22,8;97;96;96;193;7,8;4;
2020/06/07;0700 UTC;,2;1008,8;1008,8;1008,4;;23,5;22,7;23,6;23,4;22,9;22,7;96;96;96;178;7,8;3,7;
2020/06/07;0800 UTC;0;1009,2;1009,2;1008,8;0;23,4;22,6;23,5;23,4;22,8;22,5;96;95;95;179;7;2,8;
2020/06/07;0900 UTC;0;1009;1009,2;1008,8;11,1;23,3;22,3;23,5;23,2;22,6;22,3;95;94;95;198;8,6;2,9;
2020/06/07;1000 UTC;,2;1009,8;1009,8;1009;55,7;23,3;22,2;23,4;23,3;22,4;22,2;95;93;94;204;6,4;2,2;
2020/06/07;1100 UTC;,2;1010,4;1010,4;1009,8;180,6;23,5;22,4;23,8;23,3;22,6;22,2;94;92;93;189;5,7;2,7;
2020/06/07;1200 UTC;,6;1010,9;1010,9;1010,3;473,5;24,8;23,2;24,8;23,5;23,4;22,4;94;91;91;185;5,5;2,6;
2020/06/07;1300 UTC;,2;1011;1011;1010,8;617,4;25;23,1;25,3;24,8;23,6;23;91;89;89;157;5,9;3,2;
2020/06/07;1400 UTC;0;1010,5;1011;1010,5;1168,4;26,3;23,7;26,4;24,6;24,2;23;92;85;86;172;6,9;3,9;
2020/06/07;1500 UTC;0;1010;1010,5;1010;2166,8;27,8;23,8;28,1;26,3;24,2;23;86;76;79;168;8;4,7;
2020/06/07;1600 UTC;0;1009,3;1010;1009,3;2581,1;27,9;22,9;28;26,8;24,2;22,5;84;73;74;167;9,8;5,9;
2020/06/07;1700 UTC;0;1008,7;1009,3;1008,7;1912;27,6;23,8;28,5;27,2;23,8;22,6;80;73;80;155;9;4,7;
2020/06/07;1800 UTC;0;1008,5;1008,8;1008,5;1311,3;26,9;23,4;28,2;26,6;23,7;22,8;83;75;81;148;8,6;4,3;
2020/06/07;1900 UTC;0;1008,4;1008,6;1008,4;320;26,5;23;27,1;26,5;23,5;22,8;81;78;81;164;6,9;3,7;
2020/06/07;2000 UTC;0;1008,5;1008,5;1008,3;147,7;25,8;22,6;26,5;25,8;23,2;22,5;84;81;82;176;6,8;3,3;
2020/06/07;2100 UTC;0;1009;1009;1008,5;12,4;25,2;22,7;25,8;25,1;22,8;22,6;87;82;86;180;5,6;2,8;
2020/06/07;2200 UTC;0;1009,4;1009,4;1009;;25;22,3;25,2;25;22,8;22,2;87;84;85;168;5,2;2,6;
2020/06/07;2300 UTC;0;1009,6;1009,6;1009,4;;24,8;22,2;25;24,8;22,3;22,2;86;85;85;179;5,1;2,7;
2020/06/08;0000 UTC;0;1009,8;1009,8;1009,6;;24,6;22;24,8;24,5;22,2;22;87;85;86;188;5,4;3;
2020/06/08;0100 UTC;0;1009,9;1010;1009,7;;24,2;21,9;24,6;24,2;22;21,8;87;86;87;192;5,4;1,6;
2020/06/08;0200 UTC;0;1009,8;1009,9;1009,7;;24,1;21,9;24,3;24;22;21,8;87;87;87;179;4,7;1,8;
2020/06/08;0300 UTC;0;1009,5;1009,9;1009,5;;24,2;22,2;24,2;23,9;22,2;21,8;89;87;89;188;4,5;2,3;
2020/06/08;0400 UTC;0;1008,9;1009,5;1008,9;;23,8;22;24,2;23,8;22,2;22;90;88;90;196;4,9;1,8;
2020/06/08;0500 UTC;0;1008,5;1008,9;1008,5;;23,8;22,1;23,9;23,7;22,2;22;90;90;90;184;6,1;3,1;
2020/06/08;0600 UTC;0;1008,2;1008,5;1008,2;;23,2;21,6;23,8;23,2;22,1;21,6;90;90;90;208;6,1;1,9;
2020/06/08;0700 UTC;0;1008,2;1008,2;1008,1;;23,3;21,5;23,3;23,2;21,7;21,5;90;90;90;184;4,7;2;
2020/06/08;0800 UTC;0;1008,3;1008,3;1008,1;;23,4;21,4;23,5;23,2;21,6;21,4;90;88;88;179;5,1;2,9;
2020/06/08;0900 UTC;0;1008,4;1008,5;1008,3;23,6;23,4;21,6;23,4;23,1;21,6;21,3;90;88;90;184;5,1;2,9;
2020/06/08;1000 UTC;0;1008,9;1008,9;1008,4;486,9;24,7;22,1;24,7;23,4;22,1;21,6;90;85;86;182;6,4;2,8;
2020/06/08;1100 UTC;0;1009,2;1009,2;1008,9;1290,3;26,1;22,4;26,1;24,7;22,7;21,8;86;79;80;174;6,9;3,9;
2020/06/08;1200 UTC;0;1009,3;1009,4;1009,1;2139,6;28,1;22;28,2;26;22,9;21,9;80;70;70;198;6,9;3,6;
2020/06/08;1300 UTC;0;1009;1009,3;1008,9;2411,2;29;22,1;29,5;28;22,7;21,6;71;65;66;158;6,9;3,4;
2020/06/08;1400 UTC;0;1008,4;1009;1008,4;2828,1;28,9;22,3;29,5;28,7;23,5;21,8;70;64;68;124;7,7;4,8;
2020/06/08;1500 UTC;0;1008,2;1008,5;1008,2;3091;28,7;23;29,6;28,6;23,3;22;72;65;71;128;10,1;5,5;
2020/06/08;1600 UTC;0;1007,5;1008,1;1007,5;2958,5;28,3;24,2;29,4;27,9;24,2;22,8;79;70;79;126;10,3;5,3;
2020/06/08;1700 UTC;0;1006,7;1007,5;1006,7;2408,5;28;24,3;28,6;27,5;24,6;23,7;82;77;80;123;8,7;5,1;
2020/06/08;1800 UTC;0;1006,5;1006,7;1006,4;1936,9;27,9;23,5;28,4;27,7;24;22,9;80;74;77;128;8,4;4,7;
2020/06/08;1900 UTC;0;1006,5;1006,7;1006,4;770,8;27,5;24;28,2;27,4;24,2;23,5;82;76;81;146;8,4;4,5;
2020/06/08;2000 UTC;0;1006,8;1006,8;1006,5;265,1;27,1;24;27,6;27;24,3;23,8;84;81;83;136;8,1;4;
2020/06/08;2100 UTC;0;1007,2;1007,2;1006,8;13,1;27;23,6;27,2;26,9;23,9;23,4;83;80;82;157;7,7;2,8;
2020/06/08;2200 UTC;0;1007,7;1007,7;1007,2;;26,7;23,7;27;26,7;23,7;23,4;84;81;84;150;7,3;2,5;
2020/06/08;2300 UTC;0;1008,1;1008,1;1007,6;;26,5;23,6;26,7;26,5;23,7;23,6;84;83;84;167;6,1;2,6;
2020/06/09;0000 UTC;0;1008,4;1008,5;1008,1;;26,1;23,4;26,5;26,1;23,6;23,4;86;84;85;164;4,4;2,1;
2020/06/09;0100 UTC;0;1008,8;1008,8;1008,5;;25,9;23,5;26,1;25,8;23,5;23,3;87;85;87;165;5,4;3,4;
2020/06/09;0200 UTC;0;1008,7;1008,8;1008,7;;25,4;23,2;25,9;25,4;23,5;23,2;88;86;88;186;6,6;2,7;
2020/06/09;0300 UTC;0;1008,3;1008,7;1008,3;;25;23;25,4;25;23,2;23;89;88;89;181;6,5;2,5;
2020/06/09;0400 UTC;0;1007,9;1008,3;1007,9;;24,8;22,7;25;24,7;23;22,7;89;88;89;185;5,7;2,5;
2020/06/09;0500 UTC;0;1007,2;1007,9;1007,2;;24,4;22,4;24,8;24,4;22,7;22,4;89;88;89;194;5,3;2,7;
2020/06/09;0600 UTC;0;1007,1;1007,2;1007;;24;22,2;24,4;23,9;22,4;22,1;90;89;89;191;6,1;2,8;
2020/06/09;0700 UTC;0;1007,2;1007,2;1007;;24,1;21,8;24,1;24;22,1;21,8;89;87;87;184;6,1;2,7;
2020/06/09;0800 UTC;0;1007,6;1007,6;1007,2;;24,1;21,8;24,2;24;21,9;21,7;87;87;87;171;5,4;2,8;
2020/06/09;0900 UTC;0;1007,9;1007,9;1007,6;12,3;23,8;21,7;24,1;23,8;21,8;21,6;88;87;88;173;6;3,1;
2020/06/09;1000 UTC;0;1008,1;1008,1;1007,8;108,4;23,8;21,7;24;23,8;21,7;21,6;88;87;88;179;6,9;3,1;
2020/06/09;1100 UTC;0;1008,6;1008,6;1008,1;787;26,1;22,9;26,1;23,8;22,9;21,7;88;82;83;180;7,8;2,9;
2020/06/09;1200 UTC;0;1008,8;1008,8;1008,6;2348,1;27,9;23,3;28,2;26,1;23,6;22,5;83;73;76;169;6,3;3,1;
2020/06/09;1300 UTC;0;1008,9;1008,9;1008,8;2544,2;28,7;23,7;29,4;27,3;24,7;22,3;77;72;74;102;5,4;3;
2020/06/09;1400 UTC;0;1008,5;1008,9;1008,5;2314,3;27,9;23,2;28,7;27,6;23,9;22,7;78;74;76;126;7,2;3,8;
2020/06/09;1500 UTC;0;1007,9;1008,5;1007,9;3320,4;28,3;23,6;29,4;27,9;24,4;22,9;77;71;76;124;6,5;3,9;
2020/06/09;1600 UTC;0;1007,2;1007,9;1007,2;2514,8;28,2;23,8;29,2;28;24;22,4;77;69;77;129;6,8;4,2;
2020/06/09;1700 UTC;0;1006,7;1007,2;1006,7;2331,5;27,4;24,1;28,8;27,2;24,5;23,1;84;73;82;128;10,2;5;
2020/06/09;1800 UTC;0;1006,4;1006,7;1006,3;1852,8;27,7;23,5;28,3;27,3;24,4;22,9;83;74;78;129;8,2;4,4;
2020/06/09;1900 UTC;0;1006,5;1006,5;1006,4;849,1;27,3;23,9;28;27,1;24,5;23,4;83;78;82;139;7,6;4,1;
2020/06/09;2000 UTC;0;1006,9;1006,9;1006,5;148,4;26,6;23,9;27,3;26,5;23,9;23,5;85;81;85;141;7;3,6;
2020/06/09;2100 UTC;0;1007,1;1007,1;1006,9;4,8;26,3;23,7;26,6;26,3;24;23,7;87;85;85;145;8;4,1;
2020/06/09;2200 UTC;0;1007,7;1007,7;1007,1;;26;23,2;26,4;25,8;23,9;22,8;87;83;85;146;8;3;
2020/06/09;2300 UTC;11;1008,8;1008,8;1007,7;;23,8;23,2;26,3;23,5;23,6;22;97;84;97;95;11,6;3;
2020/06/10;0000 UTC;30,6;1009,2;1009,3;1008,8;;23,5;23,2;23,9;23,3;23,4;22,9;98;97;98;151;6,6;3;
2020/06/10;0100 UTC;4;1009,1;1009,3;1009,1;;24,2;23,8;24,2;23,4;23,8;23,1;98;97;97;112;5,5;2,5;
2020/06/10;0200 UTC;,6;1008,9;1009,1;1008,8;;24,7;24;24,7;24,2;24;23,5;97;96;96;124;4,8;2,3;
2020/06/10;0300 UTC;0;1008,8;1008,9;1008,7;3,5;24,8;22,7;25;24,7;23,9;22,7;96;88;88;133;4,7;1,5;
2020/06/10;0400 UTC;0;1007,9;1008,8;1007,9;4,2;24,9;22,3;25,1;24,4;22,7;22,1;88;85;85;170;3,5;2;
2020/06/10;0500 UTC;0;1007,2;1007,9;1007,2;;23,9;22,7;24,9;23,9;22,7;22,2;93;85;93;227;3,8;1,7;
2020/06/10;0600 UTC;0;1007;1007,2;1007;;23,8;22,8;24;23,8;23;22,7;95;93;95;221;4,2;1,9;
2020/06/10;0700 UTC;0;1007;1007;1006,8;;23,6;22,6;23,8;23,6;22,8;22,6;95;94;94;187;3,3;1,8;
2020/06/10;0800 UTC;0;1007,5;1007,5;1007;;23,2;22,1;23,7;23,2;22,6;22,1;94;93;94;219;4,3;1,5;
2020/06/10;0900 UTC;0;1007,7;1007,8;1007,5;15,4;23;22,2;23,2;22,9;22,2;22;95;94;95;209;3,5;1,8;
2020/06/10;1000 UTC;0;1008,1;1008,1;1007,7;495,4;24,6;22,8;24,6;23;23;22,3;95;90;90;187;3,7;2,2;
2020/06/10;1100 UTC;0;1008,6;1008,6;1008,1;1439,3;26,5;23,7;26,5;24,6;23,9;22,7;90;84;85;197;5;2,2;
2020/06/10;1200 UTC;0;1009;1009,1;1008,5;1941,8;28;24,1;28,3;26,4;24,7;23,5;85;78;79;164;5,1;3,3;
2020/06/10;1300 UTC;0;1009;1009,1;1008,9;2412;28,8;24,1;29,1;27,4;24,4;23,1;80;72;76;133;6,3;3,5;
2020/06/10;1400 UTC;0;1008,7;1009,1;1008,7;3002,1;29;24,2;29,4;28,4;24,8;23,5;78;73;75;148;8,7;4,3;
2020/06/10;1500 UTC;0;1007,9;1008,7;1007,9;3109,8;29,1;24,1;29,2;28,4;24,5;22,8;76;71;74;136;8,4;4,6;
2020/06/10;1600 UTC;0;1007,6;1007,9;1007,5;2830,2;29;23,7;29,5;28,5;24,3;22,8;75;69;73;137;8,6;4,3;
2020/06/10;1700 UTC;0;1007,1;1007,6;1007;2439,6;28,3;23,5;29,3;28,2;25;23,4;79;73;75;136;9;4,7;
2020/06/10;1800 UTC;0;1007,3;1007,3;1007;1956,7;28,7;24,3;28,9;28,2;24,8;23,4;80;73;77;139;8,5;4,4;
2020/06/10;1900 UTC;0;1007,7;1007,7;1007,2;865,1;26,2;22,9;28,7;26;24,7;22,9;85;76;82;122;8,6;4;
2020/06/10;2000 UTC;0;1008;1008;1007,4;242,2;26,4;24,1;26,4;25,9;24,2;23;88;82;87;138;7,4;3,4;
2020/06/10;2100 UTC;0;1008,3;1008,3;1007,9;11,2;26;23,8;26,6;26;24,1;23,6;88;84;88;154;6,5;3,5;
2020/06/10;2200 UTC;8,2;1008,6;1008,6;1008,3;0;24,3;23,7;26;24,1;23,9;23;96;87;96;137;8,2;3,6;
2020/06/10;2300 UTC;,2;1008,9;1008,9;1008,4;;24,5;23,8;24,6;24,3;23,8;23,6;96;95;96;198;6,9;,8;
2020/06/11;0000 UTC;,4;1009,8;1009,8;1008,8;,6;25;23,9;25;24,5;24,1;23,8;96;94;94;172;4,9;2,9;
2020/06/11;0100 UTC;4,2;1010;1010,1;1009,8;,9;23,8;23,2;25;23,6;23,9;22,9;96;94;96;172;9,3;5,4;
2020/06/11;0200 UTC;0;1010,1;1010,1;1009,8;,1;24,2;23,4;24,2;23,8;23,4;23,1;96;95;95;132;9;1,9;
2020/06/11;0300 UTC;4,8;1009,8;1010,3;1009,7;,3;23,2;22,6;24,3;23,2;23,5;22,6;97;95;97;162;7,3;3,2;
2020/06/11;0400 UTC;2,4;1008,9;1009,8;1008,9;;23,4;22,9;23,4;23,2;22,9;22,6;97;97;97;160;5,3;2,2;
2020/06/11;0500 UTC;2,2;1008,7;1009;1008,6;;23,4;22,9;23,5;23,2;23;22,7;97;97;97;187;5;1,9;
2020/06/11;0600 UTC;1;1008,3;1008,7;1008,2;;23,6;23,1;23,6;23,4;23,1;23;98;97;97;164;4,9;2,5;
2020/06/11;0700 UTC;9,4;1008,6;1008,6;1008,3;;23,2;22,8;23,6;23,1;23,1;22,7;98;97;98;164;7,6;3,1;
2020/06/11;0800 UTC;10,6;1009,1;1009,1;1008,6;;23,1;22,8;23,2;23;22,8;22,6;98;98;98;174;5,9;2,7;
2020/06/11;0900 UTC;5,6;1009,4;1009,5;1009;,2;23,1;22,8;23,3;23,1;22,9;22,7;98;98;98;174;5,8;2,2;
2020/06/11;1000 UTC;2,6;1010;1010;1009,4;20,6;23,2;22,8;23,2;23,1;22,8;22,7;98;98;98;172;4;2,3;
2020/06/11;1100 UTC;3;1011;1011;1010;43,5;23,5;23,1;23,5;23,1;23,1;22,8;98;98;98;156;5,4;2,9;
2020/06/11;1200 UTC;5,4;1011,3;1011,4;1010,9;118,3;23,1;22,5;23,6;22,4;23,3;21,9;98;97;97;144;11,4;2,7;
2020/06/11;1300 UTC;,4;1010,7;1011,3;1010,7;346,9;23,6;22,8;23,6;22,8;22,8;21,8;97;94;95;164;7,3;2,8;
2020/06/11;1400 UTC;,4;1009,9;1010,8;1009,9;448,7;24,6;23,3;24,7;23,6;23,7;22,8;95;92;93;124;5,7;3,1;
2020/06/11;1500 UTC;,8;1008,9;1009,9;1008,9;513;24,4;23,6;24,9;24,4;23,9;23,3;96;93;96;104;5,9;2,5;
2020/06/11;1600 UTC;0;1008,1;1008,9;1008,1;954,8;26,1;24,3;26,1;24,4;24,9;23,7;96;90;90;144;6;3,3;
2020/06/11;1700 UTC;0;1007,6;1008,1;1007,6;573,1;26;24,1;26,3;25,8;24,5;23,5;90;86;90;163;7,2;1,9;
2020/06/11;1800 UTC;0;1007,2;1007,6;1007,2;412,6;25,9;24,2;26,1;25,8;24,2;23,8;90;88;90;175;5,1;2,1;
2020/06/11;1900 UTC;0;1007,3;1007,3;1007,2;353,9;25,9;23,7;26;25,9;24,1;23,7;90;87;88;154;4,5;2,4;
2020/06/11;2000 UTC;0;1007,5;1007,5;1007,3;179,1;25,7;23,9;25,9;25,6;24;23,7;90;88;90;171;4,1;1,4;
2020/06/11;2100 UTC;0;1007,8;1007,8;1007,5;8,7;25,3;24;25,7;25,3;24,1;23,8;92;90;92;178;4,3;1,9;
2020/06/11;2200 UTC;0;1008;1008;1007,8;;25,2;23,2;25,6;25;23,9;23,2;92;89;89;169;5;2,3;
2020/06/11;2300 UTC;0;1008,2;1008,2;1007,9;;24,7;22,9;25,3;24,7;23,3;22,9;90;89;90;188;5,1;1,9;
2020/06/12;0000 UTC;0;1008,6;1008,6;1008,2;;24,7;22,9;24,8;24,6;23;22,7;90;89;89;168;4,9;2,7;
2020/06/12;0100 UTC;1,8;1008,5;1008,8;1008,4;;24,3;23,2;24,8;24;23,3;22,7;94;89;94;155;7,6;2,7;
2020/06/12;0200 UTC;2,8;1008,5;1008,7;1008,5;;24,1;23,4;24,3;24;23,4;23,1;96;94;96;187;5,7;2,7;
2020/06/12;0300 UTC;,4;1008,1;1008,5;1008,1;;24;23,2;24,1;23,9;23,4;23,2;96;96;96;181;6,5;2,3;
2020/06/12;0400 UTC;,8;1007,7;1008,1;1007,6;;24,2;23;24,9;23,8;23,9;23;96;92;93;161;7,7;2,6;
2020/06/12;0500 UTC;0;1006,9;1007,7;1006,8;;23,6;22,8;24,2;23,6;23,1;22,8;96;93;96;222;5,4;1,9;
2020/06/12;0600 UTC;1,4;1006,7;1007,2;1006,7;;23,6;22,9;23,8;23,5;23,2;22,8;96;96;96;188;5,4;2,6;
2020/06/12;0700 UTC;0;1006,7;1007;1006,6;;23,8;22,7;24,3;23,5;23,1;22,4;96;91;93;202;8;2,6;
2020/06/12;0800 UTC;,2;1006,7;1006,8;1006,5;;23,8;22,8;23,9;23,7;22,8;22,7;94;93;94;195;5;2,4;
2020/06/12;0900 UTC;4,8;1007,2;1007,2;1006,7;15,3;24;22,5;24,3;23,2;23,2;22,4;96;91;91;175;9,3;2,6;
2020/06/12;1000 UTC;,4;1007,7;1007,8;1007,2;184,2;23,9;22,8;24;23,4;22,8;22,1;94;90;94;184;6,5;2,5;
2020/06/12;1100 UTC;0;1007,9;1008,1;1007,7;946;25,9;24,2;25,9;23,9;24,3;22,8;95;89;90;192;5,8;3;
2020/06/12;1200 UTC;,8;1008;1008,3;1007,9;1163,4;26,9;24,7;27;25,5;25,2;23,6;92;87;88;161;6,7;3,2;
2020/06/12;1300 UTC;0;1008,3;1008,4;1007,9;1816,9;28,5;24,4;28,5;26,6;24,7;23,4;88;78;79;154;10,6;5,7;
2020/06/12;1400 UTC;0;1007,9;1008,3;1007,9;2782,6;28,8;23,2;29,3;28,3;24,5;22,6;79;69;72;139;11,3;5,7;
2020/06/12;1500 UTC;0;1007;1007,9;1006,9;3054,1;29,1;23,1;29,8;28,5;23,9;22,7;73;68;70;148;12,8;5,6;
2020/06/12;1600 UTC;0;1006,4;1007;1006,4;2839,4;28,7;22,9;29,2;28,7;23,5;22,7;72;69;71;142;11,2;6,7;
2020/06/12;1700 UTC;0;1005,7;1006,4;1005,7;2227,7;28,4;22,9;29;28,4;23,5;22,8;73;70;72;136;12,2;6,6;
2020/06/12;1800 UTC;0;1005,4;1005,7;1005,4;1630,3;28,1;22,7;29;28;23,5;22,6;74;70;72;152;11,2;6,3;
2020/06/12;1900 UTC;0;1005,7;1005,7;1005,4;675,3;27,8;22,4;28,3;27,8;22,9;22,3;74;71;72;158;10,9;5,6;
2020/06/12;2000 UTC;0;1006;1006,1;1005,7;249,9;27,2;22,4;27,8;27,2;22,5;22,2;76;72;75;159;10,1;4,6;
2020/06/12;2100 UTC;0;1006,5;1006,5;1006;14,3;26,4;22,5;27,2;26,4;22,6;22,4;79;75;79;168;7,8;3,8;
2020/06/12;2200 UTC;0;1006,9;1006,9;1006,5;;26;22,6;26,4;25,9;22,7;22,5;82;79;82;168;6;3,3;
2020/06/12;2300 UTC;0;1007,1;1007,1;1006,9;;25,8;22,6;26;25,7;22,7;22,5;83;82;83;160;6,5;3,5;
2020/06/13;0000 UTC;0;1007,6;1007,6;1007,1;;25,6;22,6;25,8;25,6;22,7;22,6;84;83;84;161;6,8;3;
2020/06/13;0100 UTC;0;1007,3;1007,6;1007,3;;25,2;22,7;25,6;25,2;22,8;22,6;86;84;86;185;5,4;2,4;
2020/06/13;0200 UTC;,2;1007,4;1007,6;1007,2;;24,8;22,8;25,3;24,8;22,8;22,7;89;86;89;184;5,8;2,4;
2020/06/13;0300 UTC;0;1006,7;1007,4;1006,7;;24,7;22,6;24,9;24,7;22,9;22,6;89;88;88;191;5,1;2,7;
2020/06/13;0400 UTC;0;1006,2;1006,7;1006,1;;24,4;22,5;24,7;24,4;22,6;22,5;89;88;89;191;5,1;2,4;
2020/06/13;0500 UTC;0;1006;1006,2;1006;;24;22,3;24,4;24;22,5;22,2;90;89;90;191;5;2,4;
2020/06/13;0600 UTC;0;1005,8;1006,1;1005,8;;23,8;22,2;24;23,7;22,2;22,1;91;90;91;213;5;2,7;
2020/06/13;0700 UTC;0;1006,2;1006,2;1005,8;;23,6;22,1;23,8;23,5;22,2;22;91;91;91;206;5,6;2,2;
2020/06/13;0800 UTC;3,8;1006,6;1006,7;1006,2;;23;22,3;23,6;22,9;22,3;21,8;96;91;96;215;4,6;1,8;
2020/06/13;0900 UTC;0;1007,2;1007,2;1006,6;7,9;23,2;22,5;23,2;23;22,5;22,3;96;96;96;230;3,5;1,2;
2020/06/13;1000 UTC;0;1007,9;1008;1007,2;190,7;23,8;22,7;23,8;23,2;22,9;22,5;96;94;94;189;5,1;2,6;
2020/06/13;1100 UTC;0;1008,6;1008,6;1007,9;556,9;25;23,2;25;23,8;23,3;22,7;94;89;89;190;5,9;3,4;
2020/06/13;1200 UTC;0;1008,7;1008,8;1008,5;1412,6;26;23,6;26,5;25;23,8;22,8;90;84;87;181;6,6;3,7;
2020/06/13;1300 UTC;0;1008,6;1008,8;1008,5;2002,7;27,8;24,1;27,8;26;24,2;23,1;87;80;80;168;6,5;3,8;
2020/06/13;1400 UTC;0;1008,1;1008,6;1008,1;3019,2;29,1;24,3;29,4;27,7;25;23,4;80;72;75;139;8,1;4,7;
2020/06/13;1500 UTC;0;1007,4;1008,1;1007,4;3112,9;29,2;23,6;29,7;28,9;24,6;23,2;75;70;72;142;8,1;5,2;
2020/06/13;1600 UTC;0;1007,1;1007,4;1007,1;2904,5;29,2;23;29,5;28,8;23,9;22,8;74;68;70;132;8,8;4,9;
2020/06/13;1700 UTC;0;1006,4;1007,1;1006,4;2523,5;29,2;23,3;29,6;28,9;23,9;22,6;73;68;71;133;8,8;3,8;
2020/06/13;1800 UTC;0;1006,4;1006,5;1006,4;1957,9;28,5;23,3;29,2;28,5;24;22,9;75;70;73;145;7,9;4,8;
2020/06/13;1900 UTC;0;1006,9;1006,9;1006,4;810,6;28,3;23,3;28,8;28,2;23,9;22,9;76;71;74;139;7,9;4,5;
2020/06/13;2000 UTC;0;1007,6;1007,6;1006,9;211,1;27,2;24;28,3;27,2;24;23,2;83;74;83;139;7,5;3,1;
2020/06/13;2100 UTC;0;1008;1008;1007,6;10;26,6;24,1;27,2;26,6;24,1;23,9;86;83;86;137;6;3;
2020/06/13;2200 UTC;0;1008,6;1008,6;1008;;26,3;24,1;26,6;26,3;24,1;23,9;88;86;88;143;5,1;2,4;
2020/06/13;2300 UTC;0;1008,8;1008,8;1008,5;;26,2;23,9;26,4;26,1;24,2;23,9;88;87;88;144;4,1;2,2;
2020/06/14;0000 UTC;0;1009,1;1009,1;1008,8;;26;23,9;26,2;25,9;24,1;23,9;89;88;88;155;3,8;2,1;
2020/06/14;0100 UTC;0;1008,9;1009,2;1008,9;;25,7;23,9;26;25,7;24;23,8;90;88;90;155;3,7;1,7;
2020/06/14;0200 UTC;0;1008,7;1008,9;1008,7;;25;23,7;25,7;25;23,9;23,7;93;90;93;169;3,2;1,5;
2020/06/14;0300 UTC;0;1008,5;1008,7;1008,5;;24,7;23,8;25;24,7;24;23,7;95;93;94;189;4,3;2,3;
2020/06/14;0400 UTC;0;1007,7;1008,5;1007,7;;24,3;23,4;24,7;24,2;23,8;23,3;95;94;95;172;4,7;1,3;
2020/06/14;0500 UTC;0;1007,6;1007,8;1007,6;;23,7;22,8;24,3;23,7;23,4;22,8;95;94;94;202;3,3;1,5;
2020/06/14;0600 UTC;0;1007,5;1007,7;1007,5;;23,9;22,1;24,2;23,6;22,8;22,1;95;90;90;185;5;2,4;
2020/06/14;0700 UTC;0;1007,6;1007,7;1007,4;;23,6;22,1;23,9;23,5;22,2;22,1;92;90;91;175;5;2,9;
2020/06/14;0800 UTC;0;1007,8;1007,9;1007,6;;23,5;22,2;23,6;23,5;22,2;22;92;91;92;177;5,9;3,1;
2020/06/14;0900 UTC;0;1008,2;1008,2;1007,8;21,7;23,7;22,6;23,7;23,5;22,6;22,2;94;92;94;178;4,8;2,5;
2020/06/14;1000 UTC;0;1008,8;1008,8;1008,2;314,2;24,6;23,3;24,6;23,7;23,3;22,6;94;92;92;188;4,7;2,6;
2020/06/14;1100 UTC;0;1009,4;1009,4;1008,8;828,8;25,8;23,4;25,9;24,6;24;23,1;93;86;87;166;6,8;3,9;
2020/06/14;1200 UTC;0;1009,5;1009,6;1009,4;2329,7;28,2;22,4;28,5;25,8;23,9;22,4;87;71;71;167;7,3;3,4;
2020/06/14;1300 UTC;0;1009,2;1009,5;1009,2;2380,6;28,5;21,9;29,5;27,6;23,2;21,6;74;65;67;160;9,1;5,3;
2020/06/14;1400 UTC;0;1008,7;1009,2;1008,7;2667,4;28,9;21,9;29,4;28,4;22,7;21,6;70;64;66;160;9,5;5,7;
2020/06/14;1500 UTC;0;1008,1;1008,7;1008,1;2907,5;30;22,6;30,1;28,7;22,8;21,7;67;63;65;153;10,6;4,4;
2020/06/14;1600 UTC;0;1007,5;1008,1;1007,4;2572,3;29,9;22,7;30,2;28,9;23,4;21,9;68;64;65;137;9,1;4,9;
2020/06/14;1700 UTC;0;1006,9;1007,5;1006,9;1858;29;22,7;30;28,7;22,9;21,9;69;64;69;149;10;4,8;
2020/06/14;1800 UTC;0;1006,9;1006,9;1006,8;1023,4;28,3;22,1;29,1;28,2;23,1;22,1;73;67;69;155;9,8;4,4;
2020/06/14;1900 UTC;0;1007,1;1007,1;1006,8;514,1;28,5;21,8;28,8;28,2;22,6;21,7;71;67;67;160;7,9;4,3;
2020/06/14;2000 UTC;0;1007,6;1007,6;1007,1;252,3;27,9;22,9;28,6;27,9;22,9;21,8;75;67;75;151;7,7;3,2;
2020/06/14;2100 UTC;0;1008,1;1008,1;1007,6;14,4;27,2;23,3;27,9;27,2;23,4;22,9;79;75;79;160;7,1;3,6;
2020/06/14;2200 UTC;0;1008,5;1008,5;1008,1;;26,6;23,1;27,2;26,6;23,3;23;81;79;81;170;6,8;2,3;
2020/06/14;2300 UTC;0;1008,9;1008,9;1008,4;;26,3;23,4;26,6;26,3;23,4;23;84;81;84;181;6;3,2;
2020/06/15;0000 UTC;0;1009,3;1009,3;1008,9;;25,8;23,4;26,3;25,8;23,5;23,3;87;84;87;183;5,9;2,7;
2020/06/15;0100 UTC;0;1009,6;1009,6;1009,3;;25,8;22,6;26;25,6;23,4;22,5;87;82;83;160;6,9;3,3;
2020/06/15;0200 UTC;0;1009,5;1009,7;1009,5;;25,4;22,3;25,8;25,4;22,6;22,3;83;82;83;173;5,7;2,3;
2020/06/15;0300 UTC;0;1009,1;1009,6;1009,1;;25,2;22,2;25,5;25,2;22,3;22,1;84;82;83;185;5,5;2,7;
2020/06/15;0400 UTC;0;1008,6;1009,1;1008,6;;25;22;25,3;24,9;22,2;22;85;83;84;186;5,4;2,8;
2020/06/15;0500 UTC;0;1008,1;1008,6;1008;;24,4;22,1;25;24,3;22,1;21,9;87;84;87;188;5,4;2;
2020/06/15;0600 UTC;,4;1007,8;1008,1;1007,7;;23,9;22,4;24,4;23,6;22,5;21,8;92;87;91;186;4,9;2,5;
2020/06/15;0700 UTC;0;1007,9;1007,9;1007,8;;23,6;22,2;23,9;23,5;22,4;22,2;92;91;92;211;4,4;2,2;
2020/06/15;0800 UTC;0;1008,3;1008,3;1007,9;;23,5;22,1;23,6;23,5;22,2;22,1;92;92;92;212;4,7;2,4;
2020/06/15;0900 UTC;0;1008,6;1008,7;1008,3;16,9;23,4;22;23,5;23,4;22,1;22;92;92;92;214;4,8;2,2;
2020/06/15;1000 UTC;0;1009;1009;1008,6;540,7;24,4;22,2;24,4;23,4;22,3;21,9;92;87;87;204;5,4;2,5;
2020/06/15;1100 UTC;0;1009,2;1009,3;1009;1462,2;26;22,6;26,2;24,4;23;22;88;81;81;203;5,1;2,1;
2020/06/15;1200 UTC;0;1009,3;1009,3;1009,2;2180,4;27,7;23,4;27,9;26;23,7;22,4;82;76;77;183;4,7;2;
2020/06/15;1300 UTC;0;1009,1;1009,3;1009,1;2431,5;28,5;23,2;29,1;27,7;24,2;22,8;78;72;73;128;5,1;2,8;
2020/06/15;1400 UTC;0;1008,7;1009,2;1008,7;2908,6;28,7;23,7;28,9;28,1;24;22,9;75;72;74;126;6,1;3,4;
2020/06/15;1500 UTC;0;1008,4;1008,7;1008,4;3018,5;28,8;23,9;29,1;28,2;24,3;23,1;76;73;75;126;6,6;3,3;
2020/06/15;1600 UTC;0;1007,6;1008,4;1007,5;2895,2;29,2;23;29,5;28,7;24,1;22,3;75;67;69;136;6,8;3,9;
2020/06/15;1700 UTC;0;1007,1;1007,6;1007;2555,6;28,6;23,4;29,4;28,6;23,9;22,9;73;68;73;141;7;4,2;
2020/06/15;1800 UTC;0;1006,8;1007,1;1006,8;2028,1;29;23,2;29,1;28,5;23,9;22,8;75;70;71;125;7;3,2;
2020/06/15;1900 UTC;0;1007,5;1007,5;1006,7;799,1;28,3;23,4;29,1;28,3;23,4;22,1;75;67;75;129;5,7;3,5;
2020/06/15;2000 UTC;0;1008,1;1008,1;1007,5;237,5;27,6;23,4;28,5;27,6;24;23,3;79;74;78;127;6;3,4;
2020/06/15;2100 UTC;0;1008,4;1008,4;1008,1;15,8;26,9;23,5;27,6;26,9;23,5;23,2;82;78;82;134;6;2,3;
2020/06/15;2200 UTC;0;1008,9;1009;1008,4;;26,6;23,7;26,9;26,6;23,8;23,4;84;81;84;137;3,5;1,8;
2020/06/15;2300 UTC;0;1009,5;1009,5;1008,9;;26,5;23,9;26,8;26,5;23,9;23,7;86;84;86;142;3,1;1,7;
2020/06/16;0000 UTC;0;1009,9;1009,9;1009,5;;26,3;24,1;26,7;26,2;24,3;24;89;86;88;165;5,9;3,1;
2020/06/16;0100 UTC;0;1009,7;1009,9;1009,6;;25,8;23,5;26,3;25,8;24;23,5;88;87;87;177;6,2;2,9;
2020/06/16;0200 UTC;0;1009,5;1009,8;1009,4;;25,6;23,5;25,9;25,6;23,6;23,5;88;87;88;191;5,8;3;
2020/06/16;0300 UTC;0;1009,2;1009,5;1009,2;;25,4;23,3;25,6;25,4;23,6;23,3;89;88;88;189;7,6;3,8;
2020/06/16;0400 UTC;0;1009,7;1009,7;1009,1;;23,4;21,7;25,4;23,4;23,4;21,6;91;86;91;184;12;4,6;
2020/06/16;0500 UTC;2;1009,7;1009,8;1009,6;;22,8;21,8;23,4;22,8;22,3;21,7;94;91;94;160;7,9;3,9;
2020/06/16;0600 UTC;3,6;1009,2;1009,7;1009,1;;23,1;22,4;23,1;22,6;22,4;21,7;96;94;96;224;7,4;1,4;
2020/06/16;0700 UTC;2,8;1009,7;1009,7;1009,1;;23;22,3;23,4;23;22,6;22,2;96;95;96;160;8,6;4;
2020/06/16;0800 UTC;4,4;1009,6;1009,9;1009,6;;23;22,2;23;22,4;22,2;21,2;96;92;95;164;10;3,1;
2020/06/16;0900 UTC;,8;1009,8;1009,9;1009,6;2,5;23,9;22,8;24;23;22,9;22,2;96;93;93;151;12,2;5,8;
2020/06/16;1000 UTC;,2;1010,2;1010,2;1009,8;100,4;23,5;22,4;24;23,4;22,8;22,1;94;92;94;173;12,2;3,3;
2020/06/16;1100 UTC;0;1010,5;1010,5;1010,2;281,6;24,4;23,3;24,4;23,5;23,3;22,5;94;93;93;164;8,6;3,7;
2020/06/16;1200 UTC;0;1010,6;1010,7;1010,5;328,3;24,9;23,3;25;24,4;23,5;23,2;93;91;91;167;7,4;3,8;
2020/06/16;1300 UTC;0;1010,2;1010,6;1010,2;849,7;25,2;23;25,3;24,9;23,6;23;91;87;88;152;8,9;5;
2020/06/16;1400 UTC;0;1009,5;1010,3;1009,5;979,7;25,7;23,1;25,8;25;23,5;22,8;89;85;85;156;12,8;7,3;
2020/06/16;1500 UTC;0;1008,7;1009,5;1008,7;1503,9;26,4;22,6;26,8;25,7;23,3;22,6;86;79;79;158;13,2;5,9;
2020/06/16;1600 UTC;0;1008,4;1008,7;1008,4;1956,6;26,6;23,1;26,9;26,4;23,3;22,4;82;78;81;164;12,7;5,2;
2020/06/16;1700 UTC;0;1007,7;1008,4;1007,7;1115,9;26,5;23,8;26,9;26,1;23,9;23;86;81;85;155;11,7;5,6;
2020/06/16;1800 UTC;0;1007,6;1007,8;1007,6;1265;26,7;23,1;27,3;26,5;23,9;23,1;85;79;81;155;12,5;7,1;
2020/06/16;1900 UTC;0;1007,7;1007,7;1007,5;863,1;26,8;23,1;27;26,6;23,4;22,9;82;80;80;161;10,8;5,3;
2020/06/16;2000 UTC;,4;1007,9;1007,9;1007,6;182,8;25,6;23,2;26,9;25,4;23,5;23;89;80;87;168;9,4;3,7;
2020/06/16;2100 UTC;0;1008,3;1008,3;1007,9;11,8;25,7;23,3;25,7;25,4;23,5;23,2;88;86;87;165;6,3;2,7;
2020/06/16;2200 UTC;0;1008,8;1008,8;1008,3;;25,4;22,6;25,8;25,4;23,3;22,6;87;84;84;182;7,1;3,4;
2020/06/16;2300 UTC;0;1009,2;1009,2;1008,8;;25,1;22,4;25,5;25,1;22,7;22,4;85;84;85;173;6,9;3,5;
2020/06/17;0000 UTC;,6;1009,4;1009,5;1009,1;;24,3;22,6;25,2;24,2;22,6;22;90;84;90;132;6,9;2,3;
2020/06/17;0100 UTC;0;1009,5;1009,5;1009,4;,7;24,4;22,2;24,7;24,2;22,8;22,2;91;87;87;188;5,2;2,5;
2020/06/17;0200 UTC;2,8;1009,5;1010;1009,3;;24,1;22,5;24,5;23,6;22,6;21,7;92;87;91;183;7;3,3;
2020/06/17;0300 UTC;0;1008,6;1009,5;1008,6;;23,8;22,1;24,1;23,8;22,4;22,1;91;89;90;190;5,6;3,4;
2020/06/17;0400 UTC;0;1008,1;1008,6;1008,1;;23,8;21,9;23,9;23,6;22,1;21,9;91;89;89;196;7,8;3,9;
2020/06/17;0500 UTC;,2;1008;1008,3;1007,9;;23,3;22,3;23,8;23,2;22,3;21,8;94;89;94;183;9,4;2,6;
2020/06/17;0600 UTC;2,8;1007,8;1008,1;1007,8;;23,2;22,6;23,3;23;22,6;22,2;96;94;96;176;7,1;2,6;
2020/06/17;0700 UTC;0;1007,5;1007,8;1007,4;;23;22,4;23,3;23;22,6;22,4;96;96;96;204;5,7;2,4;
2020/06/17;0800 UTC;0;1007,7;1007,7;1007,5;;23,1;22,6;23,1;23;22,6;22,4;97;96;97;201;5,7;3,1;
2020/06/17;0900 UTC;,4;1008;1008,1;1007,6;10,7;23,5;22,9;23,5;23,1;23;22,6;97;97;97;171;8,4;3,1;
2020/06/17;1000 UTC;,2;1008,8;1008,8;1007,9;119,3;24,6;23,7;24,6;23,4;23,7;22,9;97;95;95;130;9;4,2;
2020/06/17;1100 UTC;0;1009,2;1009,3;1008,8;674,5;26,4;24,2;26,4;24,5;24,4;23,5;95;88;88;140;9,1;3,6;
2020/06/17;1200 UTC;,6;1009,5;1009,6;1009,2;1410,2;26,9;24,3;27,1;25,3;24,6;23,3;91;81;86;152;10,5;4,3;
2020/06/17;1300 UTC;2;1009,6;1010,1;1009,4;954,8;25,3;24;27;23,6;24,2;22,7;96;84;92;125;14,3;3,4;
2020/06/17;1400 UTC;2,4;1009;1009,6;1009;1078,2;24,9;23,2;26,5;24,9;24,8;23,2;94;88;91;146;7,9;4,1;
2020/06/17;1500 UTC;4;1008,4;1009,3;1008,3;1490,3;27,5;24,2;27,6;23,5;25,2;22,3;96;82;82;139;13,3;5,2;
2020/06/17;1600 UTC;,4;1007,7;1008,5;1007,7;1806,7;27,3;23,6;27,8;25,1;24,4;22,2;86;78;80;141;12,6;4,4;
2020/06/17;1700 UTC;0;1007,2;1007,7;1007,2;2309,7;28,3;24;28,5;27,3;24,6;23,3;81;75;78;133;11,7;5,7;
2020/06/17;1800 UTC;0;1007;1007,2;1007;1781,7;28,3;22,5;28,7;28;24,2;22,5;78;71;71;153;12,6;6,3;
2020/06/17;1900 UTC;0;1007;1007,1;1006,9;753,4;27,8;22,3;28,4;27,8;23,1;22;74;69;72;154;12,6;6,2;
2020/06/17;2000 UTC;0;1007,6;1007,6;1007;275,4;27;22,1;27,8;27;22,3;21,8;75;70;74;158;12,1;5,5;
2020/06/17;2100 UTC;0;1008,1;1008,1;1007,5;13;26,3;21,7;27;26,3;22,1;21,6;76;73;76;161;10,7;4,2;
2020/06/17;2200 UTC;0;1008,5;1008,5;1008;;26,2;20,8;26,4;26,1;21,7;20,8;76;72;72;165;8,8;4,9;
2020/06/17;2300 UTC;0;1009;1009;1008,5;;25,6;21;26,3;25,5;21;20,8;76;72;76;170;8,3;3,8;
2020/06/18;0000 UTC;0;1009,4;1009,4;1009;;24,8;21;25,6;24,8;21,2;20,9;79;76;79;178;7,1;3,2;
2020/06/18;0100 UTC;0;1009,6;1009,6;1009,3;;24,1;20,9;24,8;24,1;21;20,7;82;79;82;174;5,9;2,9;
2020/06/18;0200 UTC;0;1009;1009,6;1009;;23,7;20,8;24,1;23,6;21;20,7;84;82;84;188;5,5;2,9;
2020/06/18;0300 UTC;0;1008,6;1009;1008,6;;23,2;20,5;23,7;23,2;20,8;20,5;85;84;85;187;6,4;3;
2020/06/18;0400 UTC;0;1007,9;1008,6;1007,9;;22,9;20,4;23,2;22,8;20,6;20,3;86;85;86;187;5,2;2,5;
2020/06/18;0500 UTC;0;1007,5;1007,9;1007,5;;22,5;20,6;22,9;22,5;20,6;20,4;89;86;89;191;7,2;2,1;
2020/06/18;0600 UTC;0;1007;1007,5;1006,9;;22,4;20,7;22,5;22,1;20,7;20,4;90;89;90;200;5,4;2,6;
2020/06/18;0700 UTC;0;1007,2;1007,2;1007;;22,3;20,9;22,5;22,3;21;20,6;92;90;92;208;6;1,9;
2020/06/18;0800 UTC;0;1007,5;1007,6;1007,2;;22,8;21,4;22,8;22,3;21,4;20,9;93;92;92;188;5,3;2,9;
2020/06/18;0900 UTC;0;1008,1;1008,1;1007,5;6,6;22,8;21,5;22,9;22,7;21,5;21,3;92;92;92;188;5,3;2,5;
2020/06/18;1000 UTC;2;1009;1009;1008,1;106,6;22,7;22;22,8;22,5;22;21,5;96;92;96;179;4,3;1,9;
2020/06/18;1100 UTC;4;1009,4;1009,4;1009;618,4;23,3;22,5;23,3;22,3;22,5;21,6;96;94;95;175;9,3;2,7;
2020/06/18;1200 UTC;0;1009,5;1009,5;1009,3;1853;25,8;23,3;26;23,1;23,7;22,3;96;85;86;185;5,5;2,7;
2020/06/18;1300 UTC;0;1009,6;1009,6;1009,4;1303,3;25,2;23,5;26;25,1;23,7;23;91;86;91;170;8,3;3,5;
2020/06/18;1400 UTC;,4;1009,3;1009,6;1009,3;1141,7;25,8;23,6;25,8;25;24,3;23,4;93;88;88;178;7,6;4,3;
2020/06/18;1500 UTC;4,4;1009,3;1009,4;1009,2;1026,5;24,3;23,5;26;24,1;23,8;23;95;85;95;133;9,4;2,5;
2020/06/18;1600 UTC;7;1008,6;1009,4;1008,5;758,4;24,5;23,7;24,6;23,7;23,9;22,9;96;95;95;151;10,1;4,5;
2020/06/18;1700 UTC;,6;1008,2;1008,6;1008;1006,3;25;23,6;25,3;24,3;24,3;23,5;96;92;92;134;9,1;4,2;
2020/06/18;1800 UTC;6,2;1007,5;1008,3;1007,5;474,9;23,6;23;25;23,3;23,5;22,7;97;92;96;188;10,7;3,5;
2020/06/18;1900 UTC;,2;1007,4;1007,6;1006,9;425,8;24,2;22,7;24,2;23,6;23;22,6;96;91;91;181;8,5;4,2;
2020/06/18;2000 UTC;0;1008,2;1008,3;1007,4;171,7;24;22,7;24,3;24;22,9;22,5;93;90;92;164;11,5;4,7;
2020/06/18;2100 UTC;0;1008,5;1008,5;1008,2;10,4;23,7;22,4;24,3;23,7;22,8;22,4;92;91;92;164;9,4;4,3;
2020/06/18;2200 UTC;0;1009,3;1009,3;1008,5;;23,1;21,9;23,7;23,1;22,4;21,9;93;92;93;154;7,6;2,7;
2020/06/18;2300 UTC;0;1009,7;1009,8;1009,3;;23;21,9;23,2;23;21,9;21,8;94;93;94;173;5,6;2,6;
2020/06/19;0000 UTC;0;1010;1010;1009,7;;23,1;21,6;23,3;23;22;21,5;94;91;91;167;5,4;3;
2020/06/19;0100 UTC;0;1010,1;1010,1;1010;;23,2;21,7;23,4;23,1;21,8;21,6;91;91;91;183;7,5;3,1;
2020/06/19;0200 UTC;,4;1010,1;1010,2;1010;;22,6;21,7;23,2;22,6;21,8;21,6;95;91;95;190;6,5;3;
2020/06/19;0300 UTC;0;1009,4;1010,1;1009,4;;22,8;22,1;22,9;22,6;22,1;21,7;96;95;96;189;5,5;2,4;
2020/06/19;0400 UTC;0;1008,8;1009,4;1008,8;0;23;22,3;23;22,8;22,3;22,1;96;96;96;174;4,6;2;
2020/06/19;0500 UTC;0;1008;1008,8;1008;;22,8;22,2;23;22,8;22,3;22,1;96;95;96;202;5,3;3;
2020/06/19;0600 UTC;0;1007,9;1008;1007,7;;22,7;22,1;22,9;22,7;22,2;22;96;96;96;209;7,2;2,4;
2020/06/19;0700 UTC;0;1007,8;1007,9;1007,8;;22,8;22,2;22,8;22,6;22,2;22,1;97;96;96;199;4,6;1,8;
2020/06/19;0800 UTC;0;1008,1;1008,1;1007,8;;23;22,3;23,1;22,8;22,4;22,2;96;96;96;195;5,5;2,5;
2020/06/19;0900 UTC;3,2;1008,4;1008,4;1008;10,1;23;22,5;23;22,8;22,5;22,2;97;96;97;209;4,8;1,6;
2020/06/19;1000 UTC;8,4;1009,1;1009,1;1008,3;104,9;23,4;22,9;23,4;22,9;22,9;22,4;97;97;97;195;4,4;1,1;
2020/06/19;1100 UTC;1,4;1009,9;1009,9;1009,1;680,2;24,2;23,8;24,2;23,3;23,8;22,9;98;97;97;186;7;3,6;
2020/06/19;1200 UTC;0;1010,7;1010,7;1009,9;1210,2;24,9;23,5;25,3;24,2;24,4;23,3;97;92;92;183;7;3,4;
2020/06/19;1300 UTC;0;1010,5;1010,8;1010,5;2152,6;27;23,9;27;24,9;24,3;23,3;92;82;83;171;8;4,2;
2020/06/19;1400 UTC;3;1010,6;1010,7;1010,3;662,5;24,8;23,8;27;24,6;23,9;23,2;95;82;95;183;7,5;3,6;
2020/06/19;1500 UTC;3,8;1010,1;1010,6;1009,9;1768,6;24,3;22,9;26,5;24,3;24,9;22,9;96;88;92;132;8,1;4,4;
2020/06/19;1600 UTC;7,8;1009,5;1010,1;1009,5;522,8;24,3;23,7;24,6;23,7;23,9;23;97;92;96;156;9,4;4,2;
2020/06/19;1700 UTC;,2;1009,3;1009,5;1009,3;668,4;24,7;23,5;24,8;24,3;24;23,2;97;93;93;150;7,3;2,6;
2020/06/19;1800 UTC;0;1008,8;1009,3;1008,7;870,5;25,4;24,1;25,5;24,6;24,3;23,4;94;92;92;154;5,1;3;
2020/06/19;1900 UTC;3,8;1009;1009,2;1008,8;212,9;24,4;23,6;25,5;24,3;24,2;23,5;96;92;95;149;6,7;3,2;
2020/06/19;2000 UTC;,2;1009,2;1009,3;1009;136,2;24,1;23,4;24,5;24,1;23,8;23,4;96;95;96;172;6,3;3,1;
2020/06/19;2100 UTC;1,4;1009,4;1009,5;1009,2;17,1;23,6;23;24,1;23,6;23,4;23;96;96;96;158;7,2;3;
2020/06/19;2200 UTC;,6;1009,7;1009,7;1009,4;;23,9;23,4;23,9;23,6;23,4;23;97;96;97;159;5,8;2,1;
2020/06/19;2300 UTC;1,4;1010,2;1010,3;1009,7;;23,7;23,2;23,9;23,6;23,4;23,2;97;97;97;190;4,1;2,2;
2020/06/20;0000 UTC;0;1010,5;1010,7;1010,2;;23,9;23,4;23,9;23,6;23,4;23,2;97;97;97;187;5,1;2,3;
2020/06/20;0100 UTC;,6;1010,8;1011,1;1010,5;;23,8;23,2;24;23,7;23,5;23,2;97;97;97;195;5,6;2,3;
2020/06/20;0200 UTC;8,6;1010,9;1011;1010,5;;23,7;23,3;23,9;23,6;23,4;23,2;98;97;98;148;5,8;2;
2020/06/20;0300 UTC;8,4;1010,7;1010,9;1010,5;,1;23,6;23,2;23,9;23,4;23,5;23,1;98;97;98;174;7,3;3,2;
2020/06/20;0400 UTC;2,6;1010,1;1010,7;1009,9;;23,4;22,9;23,7;23,3;23,3;22,9;98;97;97;161;6,6;3,8;
2020/06/20;0500 UTC;,4;1009,1;1010,1;1009,1;;23,7;23,2;23,8;23,3;23,2;22,9;97;97;97;178;7,3;2,7;
2020/06/20;0600 UTC;0;1008,9;1009,1;1008,9;;23,5;22,9;23,8;23,5;23,2;22,9;97;96;96;179;5,7;3,3;
2020/06/20;0700 UTC;0;1009,1;1009,1;1008,9;;23,4;22,7;23,6;23,4;23;22,7;96;96;96;192;8,6;4,1;
2020/06/20;0800 UTC;,6;1009,2;1009,3;1009;,2;22,7;21,9;23,4;22,7;22,7;21,9;96;95;95;176;8,9;4,8;
2020/06/20;0900 UTC;,6;1008,8;1009,3;1008,8;15,2;22,6;21,6;22,7;22,5;21,9;21,6;95;94;94;190;11,8;3,3;
2020/06/20;1000 UTC;0;1009,5;1009,5;1008,8;176,7;23,2;21,8;23,3;22,6;21,9;21,6;94;92;92;167;7,4;3,3;
2020/06/20;1100 UTC;,2;1009,6;1009,6;1009,4;914,2;24,9;22,8;25;23,1;23,1;21,8;93;88;88;168;8;4,2;
2020/06/20;1200 UTC;0;1010,2;1010,2;1009,6;1437,4;27,7;22,7;27,7;24,9;23,2;22,4;89;73;74;153;12,6;6,7;
2020/06/20;1300 UTC;0;1010,1;1010,3;1010;2393,1;28,3;21,8;28,4;27,7;23,1;21,8;75;68;68;144;14,3;8,2;
2020/06/20;1400 UTC;0;1010;1010,2;1010;2878,5;28,4;22;28,9;28,3;22,6;21,3;69;65;69;143;14,2;7,3;
2020/06/20;1500 UTC;0;1009,4;1010;1009,4;2480,6;28,5;22;29,1;28,3;22,9;21,9;71;67;68;136;13,9;6;
2020/06/20;1600 UTC;0;1008,8;1009,5;1008,8;2542,6;27,9;23;29,3;27,5;23;22;75;66;75;132;14;6;
2020/06/20;1700 UTC;0;1008,3;1008,9;1008,3;1266,5;27,5;23,2;27,9;25,1;23,5;22,2;87;73;78;144;14,6;4,2;
2020/06/20;1800 UTC;,4;1008,5;1008,6;1008,2;1039,1;26,1;23,4;27,8;25,4;23,6;22;87;75;85;140;13,6;5;
2020/06/20;1900 UTC;0;1008,3;1008,5;1008,2;998,7;27,4;22,1;27,4;26,1;23,6;21,7;85;72;73;143;12,3;5,6;
2020/06/20;2000 UTC;0;1008,4;1008,5;1008,2;318,5;26,9;22,3;27,5;26,9;22,3;21,8;76;71;76;152;10,1;6;
2020/06/20;2100 UTC;0;1008,6;1008,6;1008,4;18,2;27,1;21;27,2;26,5;22,5;20,8;78;68;69;140;10,1;5,3;
2020/06/20;2200 UTC;0;1009,3;1009,3;1008,6;;25,1;21,6;27,1;25,1;22,2;20,8;83;69;81;170;9,2;4,8;
2020/06/20;2300 UTC;0;1009,6;1009,6;1009,3;;25,9;21,3;26,3;25,1;21,6;20,5;81;71;76;157;8,9;3,7;
2020/06/21;0000 UTC;0;1010;1010,1;1009,6;;26,2;21,2;26,4;25,7;22,1;21,2;80;74;74;157;6,8;3,6;
2020/06/21;0100 UTC;0;1010,2;1010,3;1010;;24,8;22,5;26,2;24,7;22,5;21,2;87;74;87;153;10,5;3,3;
2020/06/21;0200 UTC;,4;1010,1;1010,3;1010,1;;23,6;21,6;25,4;23,6;22,6;21,6;88;83;88;216;6,9;2,9;
2020/06/21;0300 UTC;1,6;1009,6;1010,3;1009,6;;23,1;22,1;23,7;23;22,3;21,6;94;88;94;171;8,4;2;
2020/06/21;0400 UTC;0;1009,2;1009,7;1009,2;;23,1;21,9;23,1;22,9;22,1;21,9;94;93;93;178;5,6;2,2;
2020/06/21;0500 UTC;0;1008,5;1009,2;1008,5;;23,7;21,3;23,9;23,1;22,2;21,3;93;86;86;173;5,1;2;
2020/06/21;0600 UTC;0;1008,1;1008,6;1008,1;;23,1;21,4;23,8;23,1;21,5;21,2;90;86;90;180;6,1;2,2;
2020/06/21;0700 UTC;0;1008,1;1008,1;1008;;23,8;21,5;23,8;23,1;21,7;21,4;91;87;87;165;4,9;2,4;
2020/06/21;0800 UTC;0;1008,3;1008,3;1008,1;;23,3;20,4;24,8;23,2;21,5;20;87;75;84;189;7,4;1,9;
2020/06/21;0900 UTC;0;1008,4;1008,4;1008,3;10,2;25,7;21,6;25,9;23,2;21,6;19,9;84;72;78;149;8,3;5,2;
2020/06/21;1000 UTC;0;1008,8;1008,9;1008,3;372,1;25,9;21,1;25,9;24,5;21,8;20,5;81;75;75;159;10,7;4,4;
2020/06/21;1100 UTC;0;1009,7;1009,7;1008,8;755,1;26,8;21,4;26,9;25,9;22;21;76;72;72;143;10,1;5,1;
2020/06/21;1200 UTC;,2;1009,8;1009,8;1009,7;1401,8;27,8;21,2;28;26,8;21,8;20,9;73;67;67;145;12;6,3;
2020/06/21;1300 UTC;0;1010,1;1010,2;1009,9;1692,9;28;21,5;28,1;27,8;22;21;70;66;68;146;11,7;6,1;
2020/06/21;1400 UTC;0;1010;1010,2;1010;2278,1;28,4;21,4;28,5;27,2;23,2;21,1;76;65;66;159;12,7;8,1;
2020/06/21;1500 UTC;0;1009,8;1010,1;1009,7;3062,6;28,9;21,4;29;28,3;21,9;20,3;67;61;64;143;13,6;6,8;
2020/06/21;1600 UTC;0;1008,9;1009,8;1008,9;2842,4;28,6;21,9;29,1;28,3;22,6;20,9;69;62;67;156;13,2;6;
2020/06/21;1700 UTC;0;1008,3;1008,9;1008,2;2367,3;28,5;22,4;28,9;28,1;22,9;21,2;72;65;70;147;13,2;6,2;
2020/06/21;1800 UTC;0;1008;1008,4;1008;1939;28;20,6;28,6;27,3;22,7;19,8;75;61;64;154;13,1;5,4;
2020/06/21;1900 UTC;0;1007,9;1008;1007,8;832;27,6;21,6;28,1;27,5;22,2;20,5;72;64;70;158;10,8;6,4;
2020/06/21;2000 UTC;0;1008,2;1008,2;1007,9;249,2;26,8;21,8;27,6;26,8;21,8;21,4;74;70;74;157;10,8;5,5;
2020/06/21;2100 UTC;0;1008,4;1008,4;1008,2;18,9;25,8;21,9;26,8;25,8;21,9;21,7;79;74;79;169;9,7;3,8;
2020/06/21;2200 UTC;0;1008,6;1008,6;1008,3;;25,5;21,8;25,8;25,5;21,9;21,7;80;79;80;171;7;3,7;
2020/06/21;2300 UTC;0;1009;1009;1008,6;;25,1;21,6;25,5;25,1;21,8;21,6;81;80;81;180;6,9;3;
2020/06/22;0000 UTC;0;1009,4;1009,5;1009;;24,5;21,5;25,1;24,5;21,6;21,5;83;81;83;178;5,9;3,2;
2020/06/22;0100 UTC;0;1009,5;1009,6;1009,4;;24,2;21,5;24,5;24,2;21,6;21,5;85;83;85;184;5,8;2,8;
2020/06/22;0200 UTC;0;1009,6;1009,6;1009,5;;24,3;21,5;24,3;24,2;21,6;21,5;85;85;85;192;5,5;2,7;
2020/06/22;0300 UTC;0;1008,9;1009,6;1008,9;;24;21,2;24,3;24;21,5;21,2;85;84;84;193;6,3;2,8;
2020/06/22;0400 UTC;0;1008,2;1008,9;1008,2;;23,7;21,2;24,1;23,7;21,3;21,2;86;84;86;189;6;2,8;
2020/06/22;0500 UTC;0;1007,6;1008,2;1007,6;;23,9;21,1;23,9;23,7;21,3;21,1;86;84;84;193;6,2;3,3;
2020/06/22;0600 UTC;0;1007,1;1007,7;1007;;23,8;20,7;24;23,8;21,1;20,7;84;82;83;194;6,8;3,6;
2020/06/22;0700 UTC;0;1007,1;1007,4;1007,1;;23,8;20,6;23,9;23,6;20,8;20,6;84;82;82;181;7,9;3,6;
2020/06/22;0800 UTC;0;1007,1;1007,1;1006,9;;23,1;20,5;23,8;23,1;20,6;20,4;85;82;85;189;7,9;3,6;
2020/06/22;0900 UTC;0;1007,4;1007,5;1007,1;7;23,1;20,2;23,1;23;20,5;20,2;85;84;84;191;7,2;3,9;
2020/06/22;1000 UTC;0;1008,2;1008,2;1007,4;370,1;23,9;20,2;23,9;23;20,4;20,1;84;80;80;188;7,8;3,2;
2020/06/22;1100 UTC;0;1008,8;1008,8;1008,2;790,6;25,1;20,1;25,1;23,9;20,3;19,8;80;74;74;178;9,6;3,9;
2020/06/22;1200 UTC;0;1009,2;1009,3;1008,8;1659,6;26,5;21;26,5;25,1;21;20;74;71;72;175;10,8;5,2;
2020/06/22;1300 UTC;0;1009,5;1009,5;1009,1;1405,3;26,9;21,8;27,3;26,5;21,9;20,9;74;69;74;152;11,6;4,8;
2020/06/22;1400 UTC;0;1009;1009,5;1009;1965,2;27,7;21,9;28,4;26,5;22,6;21,5;75;69;71;157;13,3;7,2;
2020/06/22;1500 UTC;0;1008,6;1009;1008,4;2592,2;27,9;22;29,3;27,7;22,7;21,4;72;64;70;154;14,5;7,8;
2020/06/22;1600 UTC;0;1007,8;1008,7;1007,8;1710,6;28,9;22,2;28,9;27,4;22,3;20,9;72;66;67;160;13,5;6,1;
2020/06/22;1700 UTC;0;1007;1007,8;1007;1791,1;28,1;21,5;29;28;22,1;21;68;64;67;151;12,3;6,6;
2020/06/22;1800 UTC;0;1006,7;1007;1006,6;1343,1;27,7;21,8;28,6;27,7;22,4;21,4;70;67;70;163;13,4;6,3;
2020/06/22;1900 UTC;0;1006,6;1006,7;1006,6;767,6;27,5;21,8;27,9;27,4;22,1;21,3;71;68;71;155;12,5;6,2;
2020/06/22;2000 UTC;0;1006,6;1006,7;1006,6;273,9;26,9;21,8;27,5;26,9;22;21,6;74;71;74;162;11,1;5;
2020/06/22;2100 UTC;0;1006,7;1006,7;1006,4;16,2;26,2;21,1;26,9;26,2;21,8;21,1;74;72;74;164;10,9;3,9;
2020/06/22;2200 UTC;0;1006,6;1006,7;1006,5;;25,5;21;26,2;25,5;21,1;20,9;76;74;76;160;7,5;4,3;
2020/06/22;2300 UTC;0;1006,9;1006,9;1006,6;;25,3;21,1;25,5;25,3;21,1;20,9;78;76;78;159;7,5;3,8;
2020/06/23;0000 UTC;0;1007,5;1007,5;1006,9;;25,1;21,2;25,3;25;21,3;21,1;79;78;79;168;6,8;3,6;
2020/06/23;0100 UTC;0;1007,7;1007,7;1007,5;;25;21,3;25,1;24,9;21,4;21,2;80;79;80;171;6,5;3,9;
2020/06/23;0200 UTC;0;1007,4;1007,7;1007,3;;24,3;21,3;25;24,3;21,4;21,2;83;80;83;182;6,5;2,9;
2020/06/23;0300 UTC;0;1007,1;1007,5;1007,1;;23,7;21,3;24,3;23,7;21,4;21,2;86;83;86;180;5,4;2,6;
2020/06/23;0400 UTC;0;1006,8;1007,1;1006,8;;23,4;21,3;23,7;23,4;21,4;21,2;88;86;88;180;5,7;3;
2020/06/23;0500 UTC;0;1006,3;1006,8;1006,3;;23,2;21,2;23,4;23,2;21,3;21,2;88;88;88;185;5,8;2,5;
2020/06/23;0600 UTC;0;1005,8;1006,3;1005,8;;23;20,9;23,3;23;21,3;20,9;89;88;88;185;6,3;2,9;
2020/06/23;0700 UTC;0;1006;1006;1005,7;;23,1;20,9;23,2;23;21;20,9;88;88;88;179;5,6;3,3;
2020/06/23;0800 UTC;0;1006;1006,1;1005,9;;23;20,7;23,1;23;20,9;20,7;88;87;87;178;7,6;3,2;
2020/06/23;0900 UTC;0;1006;1006;1005,9;11,5;23;20,6;23,2;22,9;20,8;20,6;87;86;86;176;6,8;3,5;
2020/06/23;1000 UTC;0;1007,1;1007,1;1006;247,6;23,5;20,7;23,5;23;20,7;20,6;86;84;84;180;6,9;2,1;
2020/06/23;1100 UTC;0;1007,6;1007,6;1007,1;767,4;25,2;21,2;25,2;23,5;21,2;20,6;84;79;79;175;4,6;2,6;
2020/06/23;1200 UTC;0;1007,8;1007,9;1007,6;1802,6;27,5;19;27,8;25,2;21,6;19;79;60;60;139;11,1;6,9;
2020/06/23;1300 UTC;0;1007,7;1007,8;1007,7;2001,4;28,2;20,3;28,2;27,4;20,8;19;65;60;63;142;12,1;5,9;
2020/06/23;1400 UTC;0;1007,8;1007,9;1007,7;1926,6;28,2;21,1;28,4;27,7;21,6;19,8;67;61;66;142;10,8;5;
2020/06/23;1500 UTC;0;1007,2;1007,8;1007,2;1945,5;28,5;20,7;28,5;27,8;21,3;20;66;62;63;159;10,9;5,2;
2020/06/23;1600 UTC;0;1006;1007,2;1006;2182,4;28,5;20,7;29;28;21,2;20,5;65;62;63;158;10,5;6,4;
2020/06/23;1700 UTC;0;1005,5;1006;1005,5;1700,5;28,2;20,6;28,8;28,1;20,9;19,9;64;60;64;147;10;5,3;
2020/06/23;1800 UTC;0;1005,2;1005,5;1005,2;1628,1;28,3;20,9;28,7;28;21,1;19,3;65;58;64;158;10,4;4,8;
2020/06/23;1900 UTC;0;1005,3;1005,3;1005;751,5;27,7;21,5;28,4;27,6;21,7;20,1;69;63;69;148;10,5;5;
2020/06/23;2000 UTC;0;1005,6;1005,6;1005,3;255,7;27,2;20,9;27,8;27,2;21,9;20,5;72;66;68;164;8,8;5;
2020/06/23;2100 UTC;0;1005,7;1005,7;1005,5;21,3;26,6;21,2;27,2;26,6;21,2;20,7;72;68;72;159;10,9;4,6;
2020/06/23;2200 UTC;0;1006,2;1006,2;1005,7;;26,4;21,4;26,6;26,3;21,4;21;74;72;74;163;8,7;4,1;
2020/06/23;2300 UTC;0;1006,7;1006,7;1006,2;;26,3;21,5;26,4;26,2;21,6;21,4;76;74;75;168;8,5;4,5;
2020/06/24;0000 UTC;0;1006,7;1006,7;1006,5;;26;21,8;26,3;26;21,8;21,5;78;75;78;173;8,3;3,3;
2020/06/24;0100 UTC;0;1007,2;1007,2;1006,7;;25,5;22;26,1;25,4;22;21,8;81;78;81;166;6,8;3,3;
2020/06/24;0200 UTC;0;1007;1007,2;1007;;25,4;22,1;25,6;25,4;22,1;22;82;81;82;170;7,1;3,4;
2020/06/24;0300 UTC;0;1006,2;1007;1006,2;;24,8;22,1;25,4;24,8;22,2;22,1;85;82;85;183;7,1;3,1;
2020/06/24;0400 UTC;0;1005,8;1006,2;1005,8;;24,3;22,1;24,8;24,3;22,2;22,1;88;85;88;181;6,6;3,1;
2020/06/24;0500 UTC;0;1005,4;1005,8;1005,4;;24,4;22,3;24,4;24,2;22,3;22,1;88;88;88;176;7;2,7;
2020/06/24;0600 UTC;0;1005,4;1005,5;1005,2;;24,3;22,2;24,4;24,2;22,3;22,2;89;88;88;179;7,1;3,9;
2020/06/24;0700 UTC;0;1005,6;1005,6;1005,3;;24,3;22,1;24,4;24,2;22,2;22,1;89;87;87;188;7,1;3,1;
2020/06/24;0800 UTC;0;1006;1006;1005,6;;24,3;22;24,3;24,2;22,1;22;88;87;87;186;6,3;3,1;
2020/06/24;0900 UTC;0;1006,1;1006,1;1005,9;9,5;24,2;21,9;24,3;24;21,9;21,8;87;87;87;177;7,1;3,5;
2020/06/24;1000 UTC;0;1006,9;1006,9;1006,1;244,9;24,5;21,9;24,5;24,1;22;21,9;88;86;86;186;7;4;
2020/06/24;1100 UTC;0;1007,4;1007,4;1006,8;508,6;25,4;22,1;25,4;24,5;22,2;21,9;86;82;82;175;7,4;3,8;
2020/06/24;1200 UTC;0;1007,7;1007,7;1007,4;1030,3;26,3;21,7;26,6;25,4;22,5;21,7;82;76;76;177;9,6;5,5;
2020/06/24;1300 UTC;0;1007,6;1007,8;1007,5;1533,6;27,7;20,7;28,1;26,3;21,9;20,7;76;66;66;152;12,9;6,6;
2020/06/24;1400 UTC;0;1007,7;1007,8;1007,5;1769,9;27,9;21,2;28,2;27,2;21,8;20,6;70;66;67;149;12,9;7,3;
2020/06/24;1500 UTC;0;1007,1;1007,7;1007,1;2303,5;27,5;20,7;29;27,5;21,7;20;69;62;67;146;13,3;6,4;
2020/06/24;1600 UTC;0;1006,9;1007,2;1006,8;1015,3;26,7;21,7;27,8;26,7;21,7;19,8;74;63;74;142;12,4;6;
2020/06/24;1700 UTC;0;1006,2;1007;1006,2;1223,3;27,2;20,9;27,7;26,3;21,6;20,7;74;68;69;142;11,4;5,4;
2020/06/24;1800 UTC;0;1005,9;1006,2;1005,9;983;27;19,3;27,4;26,9;21,2;19,2;70;62;63;159;11,5;6,4;
2020/06/24;1900 UTC;0;1005,9;1005,9;1005,8;552,9;26,6;19,1;27,2;26,6;19,6;18,3;63;59;63;152;10,3;5;
2020/06/24;2000 UTC;0;1006,2;1006,2;1005,9;165,3;26,1;20,4;26,6;26,1;20,4;19,1;71;63;71;158;9,1;4,1;
2020/06/24;2100 UTC;0;1006,6;1006,6;1006,2;16,4;25,7;20,5;26,1;25,7;20,6;20,4;73;71;73;166;7,4;3,4;
2020/06/24;2200 UTC;0;1007;1007;1006,6;;25,6;20,6;25,7;25,5;20,6;20,5;74;73;74;169;7,2;3,5;
2020/06/24;2300 UTC;0;1007,3;1007,3;1007;;25,5;20,6;25,6;25,4;20,7;20,5;75;74;74;169;7,2;3,9;
2020/06/25;0000 UTC;0;1007,9;1007,9;1007,3;;25,3;20,3;25,5;25,3;20,7;20,3;76;73;74;182;6,9;3,5;
2020/06/25;0100 UTC;0;1008;1008,1;1007,9;;25,1;20,2;25,4;25,1;20,3;20,1;74;73;74;182;7;3,6;
2020/06/25;0200 UTC;0;1007,7;1008;1007,7;;24,5;20,1;25,1;24,4;20,2;20,1;77;74;77;183;8,9;3;
2020/06/25;0300 UTC;0;1007,5;1007,8;1007,5;;24,2;20,2;24,5;24,1;20,3;20,1;79;77;79;192;6;3,3;
2020/06/25;0400 UTC;0;1007,2;1007,5;1007,1;;23,7;20,2;24,2;23,7;20,2;20,1;80;79;80;193;6,4;2,8;
2020/06/25;0500 UTC;0;1007,1;1007,2;1007;;23,5;20,3;23,8;23,5;20,3;20,2;82;80;82;186;5,4;1,9;
2020/06/25;0600 UTC;0;1006,8;1007,1;1006,8;;23,5;20,4;23,6;23,5;20,5;20,3;83;82;83;194;4,9;1,6;
2020/06/25;0700 UTC;0;1006,7;1006,8;1006,7;;23,4;20,6;23,5;23,4;20,6;20,4;84;83;84;187;4;1,7;
2020/06/25;0800 UTC;0;1006,9;1006,9;1006,7;;23,5;20,7;23,6;23,4;20,7;20,6;84;84;84;190;4;2,2;
2020/06/25;0900 UTC;0;1007;1007;1006,9;9,5;23,6;20,9;23,6;23,5;20,9;20,7;85;84;85;190;4,1;2,1;
2020/06/25;1000 UTC;0;1007,5;1007,5;1007;268;24,2;21;24,2;23,6;21,1;20,9;85;82;82;189;4,7;2,3;
2020/06/25;1100 UTC;0;1008,2;1008,2;1007,5;583,2;25,8;21,8;25,8;24,2;21,9;21,1;83;79;79;193;4,9;2,6;
2020/06/25;1200 UTC;0;1008,8;1008,8;1008,2;1402,3;26,4;22,1;28,3;25,8;22,4;21,3;79;67;77;176;10,5;3,4;
2020/06/25;1300 UTC;0;1009;1009;1008,7;1316,3;27,9;21,2;28,1;26,4;22,1;21;77;67;67;150;10,2;4,7;
2020/06/25;1400 UTC;0;1008,8;1009;1008,8;2929,7;29,1;20,9;29,2;27,8;21,8;20,4;68;61;61;146;11,4;6,3;
2020/06/25;1500 UTC;0;1008,4;1008,8;1008,4;2734,5;28,7;21,4;29,2;28,1;21,8;20,3;67;61;65;138;11,1;5,7;
2020/06/25;1600 UTC;0;1007,8;1008,4;1007,8;3072,8;28,9;21,1;29,6;28,3;22,4;20,7;68;61;63;141;10,5;5,1;
2020/06/25;1700 UTC;0;1007,2;1007,8;1007,2;1918,9;28;21,1;29,7;28;21,9;20,3;66;59;66;140;11,5;5;
2020/06/25;1800 UTC;0;1006,9;1007,2;1006,9;1400;28,5;20,4;28,7;27,6;21,5;20,2;67;61;62;148;10;5,1;
2020/06/25;1900 UTC;0;1007,1;1007,1;1006,8;976,7;27,9;20,6;28,6;27,8;20,8;20,1;65;62;64;138;10,6;4,7;
2020/06/25;2000 UTC;0;1007,4;1007,5;1007,1;213;27,1;21;27,9;27,1;21;20,5;69;64;69;152;8,7;3,5;
2020/06/25;2100 UTC;0;1007,9;1007,9;1007,4;16,7;26,2;20,4;27,1;26,2;21,2;20,4;72;69;70;164;7,1;3,7;
2020/06/25;2200 UTC;0;1008,5;1008,5;1007,9;;25,7;20,9;26,2;25,7;20,9;20,3;75;70;75;162;6,1;3;
2020/06/25;2300 UTC;0;1008,8;1008,8;1008,5;;25,5;20,7;25,7;25,4;20,9;20,7;75;75;75;168;5,5;2,5;
2020/06/26;0000 UTC;0;1008,8;1008,8;1008,7;;24,9;20,9;25,5;24,9;20,9;20,7;78;75;78;182;5,5;3,3;
2020/06/26;0100 UTC;0;1008,9;1008,9;1008,8;;24,5;20,8;24,9;24,5;20,9;20,8;80;78;80;177;6,1;2,9;
2020/06/26;0200 UTC;0;1008,7;1008,9;1008,6;;24,1;20,6;24,5;24;20,8;20,5;81;80;81;183;5;2,3;
2020/06/26;0300 UTC;0;1008,2;1008,7;1008,2;;23,8;20,7;24,1;23,7;20,7;20,6;83;81;83;191;5,7;3,2;
2020/06/26;0400 UTC;0;1008;1008,3;1008;;23,3;20,8;23,8;23,3;20,9;20,7;86;83;86;189;5,8;2,3;
2020/06/26;0500 UTC;0;1007,8;1008;1007,8;;22,9;21;23,3;22,9;21,1;20,8;89;86;89;201;4,9;1,6;
2020/06/26;0600 UTC;0;1007,4;1007,8;1007,4;;22,2;20,8;22,9;22,2;21,1;20,8;92;89;92;215;3,9;1,8;
2020/06/26;0700 UTC;0;1007,3;1007,4;1007,3;;22,1;20,9;22,2;22;21;20,8;93;92;93;216;4,2;1,7;
2020/06/26;0800 UTC;0;1007,7;1007,7;1007,3;;21,8;20,8;22,1;21,8;20,9;20,8;94;93;94;208;3,7;1,5;
2020/06/26;0900 UTC;0;1007,8;1007,9;1007,7;17,9;22;21,1;22;21,7;21,1;20,7;95;94;95;208;4,2;2,1;
2020/06/26;1000 UTC;0;1008,2;1008,3;1007,8;396,2;23,5;22,1;23,5;22;22,1;21,1;95;92;92;204;4,2;1,7;
2020/06/26;1100 UTC;0;1008,5;1008,5;1008,2;1317;25,5;22,7;25,5;23,5;22,8;22;92;85;85;191;6,2;3;
2020/06/26;1200 UTC;0;1009;1009;1008,5;1647,9;26,8;22,7;26,9;25,4;23,2;22,4;85;78;78;179;7,3;4,2;
2020/06/26;1300 UTC;0;1009,1;1009,1;1008,9;2369,8;28,3;22,5;29,1;26,8;23,5;22,2;79;68;71;137;8,6;4,8;
2020/06/26;1400 UTC;0;1008,8;1009,1;1008,7;3017;28,5;22,6;29,3;28,1;23,5;22,3;73;70;70;143;10,6;5,7;
2020/06/26;1500 UTC;0;1008,4;1008,9;1008,4;2776,8;28,7;22,5;29,3;27,7;23,7;22,2;76;68;69;139;9,5;4,8;
2020/06/26;1600 UTC;0;1007,8;1008,4;1007,8;2929,1;28,9;23,3;29,5;28,4;23,5;21,9;72;66;72;143;8,9;4,4;
2020/06/26;1700 UTC;0;1007,2;1007,8;1007,2;2558,5;28,1;22,3;29,2;27,4;23,5;22,3;76;69;71;133;10,3;4;
2020/06/26;1800 UTC;,2;1007,1;1007,3;1007,1;1332,3;25,3;22,6;28,7;25,3;23,7;22;86;70;85;144;9,4;3,7;
2020/06/26;1900 UTC;0;1007,5;1007,5;1007,1;754,7;25,9;22,5;26,7;25,3;23,5;21,9;87;77;81;118;6,9;4;
2020/06/26;2000 UTC;2,4;1007,6;1007,8;1007,5;270,1;24,1;22,8;26;23,4;23,4;21,6;93;81;93;103;7,6;2,2;
2020/06/26;2100 UTC;0;1007,9;1007,9;1007,6;30,5;24,2;22,9;24,6;24,1;23,2;22,8;94;92;93;127;5,7;3,2;
2020/06/26;2200 UTC;,2;1008,2;1008,2;1007,9;;23,7;22,8;24,2;23,5;22,9;22,5;95;92;95;155;5,7;3;
2020/06/26;2300 UTC;1,6;1008,6;1008,6;1008,2;;23,2;22,6;23,7;23,1;22,8;22,4;96;95;96;144;6,1;3,1;
2020/06/27;0000 UTC;3,8;1009;1009;1008,6;;23,1;22,6;23,3;23;22,8;22,5;97;96;97;136;5,5;2,7;
2020/06/27;0100 UTC;7,2;1008,7;1009,1;1008,7;;22,7;22,3;23,2;22,5;22,8;22,1;98;97;98;144;6,4;2,5;
2020/06/27;0200 UTC;,2;1008,5;1008,7;1008,5;;23,1;22,6;23,1;22,6;22,6;22,2;98;97;97;144;4;,8;
2020/06/27;0300 UTC;0;1007,8;1008,5;1007,8;;23,1;22,6;23,1;22,9;22,6;22,4;97;97;97;145;2,2;,9;
2020/06/27;0400 UTC;0;1007,2;1007,8;1007,2;;23,2;22,3;23,4;23,1;22,8;22,3;97;95;95;163;5;2,1;
2020/06/27;0500 UTC;0;1007;1007,3;1007;;23,1;22,2;23,2;23;22,4;22,2;95;95;95;162;5,5;3,4;
2020/06/27;0600 UTC;0;1006,7;1007;1006,7;;22,9;22;23,1;22,9;22,2;22;95;95;95;166;6,3;3,3;
2020/06/27;0700 UTC;0;1006,8;1006,8;1006,6;;22,6;21,5;22,9;22,5;22,1;21,5;95;94;94;188;6,7;3,5;
2020/06/27;0800 UTC;0;1007;1007;1006,8;;22,5;21,1;22,7;22,5;21,5;21,1;94;91;92;158;6,9;3;
2020/06/27;0900 UTC;0;1007,2;1007,2;1007;13,1;22,7;21,2;22,7;22,5;21,3;21,1;92;92;92;178;6;3,4;
2020/06/27;1000 UTC;0;1007,6;1007,6;1007,2;203,9;23;21,7;23;22,6;21,7;21,2;93;92;93;177;5,8;2,8;
2020/06/27;1100 UTC;0;1008,1;1008,1;1007,6;647,4;24;22,3;24;23;22,4;21,8;93;90;91;165;6,2;3,2;
2020/06/27;1200 UTC;8,8;1008,4;1008,5;1008,1;365,6;22,5;21,9;24;22,4;22,4;21,8;97;90;97;121;8,4;4,9;
2020/06/27;1300 UTC;10,8;1008,5;1008,6;1008,4;633,4;23,6;23,2;23,6;22,5;23,3;21,9;98;97;98;138;8,6;3,7;
2020/06/27;1400 UTC;0;1007,5;1008,5;1007,5;2352,3;26,3;22,4;26,3;23,6;23,9;21,9;98;78;80;164;8,3;4,4;
2020/06/27;1500 UTC;0;1006,9;1007,5;1006,9;2703,1;26,8;22,1;27,5;26,3;23;21,6;80;72;75;128;8,5;4,1;
2020/06/27;1600 UTC;0;1006,1;1006,9;1006,1;2357,1;27,4;22,3;27,6;26,6;22,5;21;76;70;74;142;8,6;5,2;
2020/06/27;1700 UTC;0;1005,5;1006,1;1005,5;2464,3;27,9;22,1;28,1;27,3;22,6;21;74;68;71;148;8,3;4,1;
2020/06/27;1800 UTC;0;1005,6;1005,6;1005,4;1763,9;27,7;22,2;28,1;27,2;22,7;21,1;73;68;72;148;8;4,4;
2020/06/27;1900 UTC;0;1005,9;1005,9;1005,6;798,3;26,4;22,5;27,9;26,4;22,5;21;79;69;79;131;7,9;4,2;
2020/06/27;2000 UTC;0;1006,1;1006,1;1005,9;346,5;26,3;21,7;26,4;25,1;23,3;21,6;88;75;76;139;9,4;3,2;
2020/06/27;2100 UTC;0;1006,5;1006,5;1006,1;21,7;25;22,4;26,3;24,9;22,4;21,8;85;76;85;143;7,1;2,7;
2020/06/27;2200 UTC;0;1006,9;1006,9;1006,5;;24,8;22;25,2;24,8;22,9;21,9;88;84;84;157;6,4;3,1;
2020/06/27;2300 UTC;0;1007,6;1007,6;1006,9;;24,6;22;24,8;24,5;22,1;21,7;85;84;85;161;6;1,6;
2020/06/28;0000 UTC;0;1007,8;1007,8;1007,5;;24,5;22,6;24,7;24,4;22,7;21,9;89;85;89;162;4,6;2,9;
2020/06/28;0100 UTC;0;1008;1008;1007,7;;24,6;22,2;24,7;24,3;22,6;22,2;89;87;87;181;4,6;2,2;
2020/06/28;0200 UTC;0;1008,2;1008,2;1008;;24,5;22,1;24,6;24,5;22,2;22;87;86;87;191;4,6;2,7;
2020/06/28;0300 UTC;0;1007,9;1008,2;1007,9;;23,9;22,1;24,5;23,9;22,1;22;90;87;90;187;5,8;2,3;
2020/06/28;0400 UTC;0;1007,4;1007,9;1007,4;;24,2;22,1;24,4;23,9;22,2;22,1;90;87;88;176;5,7;2,5;
2020/06/28;0500 UTC;0;1007,3;1007,4;1007,3;;23,9;22,2;24,3;23,8;22,2;22;90;88;90;194;5,7;2,3;
2020/06/28;0600 UTC;,6;1007,4;1007,4;1007,2;;23,4;22,2;24;23,4;22,3;22;93;90;93;186;5,9;2,7;
2020/06/28;0700 UTC;0;1007,4;1007,5;1007,3;;23,1;22;23,4;23;22,2;22;94;93;94;185;5,3;1,6;
2020/06/28;0800 UTC;0;1007,8;1007,8;1007,4;;23,2;21,9;23,2;23,1;22,1;21,9;94;93;93;186;4,8;2,4;
2020/06/28;0900 UTC;0;1008,2;1008,2;1007,8;14,9;23,3;22,1;23,3;23,1;22,1;21,9;93;93;93;194;4,5;2,3;
2020/06/28;1000 UTC;0;1008,6;1008,6;1008,2;229,7;23,8;22,4;23,8;23,3;22,4;22;93;92;92;183;5,7;2,8;
2020/06/28;1100 UTC;0;1009,1;1009,1;1008,6;1276,2;25,9;22,8;25,9;23,8;23,1;22,3;92;82;83;165;7,6;4,2;
2020/06/28;1200 UTC;0;1009,5;1009,5;1009,1;1835,6;26,7;22,9;27,1;25,7;23;22,3;83;77;80;167;8,6;4,7;
2020/06/28;1300 UTC;0;1009,1;1009,5;1009;2125;27,8;23,1;28;26,4;23,3;22,5;81;73;76;161;9,4;4,7;
2020/06/28;1400 UTC;,2;1008,5;1009,1;1008,5;2976,9;27,8;22,8;28,7;27,7;23,8;22,4;77;70;74;136;8,5;4,5;
2020/06/28;1500 UTC;0;1007,8;1008,5;1007,7;2983;28,6;23,4;29,1;27,8;23,7;21,5;75;66;73;124;8,3;4,5;
2020/06/28;1600 UTC;0;1007,1;1007,8;1007,1;2871,5;28,3;22,4;29,2;28,2;24,2;21,6;77;66;70;140;9,4;5,4;
2020/06/28;1700 UTC;0;1006,5;1007,1;1006,5;2552,6;28,1;22,4;28,7;27,7;22,9;21,2;73;67;71;130;9,1;4,9;
2020/06/28;1800 UTC;0;1006,4;1006,5;1006,4;2017;27,7;22,6;28,4;27,5;23,4;22,3;77;71;74;139;9,5;5;
2020/06/28;1900 UTC;0;1006,6;1006,6;1006,3;847,8;27,2;23,4;27,8;27,2;23,8;22,4;80;73;80;145;10;5,6;
2020/06/28;2000 UTC;0;1006,8;1006,8;1006,6;398,2;26,6;23,2;27,4;26,6;23,7;23;82;78;82;138;10,3;4,9;
2020/06/28;2100 UTC;0;1007,1;1007,1;1006,8;21,5;26,1;23,4;26,6;26,1;23,7;23,2;85;82;85;147;9,5;5;
2020/06/28;2200 UTC;0;1007,2;1007,3;1007,1;;25,9;23;26,2;25,9;23,4;22,9;85;82;84;158;9,4;3,7;
2020/06/28;2300 UTC;0;1007,9;1007,9;1007,2;;25,6;23,2;25,9;25,6;23,4;23;87;84;87;161;8,9;4,8;
2020/06/29;0000 UTC;0;1008,4;1008,4;1007,9;;25;22,9;25,6;25;23,2;22,9;89;87;88;165;7,6;3,9;
2020/06/29;0100 UTC;0;1008,5;1008,6;1008,4;;24,4;22,4;25;24,4;22,9;22,4;88;88;88;183;7,7;3,8;
2020/06/29;0200 UTC;0;1008,3;1008,6;1008,3;;24;22,3;24,4;24;22,4;22,3;90;88;90;180;7,6;4;
2020/06/29;0300 UTC;0;1008;1008,3;1008;;23,9;22,2;24;23,9;22,3;22,2;90;90;90;187;7,8;2,9;
2020/06/29;0400 UTC;0;1007,5;1008;1007,5;;23,6;22,4;23,9;23,5;22,4;22,2;93;90;93;189;5,4;2,5;
2020/06/29;0500 UTC;,2;1006,9;1007,5;1006,9;;23,3;22,2;23,6;23,3;22,4;22,2;94;93;94;190;5,6;2,9;
2020/06/29;0600 UTC;0;1006,7;1006,9;1006,6;;23,2;22,1;23,3;23,2;22,2;22,1;94;93;94;179;5,8;3,1;
2020/06/29;0700 UTC;0;1007,1;1007,1;1006,7;;23,2;22;23,2;23,2;22,1;22;94;93;93;193;6;2,2;
2020/06/29;0800 UTC;0;1007,4;1007,4;1007,1;;23,2;21,9;23,3;23,1;22,1;21,8;93;92;92;193;5,9;2,9;
2020/06/29;0900 UTC;,2;1007,6;1007,6;1007,4;5,6;23,2;22,1;23,4;23;22,1;21,8;94;92;94;177;6,5;3;
2020/06/29;1000 UTC;,2;1008,5;1008,5;1007,6;110,5;23,3;22,2;23,3;23,1;22,2;21,9;94;93;94;160;5,5;2;
2020/06/29;1100 UTC;3,6;1009,2;1009,3;1008,5;327,5;23,1;22,4;23,8;23;22,6;21,9;96;92;96;154;6,1;2,8;
2020/06/29;1200 UTC;4,6;1009,4;1009,5;1009,2;608,3;23,8;23,3;23,8;23;23,3;22,3;97;96;97;176;8,8;3,7;
2020/06/29;1300 UTC;0;1009,1;1009,4;1009,1;1589,1;25,7;23,4;25,8;23,8;23,9;22,9;97;86;87;182;8,2;4,1;
2020/06/29;1400 UTC;0;1008,9;1009,2;1008,8;1721,3;26,6;23,2;26,9;24,9;23,7;22,8;89;80;82;155;9,3;4,7;
2020/06/29;1500 UTC;0;1008,4;1008,8;1008,4;2143,5;26,3;22,8;27,5;26,1;23,5;21,9;82;75;81;143;10;5,5;
2020/06/29;1600 UTC;0;1007,4;1008,4;1007,4;2251,2;27,6;21,8;27,6;26,2;23,3;21,2;82;68;71;135;9,7;4,4;
2020/06/29;1700 UTC;0;1006,7;1007,4;1006,7;1717,6;27,6;21,8;28,3;27,3;22,7;21,6;74;70;71;155;9,2;5,9;
2020/06/29;1800 UTC;0;1006,6;1006,8;1006,6;1515,1;27,8;22,2;28,2;27,6;23;21,7;73;70;71;158;11,3;5,9;
2020/06/29;1900 UTC;0;1007,1;1007,1;1006,6;618,5;26,3;21,5;27,9;26,3;22,7;21,5;75;71;75;154;11,7;5,7;
2020/06/29;2000 UTC;0;1007,4;1007,5;1007,1;173,4;26,5;22,3;26,5;25,7;22,7;20,9;80;74;78;157;11,7;4;
2020/06/29;2100 UTC;0;1007,7;1007,7;1007,4;14,9;26,1;22,2;26,5;26,1;22,3;22;79;77;79;169;7,8;3,2;
2020/06/29;2200 UTC;0;1008,2;1008,2;1007,7;;26;21,8;26,1;25,9;22,3;21,8;80;78;78;170;6,2;3,1;
2020/06/29;2300 UTC;0;1008,4;1008,4;1008,2;;25,7;21,7;26;25,7;21,8;21,7;78;78;78;167;6,7;3,3;
2020/06/30;0000 UTC;0;1008,8;1008,8;1008,4;;25,6;21,8;25,8;25,6;21,8;21,7;79;78;79;164;6,2;3,1;
2020/06/30;0100 UTC;0;1008,7;1009;1008,7;;25,2;21,6;25,7;25,2;21,8;21,6;81;79;81;175;6,3;3,2;
2020/06/30;0200 UTC;0;1008,8;1008,8;1008,7;;24,8;21,5;25,2;24,8;21,7;21,5;82;81;82;176;5,8;3;
2020/06/30;0300 UTC;0;1008,5;1008,8;1008,5;;24,3;21,1;24,8;24,3;21,5;21,1;83;81;83;184;6,4;3,1;
2020/06/30;0400 UTC;0;1007,9;1008,5;1007,9;;23,8;20,9;24,3;23,8;21,1;20,9;84;83;84;188;5,6;2,7;
2020/06/30;0500 UTC;0;1007,2;1007,9;1007,2;;23,3;20,7;23,8;23,3;20,9;20,7;85;84;85;189;5,1;2,8;
2020/06/30;0600 UTC;0;1006,9;1007,2;1006,8;;22,9;20,5;23,3;22,9;20,7;20,5;86;85;86;190;4,9;2,8;
2020/06/30;0700 UTC;0;1006,9;1007;1006,8;;22,8;20,4;23;22,7;20,6;20,4;87;86;87;191;5;2,5;
2020/06/30;0800 UTC;0;1007,2;1007,2;1006,9;;22,3;20,3;22,8;22,3;20,5;20,2;88;86;88;206;5,3;2,2;
2020/06/30;0900 UTC;0;1007,6;1007,6;1007,2;13,3;22,4;20,5;22,4;22,2;20,5;20,2;89;88;89;187;5,5;2,4;
2020/06/30;1000 UTC;0;1007,9;1007,9;1007,6;440;23,5;20,6;23,6;22,5;20,8;20,5;89;84;84;190;6,5;3,1;
2020/06/30;1100 UTC;0;1008,3;1008,3;1007,9;1139,4;25,8;21,4;25,8;23,5;21,5;20,6;84;77;77;177;6,8;3,7;
2020/06/30;1200 UTC;0;1008,2;1008,3;1008,2;2099,9;27,8;21,1;28;25,8;22;21,1;77;67;67;167;9,7;4,9;
2020/06/30;1300 UTC;0;1008,2;1008,3;1008,1;2415;28,1;21,3;28,4;27,4;22,1;20,8;70;66;67;145;12,2;6,2;
2020/06/30;1400 UTC;0;1007,6;1008,2;1007,6;3029,1;28,3;21,8;29,1;28;22,5;21;68;65;68;138;11,7;5,6;
2020/06/30;1500 UTC;0;1007,1;1007,7;1007,1;3151,6;28,4;21,7;28,9;28,1;22,5;21,2;70;65;67;143;11,3;6,9;
2020/06/30;1600 UTC;0;1006,5;1007,2;1006,5;2886,5;28,7;21,9;29;28,2;22,4;21,1;69;64;67;138;11,3;5,5;
2020/06/30;1700 UTC;0;1005,9;1006,5;1005,9;2527,6;28,3;21,5;28,8;28;22,6;21;70;65;67;147;11,1;6,3;
2020/06/30;1800 UTC;0;1005,7;1005,9;1005,6;1877,9;27,8;22,2;28,6;27,8;22,6;21,5;72;66;71;144;11,1;5,1;
2020/06/30;1900 UTC;0;1005,7;1005,7;1005,5;789,8;27,2;21,7;28,2;27,2;22,9;21,6;76;69;72;139;10,4;5,8;
2020/06/30;2000 UTC;0;1006,1;1006,1;1005,7;244,2;26,7;22,9;27,2;26,6;23,1;21,7;81;72;80;136;10,4;3,9;
2020/06/30;2100 UTC;0;1006,5;1006,5;1006;19,5;26,5;21,8;26,8;26,3;23;21,8;80;75;75;149;8,2;4,2;
2020/06/30;2200 UTC;0;1006,9;1006,9;1006,5;;26;22,2;26,6;26;22,2;21,4;80;74;80;158;8,2;2,9;
2020/06/30;2300 UTC;0;1007,4;1007,4;1006,9;;25,7;22,1;26;25,7;22,2;21,8;80;79;80;149;5,1;2;
2020/07/01;0000 UTC;0;1007,7;1007,8;1007,4;;25,8;22,1;25,9;25,7;22,3;22;81;80;80;149;4,1;1,6;
2020/07/01;0100 UTC;,2;1007,9;1008;1007,7;;24,7;22,5;25,9;24,7;23;22,1;87;80;87;195;6,8;1,7;
2020/07/01;0200 UTC;1;1007,8;1008,2;1007,8;;23,8;22,7;25;23,8;22,7;22,2;94;87;94;204;5;1,4;
2020/07/01;0300 UTC;1,6;1007,7;1008;1007,7;;23,4;22,6;24;23,4;23;22,5;95;94;95;198;6;1,7;
2020/07/01;0400 UTC;,6;1007,4;1007,8;1007,4;;23;22,3;23,5;23;22,7;22,2;96;95;96;193;6;2,8;
2020/07/01;0500 UTC;0;1006,5;1007,4;1006,5;;22,6;22;23,1;22,6;22,3;22;96;96;96;215;5,9;2,3;
2020/07/01;0600 UTC;0;1006,4;1006,5;1006,3;;22,8;22,2;22,8;22,5;22,2;21,9;96;96;96;184;5,1;2,4;
2020/07/01;0700 UTC;,2;1006,6;1006,6;1006,4;;22,6;21,9;22,9;22,5;22,2;21,8;96;95;96;159;6,1;2,8;
2020/07/01;0800 UTC;,8;1006,8;1006,8;1006,6;;22,6;22;22,6;22,5;22;21,8;97;96;97;197;5,7;1,9;
2020/07/01;0900 UTC;,2;1007,2;1007,2;1006,8;5,7;22,8;22,2;22,8;22,5;22,2;21,9;97;96;96;191;4,1;2,3;
2020/07/01;1000 UTC;0;1007,7;1007,7;1007,2;235;23,1;22,3;23,1;22,8;22,3;22,1;96;95;95;193;6,2;3,3;
2020/07/01;1100 UTC;0;1008,1;1008,1;1007,7;1190,6;24,3;22,2;24,6;23,1;22,9;22,1;95;88;88;189;8;4,4;
2020/07/01;1200 UTC;0;1008,3;1008,5;1008,1;1356,8;24,9;22,3;24,9;24;22,7;21,7;88;85;86;200;11,1;4,2;
2020/07/01;1300 UTC;0;1008,2;1008,4;1008,2;1704;26,1;22,1;26,3;24,7;22,5;21,7;86;78;79;171;9,9;4,3;
2020/07/01;1400 UTC;0;1007,6;1008,2;1007,6;2859,8;28,1;21;28,4;26,1;22,4;21;79;65;66;163;8,7;5,1;
2020/07/01;1500 UTC;0;1006,9;1007,6;1006,9;2842,3;28,3;20,8;29,2;27,5;21,9;20,4;70;60;64;156;9,2;4,6;
2020/07/01;1600 UTC;0;1006;1006,9;1006;2764,3;29;21,2;29,3;28,2;21,8;19,6;65;57;63;144;10,3;5,5;
2020/07/01;1700 UTC;0;1005,2;1006;1005,2;2595,7;28,2;19,5;29,7;28,2;20,8;19,3;63;55;59;147;9,1;5,1;
2020/07/01;1800 UTC;0;1005;1005,2;1005;2105,2;27,6;21,4;29,1;27,6;21,7;19,2;69;58;69;143;9,6;5,3;
2020/07/01;1900 UTC;0;1005,1;1005,1;1004,9;811;27,3;21,1;27,8;27,2;21,9;21;72;68;69;140;9,6;4,9;
2020/07/01;2000 UTC;0;1005,6;1005,6;1005,1;239,7;26,5;21,5;27,5;26,5;21,8;20,9;74;68;74;145;8;3,6;
2020/07/01;2100 UTC;0;1006;1006;1005,5;17,7;25,7;22;26,5;25,7;22,1;21,5;80;74;80;150;8,2;3,8;
2020/07/01;2200 UTC;0;1006,7;1006,7;1005,9;;25,6;22;25,8;25,6;22,3;22;81;80;81;153;6,9;3;
2020/07/01;2300 UTC;0;1007,3;1007,3;1006,7;;25,4;22,2;25,7;25,4;22,2;22;83;80;83;145;7,1;3,1;
2020/07/02;0000 UTC;0;1007,8;1007,9;1007,3;;25,4;22,1;25,5;25,2;22,3;22;83;82;82;141;6,4;3,3;
2020/07/02;0100 UTC;0;1008;1008,1;1007,8;;25,4;21,9;25,5;25,4;22,1;21,9;82;81;81;144;7,1;3,4;
2020/07/02;0200 UTC;0;1007,9;1008,1;1007,9;;25;21,7;25,4;25;21,9;21,7;82;81;82;171;5,8;2,9;
2020/07/02;0300 UTC;0;1007,8;1007,9;1007,8;;23,7;21,2;25;23,7;21,7;21,2;86;82;86;164;5,3;2,2;
2020/07/02;0400 UTC;0;1007,2;1007,8;1007,2;;23,1;20,9;23,7;23,1;21,3;20,9;87;86;87;182;5,4;2;
2020/07/02;0500 UTC;0;1006,9;1007,2;1006,9;;22,8;20,8;23,2;22,7;21;20,8;89;87;89;194;4,8;2;
2020/07/02;0600 UTC;0;1006,5;1006,9;1006,5;;22;20,6;22,8;21,9;20,8;20,5;92;89;92;207;3,9;1,7;
2020/07/02;0700 UTC;0;1006,7;1006,7;1006,5;;21,4;20,3;22;21,3;20,6;20,2;94;92;94;213;3,5;1,4;
2020/07/02;0800 UTC;0;1007,2;1007,2;1006,7;;21,2;20,2;21,4;21,2;20,4;20,2;94;94;94;211;2,7;1,2;
2020/07/02;0900 UTC;0;1007,6;1007,7;1007,2;10,9;21,5;20,5;21,5;21,1;20,5;20,1;95;94;94;179;2,1;1,4;
2020/07/02;1000 UTC;0;1008;1008;1007,6;414,4;23;21,2;23;21,4;21,3;20,4;94;89;90;193;6,2;2,9;
2020/07/02;1100 UTC;0;1008,4;1008,5;1008;1264,3;24,8;22,1;24,9;23;22,4;21,1;90;84;85;184;7,3;4,1;
2020/07/02;1200 UTC;0;1008,7;1008,7;1008,4;2125,1;26,9;22,5;27;24,8;22,8;22;85;76;77;169;7,3;4,4;
2020/07/02;1300 UTC;0;1008,4;1008,7;1008,4;2477,2;28;22,5;28,2;26,8;22,6;21,8;77;71;72;145;8,8;4,8;
2020/07/02;1400 UTC;0;1007,9;1008,4;1007,9;3003,8;27,7;23,3;28;27,2;23,3;22,2;78;72;77;126;8,7;4,5;
2020/07/02;1500 UTC;0;1007,5;1007,9;1007,5;3034,1;27,4;23,1;28,4;27;23,8;22,5;79;73;78;126;9,4;4,8;
2020/07/02;1600 UTC;0;1006,4;1007,5;1006,4;2953,3;27,7;23,2;28,5;27;23,6;21,9;78;71;77;129;9,1;5,2;
2020/07/02;1700 UTC;0;1006;1006,4;1006;2618,8;27,1;23,2;27,9;26,7;24,1;22,8;83;76;79;126;9,5;4,4;
2020/07/02;1800 UTC;0;1005,6;1006;1005,6;2161,5;27,4;23;27,7;26,9;23,5;22,3;80;75;77;133;8,3;4,2;
2020/07/02;1900 UTC;0;1005,9;1005,9;1005,6;789,7;26,4;22,6;27,5;26,4;23,2;22,5;80;76;80;144;8,2;4,7;
2020/07/02;2000 UTC;0;1006,4;1006,4;1005,8;347,5;26;23,1;27,1;26;23,5;22,7;84;79;84;141;8,2;3,2;
2020/07/02;2100 UTC;0;1006,8;1006,8;1006,4;15,5;25,5;23,4;26;25,5;23,5;23;88;84;88;142;6,2;2,8;
2020/07/02;2200 UTC;0;1007,5;1007,5;1006,8;;25,6;23,5;25,6;25,5;23,5;23,3;89;88;88;135;5,4;2,7;
2020/07/02;2300 UTC;0;1008,1;1008,1;1007,5;;25,9;22,8;26,1;25,6;23,7;22,8;89;83;83;123;5,7;3,1;
2020/07/03;0000 UTC;0;1008,6;1008,6;1008,1;;25,8;23;26;25,7;23;22,7;85;83;85;134;5,1;2,6;
2020/07/03;0100 UTC;0;1008,7;1008,9;1008,7;;25,7;23,1;26,1;25,6;23,3;22,7;86;83;86;123;5,7;2,4;
2020/07/03;0200 UTC;0;1008,7;1008,8;1008,5;;25,5;23,2;25,7;25,4;23,5;23;89;85;87;130;6;2,5;
2020/07/03;0300 UTC;0;1008,3;1008,8;1008,3;;24,8;22,9;25,5;24,8;23,5;22,9;89;87;89;143;6,4;2,7;
2020/07/03;0400 UTC;0;1008,1;1008,3;1008,1;;24,6;22,8;25,1;24,5;23,2;22,6;91;87;90;103;7,7;4,1;
2020/07/03;0500 UTC;0;1007,6;1008,1;1007,6;;24,6;22,8;24,6;24,3;22,8;22,4;90;88;90;111;7,7;2,7;
2020/07/03;0600 UTC;0;1007,5;1007,7;1007,5;;24,2;22,7;24,8;24,2;23,2;22,6;92;90;91;103;6,9;3,4;
2020/07/03;0700 UTC;0;1007,9;1007,9;1007,5;;24,1;22,4;24,4;24;22,8;22,4;92;90;90;83;8,2;4;
2020/07/03;0800 UTC;0;1008,1;1008,1;1007,9;;24;22,5;24,1;23,8;22,6;22,3;92;90;91;100;9,3;3,7;
2020/07/03;0900 UTC;0;1008,3;1008,3;1008,1;19,2;23,9;22,1;24,1;23,7;22,5;21,7;91;88;90;88;7,2;2,6;
2020/07/03;1000 UTC;0;1008,6;1008,6;1008,3;274;24,7;21,7;24,7;23,9;22,3;21,7;90;83;83;130;6,1;3,4;
2020/07/03;1100 UTC;0;1009,3;1009,4;1008,6;840,5;26;21,5;26,1;24,7;22,1;21,4;83;76;76;133;5,9;3,4;
2020/07/03;1200 UTC;0;1009,5;1009,6;1009,3;2012,9;27;21,7;27,4;26;22,6;21,4;78;72;73;132;5,8;3,5;
2020/07/03;1300 UTC;0;1009,5;1009,7;1009,5;2245,4;28,3;20,7;28,5;27;22,3;20,2;73;62;63;156;6,2;3,7;
2020/07/03;1400 UTC;0;1009;1009,5;1009;2324,4;29;20,6;29,2;28;21;19,5;63;58;61;166;6,8;3,2;
2020/07/03;1500 UTC;0;1008,6;1009;1008,6;2934,5;28,7;19,6;29,5;28,5;20,8;19;61;55;58;134;7,1;4,1;
2020/07/03;1600 UTC;0;1007,6;1008,6;1007,6;2800;28,1;22,1;28,9;28,1;22,7;20,1;70;58;70;113;7,1;3,2;
2020/07/03;1700 UTC;0;1007,1;1007,6;1007,1;2546,7;28,1;23,3;28,4;27,4;23,3;22,1;76;70;75;114;6,3;3,5;
2020/07/03;1800 UTC;0;1006,8;1007,1;1006,8;2053,8;27,8;23,3;28,4;27,4;23,7;22,7;77;74;77;108;6,1;3,4;
2020/07/03;1900 UTC;0;1007,1;1007,1;1006,7;904,4;26,9;23,6;28,1;26,8;23,8;23,1;82;76;82;137;7,7;4,7;
2020/07/03;2000 UTC;0;1007,6;1007,6;1007,1;226,9;25,7;22,7;26,9;25,7;23,6;22,2;84;78;83;157;9,3;4,9;
2020/07/03;2100 UTC;0;1008;1008;1007,6;18,4;25,4;22;25,8;25,3;22,7;21,9;84;81;81;158;8,7;4,7;
2020/07/03;2200 UTC;0;1009;1009;1008;;24,9;22,2;25,4;24,8;22,3;21,8;86;80;85;165;9,9;3,5;
2020/07/03;2300 UTC;0;1009,7;1009,7;1009;;24,1;21,7;24,9;24;22,2;21,6;87;85;86;162;9,9;5,3;
2020/07/04;0000 UTC;0;1010;1010,1;1009,7;;24,4;21,1;24,4;23,9;21,7;20,9;86;81;82;132;9,3;3,2;
2020/07/04;0100 UTC;0;1009,7;1010;1009,6;;24,7;21,1;24,9;24,4;21,2;20,6;82;77;80;171;5,1;1,7;
2020/07/04;0200 UTC;0;1009,5;1009,7;1009,5;;24,4;21,4;24,7;24,4;21,4;21,1;83;80;83;148;3,6;1,8;
2020/07/04;0300 UTC;0;1009,1;1009,5;1009,1;;24,4;21,3;24,7;24,3;21,4;21,1;84;80;83;169;5;3;
2020/07/04;0400 UTC;0;1008,6;1009,1;1008,5;;24,3;21,5;24,4;24,3;21,6;21,3;85;83;84;163;5,9;3,4;
2020/07/04;0500 UTC;0;1008;1008,6;1008;;24,1;21,1;24,3;24,1;21,5;21,1;85;83;83;168;5,9;3;
2020/07/04;0600 UTC;0;1007,7;1008;1007,6;;23,9;21,3;24,2;23,9;21,3;21,1;85;83;85;179;5,3;2,3;
2020/07/04;0700 UTC;0;1007,7;1007,7;1007,6;;23,7;21,5;23,9;23,6;21,5;21,3;88;85;88;163;5,5;2,9;
2020/07/04;0800 UTC;0;1008;1008,1;1007,7;;23,5;21,4;23,9;23,5;21,6;21,3;88;87;88;172;5,5;2,6;
2020/07/04;0900 UTC;0;1008,2;1008,2;1008;11,3;23,4;21,4;23,5;23,2;21,4;21,2;89;87;89;177;5,6;2,8;
2020/07/04;1000 UTC;0;1008,9;1008,9;1008,2;415,3;24,4;22;24,4;23,4;22;21,4;89;87;87;181;6,8;3,6;
2020/07/04;1100 UTC;0;1009,3;1009,3;1008,9;1419,5;26,5;22,9;26,5;24,4;22,9;21,9;87;81;81;172;7,5;3,6;
2020/07/04;1200 UTC;0;1009,6;1009,6;1009,3;2023,7;27,4;22,6;27,6;26,2;23;22,2;81;75;75;167;7,5;3,7;
2020/07/04;1300 UTC;0;1009,2;1009,7;1009,2;2239,6;27,8;21,9;28,9;27,1;23,1;21,7;76;68;70;158;10,1;5,3;
2020/07/04;1400 UTC;0;1008,6;1009,2;1008,6;2802,7;28,1;22,6;28,9;27,7;22,7;21,5;72;67;72;137;9,9;5,3;
2020/07/04;1500 UTC;0;1008,2;1008,6;1008,2;3090,9;28,4;22,8;28,5;27,9;22,9;22;73;69;72;141;9,8;5,8;
2020/07/04;1600 UTC;0;1007,3;1008,2;1007,3;2955,8;28;22,7;28,7;27,7;23,6;22,3;75;70;73;139;10;5,4;
2020/07/04;1700 UTC;0;1006,8;1007,3;1006,7;2604,2;28,1;23,3;28,6;27,8;23,4;22,4;75;72;75;138;9,8;4,5;
2020/07/04;1800 UTC;0;1006,6;1006,8;1006,5;1714,2;27,2;23,2;28,2;27,1;23,5;22,8;79;74;79;141;10,5;5,6;
2020/07/04;1900 UTC;0;1006,6;1006,6;1006,4;590,2;26,9;23;27,4;26,6;23,5;22,8;80;78;79;146;10,9;4,8;
2020/07/04;2000 UTC;0;1006,9;1006,9;1006,5;306,3;26,5;22,6;27,1;26,4;23;22,5;79;77;79;155;10,7;4,2;
2020/07/04;2100 UTC;0;1007,3;1007,3;1006,8;22,2;25,9;22,4;26,5;25,8;22,5;22,3;81;79;81;151;8,5;4,1;
2020/07/04;2200 UTC;0;1007,8;1007,8;1007,3;;25,8;21,9;25,9;25,7;22,4;21,9;81;79;79;143;8,3;4,3;
2020/07/04;2300 UTC;0;1008,3;1008,3;1007,8;;26;21,8;26;25,7;22;21,6;79;78;78;151;8;4,7;
2020/07/05;0000 UTC;0;1008,7;1008,7;1008,3;;25,4;21,9;26;25,4;21,9;21,3;81;76;81;168;9,7;3,9;
2020/07/05;0100 UTC;0;1008,9;1008,9;1008,7;;24,7;21,3;25,4;24,7;22,1;21,3;83;81;81;177;7,9;3,4;
2020/07/05;0200 UTC;0;1008,6;1008,9;1008,6;;24,3;21,1;24,8;24,3;21,4;21;82;81;82;179;6,9;3,1;
2020/07/05;0300 UTC;0;1008,3;1008,6;1008,3;;24;21,4;24,4;23,9;21,4;21,1;86;82;86;179;6,8;3,3;
2020/07/05;0400 UTC;0;1007,9;1008,3;1007,9;;23,8;21,2;24;23,7;21,5;21,2;86;86;86;182;7,4;4,1;
2020/07/05;0500 UTC;0;1007,2;1007,9;1007,2;;23,3;21;23,8;23,3;21,2;21;87;85;87;195;7,7;3,6;
2020/07/05;0600 UTC;0;1006,7;1007,2;1006,7;;23;20,8;23,3;23;21;20,7;87;87;87;192;6,8;3,3;
2020/07/05;0700 UTC;0;1006,7;1006,7;1006,6;;22,8;20,5;23,1;22,8;20,8;20,5;87;87;87;187;6,5;2,9;
2020/07/05;0800 UTC;0;1006,9;1006,9;1006,7;;22,8;20,3;22,9;22,7;20,5;20,3;87;85;85;196;6,2;2,3;
2020/07/05;0900 UTC;0;1007,1;1007,2;1006,9;8,2;22,5;20,6;23;22,4;20,6;20,2;89;85;89;192;5,8;2;
2020/07/05;1000 UTC;0;1007,7;1007,7;1007;189,9;23,2;20,9;23,3;22,5;20,9;20,5;89;86;87;186;5,5;2,7;
2020/07/05;1100 UTC;0;1008,4;1008,6;1007,7;492,3;23,2;21,8;23,7;23;21,8;20,9;91;86;91;190;7,3;3,7;
2020/07/05;1200 UTC;0;1008,7;1008,7;1008,4;886,4;24,8;22,2;24,9;23,2;22,6;21,7;92;85;86;177;6,5;3,5;
2020/07/05;1300 UTC;,6;1008,7;1008,7;1008,6;1008,4;24,8;23,3;25;24,2;23,6;22,2;93;85;91;163;7,3;3,3;
2020/07/05;1400 UTC;2;1008,5;1008,8;1008,5;917,9;24,5;23,6;24,8;24,2;23,7;23;95;91;95;166;8,6;5,6;
2020/07/05;1500 UTC;1,4;1007,8;1008,5;1007,7;1437,1;25,4;23,9;25,4;24,5;24,2;23,2;96;91;91;160;8,7;3,6;
2020/07/05;1600 UTC;0;1006,9;1007,8;1006,9;2551,5;27,1;23,8;27,1;25,5;24,4;23,3;91;82;82;170;8,2;2,9;
2020/07/05;1700 UTC;0;1006,2;1006,9;1006,2;1675;27,3;23,6;27,9;26,1;24;22,9;83;78;80;160;6,7;2,8;
2020/07/05;1800 UTC;0;1006,3;1006,4;1006,1;1519,5;27,5;23,3;28,2;27,1;24;22,9;82;75;78;132;6,5;3,5;
2020/07/05;1900 UTC;0;1006,5;1006,5;1006,1;836,4;26,9;23,6;27,6;26,8;23,7;23,1;82;77;82;142;7,2;4,2;
2020/07/05;2000 UTC;,2;1007;1007;1006,4;364,2;25;23,8;26,9;25;23,8;23,2;93;82;93;164;8,1;3,7;
2020/07/05;2100 UTC;3,2;1007,3;1007,4;1007;14;24,2;23,4;25;23,9;23,8;22,8;96;93;95;154;7,1;3,3;
2020/07/05;2200 UTC;3,6;1007,7;1007,7;1007,3;;24;23,5;24,3;23,8;23,6;23,2;97;95;97;129;7,6;2,7;
2020/07/05;2300 UTC;8,4;1008,3;1008,3;1007,7;;24;23,6;24;23,6;23,6;23,1;98;97;98;142;6,6;1,5;
2020/07/06;0000 UTC;,8;1008,4;1008,4;1008,2;0;24;23,6;24,3;24;23,8;23,6;98;97;97;196;3,1;1,5;
2020/07/06;0100 UTC;8,8;1008,5;1008,8;1008,4;;23,8;23,4;24,1;23,4;23,6;23;98;97;98;120;5,5;,5;
2020/07/06;0200 UTC;5;1008,4;1008,6;1008;,3;23,5;23,2;24,2;23;23,9;22,5;98;96;98;123;8,2;4,1;
2020/07/06;0300 UTC;4,2;1007,6;1008,4;1007,6;;23,7;23,3;23,8;23,5;23,4;23,1;98;97;97;110;8,2;2,4;
2020/07/06;0400 UTC;2;1007,2;1007,6;1007,1;,3;23,7;22,9;24,8;23,6;24,1;22,9;97;95;96;133;11,9;3,4;
2020/07/06;0500 UTC;,2;1006,8;1007,2;1006,6;;23,9;23,2;24,6;23,7;23,9;22,9;96;95;96;145;9,8;4;
2020/07/06;0600 UTC;4,4;1006,2;1006,9;1006,2;,4;24;23,3;24;23,3;23,3;22,8;97;96;96;126;8;3,7;
2020/07/06;0700 UTC;2,4;1006,4;1006,4;1006,1;;23,5;23;24;23,4;23,3;22,8;97;95;97;121;9,9;4,5;
2020/07/06;0800 UTC;6;1006,6;1006,7;1006,4;,1;23;22,6;23,8;23;23,3;22,6;98;97;97;139;10,3;3,8;
2020/07/06;0900 UTC;6,2;1007,2;1007,3;1006,5;6,8;22,6;22,3;23,4;22,3;23;22;98;97;98;103;10,2;4,1;
2020/07/06;1000 UTC;4,2;1007,7;1007,7;1007,2;90,8;23,4;23,1;23,4;22,6;23,1;22,4;98;98;98;148;8,3;2,7;
2020/07/06;1100 UTC;3,2;1008,6;1008,6;1007,7;278,1;23,4;23;23,7;23,1;23,4;22,7;98;97;98;132;11,1;4,6;
2020/07/06;1200 UTC;4,6;1008,7;1008,8;1008,5;556,4;23,6;23,2;23,8;23,2;23,4;22,7;98;97;98;110;11,6;4,8;
2020/07/06;1300 UTC;2,4;1008,6;1008,9;1008,5;961;24;23,5;24,2;23,5;23,8;23;98;96;97;85;11,6;4;
2020/07/06;1400 UTC;2,4;1008,1;1008,6;1008,1;1097,7;24,2;23,7;24,5;23,9;23,9;23,3;97;96;97;83;8,8;3,9;
2020/07/06;1500 UTC;1,8;1007,5;1008;1007,5;1090,5;23,8;23,2;25,1;23,5;24,4;22,7;97;94;97;114;10,3;4,5;
2020/07/06;1600 UTC;7,4;1006,7;1007,5;1006,7;934,6;23,8;23,4;24,5;23,3;24;22,7;97;96;97;160;8,5;2;
2020/07/06;1700 UTC;,2;1006,2;1006,7;1006,2;861;25,4;23,9;25,4;23,8;24,2;23,3;98;91;91;122;5;2,6;
2020/07/06;1800 UTC;,4;1006;1006,2;1006;916,2;24,8;23,3;26;24,4;24,2;22,6;92;81;92;138;11,1;4;
2020/07/06;1900 UTC;0;1006,2;1006,2;1006;560,7;25,9;23,3;26;24,8;23,9;22,9;92;84;86;146;8,6;3,8;
2020/07/06;2000 UTC;0;1006,8;1006,8;1006,2;235,1;25;22,3;25,9;25;23,5;22,2;87;83;85;165;11,4;4,5;
2020/07/06;2100 UTC;,6;1007,1;1007,1;1006,8;10,2;23,9;22,5;25;23,6;22,8;22,2;94;85;92;181;9,4;3,1;
2020/07/06;2200 UTC;0;1007,2;1007,2;1007;;23,9;21,8;23,9;23,7;22,5;21,8;92;88;88;157;6,4;3;
2020/07/06;2300 UTC;0;1007,9;1007,9;1007,2;;24,2;22,1;24,2;23,8;22,1;21,7;89;87;88;166;5,9;3,2;
2020/07/07;0000 UTC;0;1008,3;1008,3;1007,9;;23,4;20,9;24,2;23,3;22,1;20,5;90;81;86;139;9,8;2,3;
2020/07/07;0100 UTC;0;1008,4;1008,4;1008,3;;23,7;21,9;23,7;23,3;22;20,9;90;86;90;174;4,5;1,9;
2020/07/07;0200 UTC;0;1008,4;1008,5;1008,3;;23,8;21,7;24;23,7;22,1;21,7;90;88;88;191;6;2,8;
2020/07/07;0300 UTC;0;1008,2;1008,4;1008,2;;23,5;21;23,8;23,5;21,7;21;88;86;86;191;6,8;3,1;
2020/07/07;0400 UTC;0;1007,8;1008,2;1007,8;;22,5;20,5;23,5;22,5;21;20,5;88;86;88;197;6,8;2,4;
2020/07/07;0500 UTC;0;1007,5;1007,8;1007,5;;22,3;20,2;22,5;22,3;20,5;20,2;89;88;88;187;5,9;2,9;
2020/07/07;0600 UTC;0;1006,9;1007,5;1006,9;;22,1;19,8;22,3;22,1;20,2;19,8;88;87;87;191;6,2;2,8;
2020/07/07;0700 UTC;0;1007,1;1007,1;1006,8;;21,8;19,6;22,1;21,8;19,9;19,6;88;87;88;190;5,4;2;
2020/07/07;0800 UTC;0;1007,3;1007,3;1007;;21,6;19,4;21,9;21,6;19,7;19,4;88;87;87;199;5,3;2,1;
2020/07/07;0900 UTC;0;1007,5;1007,5;1007,3;12,1;21,3;19,3;21,7;21,3;19,5;19,3;89;87;89;212;4,9;1,8;
2020/07/07;1000 UTC;0;1008;1008;1007,4;404,8;22,8;19,8;22,8;21,3;19,8;19,3;89;83;83;201;5,6;2,7;
2020/07/07;1100 UTC;0;1008,3;1008,3;1008;1325,5;24,7;20,9;24,7;22,8;21;19,7;83;80;80;194;8;3,6;
2020/07/07;1200 UTC;0;1008,2;1008,4;1008,1;1853,9;26,5;21,7;26,5;24,6;21,7;20,7;80;74;75;181;8,2;3,7;
2020/07/07;1300 UTC;0;1008,3;1008,3;1008,2;2247,1;27,6;21;27,7;26,4;21,8;20,6;75;67;67;153;9,5;5,1;
2020/07/07;1400 UTC;0;1007,8;1008,3;1007,8;3058,7;28,1;21,1;28,4;27,3;21,8;20,4;70;64;65;145;10,6;5,8;
2020/07/07;1500 UTC;0;1007,3;1007,8;1007,3;3015,3;28,4;21;28,5;27,6;21,4;20,3;67;62;64;152;10,7;5,8;
2020/07/07;1600 UTC;0;1006,7;1007,3;1006,7;2951,5;27,9;20,7;28,8;27,9;21,6;20,3;67;62;65;135;10,7;6,2;
2020/07/07;1700 UTC;0;1006;1006,7;1006;2614,6;28,3;20,9;28,5;27,8;21;20,2;66;62;64;148;10,2;5,4;
2020/07/07;1800 UTC;0;1005,9;1006;1005,8;2094,9;28;21,1;28,5;27,6;21,2;20,1;67;62;66;136;10,2;4,9;
2020/07/07;1900 UTC;0;1006;1006,1;1005,8;873,3;27,4;21,8;28,1;27,1;21,8;20,5;72;64;72;139;8,8;4,6;
2020/07/07;2000 UTC;0;1006,3;1006,3;1006;263,2;26,4;21,9;27,4;26,4;21,9;21,1;77;70;77;137;8,4;4,5;
2020/07/07;2100 UTC;0;1006,6;1006,6;1006,3;29,3;25,8;22;26,4;25,7;22,1;21,8;80;77;80;147;7,8;3,7;
2020/07/07;2200 UTC;0;1006,9;1006,9;1006,6;;25,3;22,3;25,8;25,3;22,4;21,8;83;79;83;159;7,1;2,8;
2020/07/07;2300 UTC;0;1007,4;1007,4;1006,9;;24,9;22,3;25,4;24,9;22,4;22,1;86;83;86;163;5,2;2,8;
2020/07/08;0000 UTC;0;1007,7;1007,7;1007,4;;24,5;22,2;24,9;24,5;22,4;22,2;87;86;87;172;6;3,4;
2020/07/08;0100 UTC;0;1008;1008;1007,8;;24,3;21,9;24,5;24,2;22,2;21,9;88;87;87;168;6,7;4,1;
2020/07/08;0200 UTC;0;1007,9;1008,1;1007,9;;23,8;21,5;24,3;23,8;22;21,5;87;87;87;173;7,5;3,8;
2020/07/08;0300 UTC;0;1007,5;1007,9;1007,5;;23,4;21,5;23,8;23,3;21,5;21,3;89;87;89;186;6,8;2,5;
2020/07/08;0400 UTC;0;1007,1;1007,5;1007,1;;22,6;21,3;23,5;22,6;21,5;21,3;92;88;92;208;5,7;2,3;
2020/07/08;0500 UTC;0;1006,9;1007,1;1006,9;;22,4;21;22,6;22,3;21,3;20,9;92;91;92;194;5,2;1,9;
2020/07/08;0600 UTC;0;1006,8;1006,9;1006,8;;21,9;20,6;22,5;21,9;21;20,5;92;91;92;207;4,6;1,8;
2020/07/08;0700 UTC;0;1006,7;1006,8;1006,7;;21,8;20,5;22,1;21,8;20,8;20,5;93;92;92;206;4,8;1,8;
2020/07/08;0800 UTC;0;1006,6;1006,7;1006,6;;22;20,7;22;21,8;20,7;20,5;93;92;92;184;4,5;2,2;
2020/07/08;0900 UTC;0;1006,9;1006,9;1006,6;14;21,9;20,6;22;21,9;20,7;20,5;92;92;92;201;5,4;1,7;
2020/07/08;1000 UTC;0;1007,3;1007,3;1006,9;441,1;23;20,9;23;21,9;20,9;20,6;92;88;88;188;5,2;3,1;
2020/07/08;1100 UTC;0;1007,7;1007,7;1007,3;1420;25;21,6;25;23;21,7;20,8;88;81;81;183;5,4;2,8;
2020/07/08;1200 UTC;0;1007,9;1008;1007,7;2137,2;27,3;21,9;27,3;25;22,3;21,6;81;72;72;161;6,7;3,9;
2020/07/08;1300 UTC;0;1008;1008,1;1007,9;2466,6;27,5;21,5;27,8;27,1;22,4;21,2;73;70;70;136;8;4,5;
2020/07/08;1400 UTC;0;1007,7;1008,1;1007,7;2986;27,7;22,1;28,3;27,3;22,6;21,4;73;69;72;144;9,1;4,7;
2020/07/08;1500 UTC;0;1007,4;1007,8;1007,4;3083,1;27,9;22,5;28,7;27,3;23,6;21,7;75;69;73;136;9,1;4,5;
2020/07/08;1600 UTC;0;1007;1007,5;1006,9;2945,2;28;23,2;28,7;27,2;23,5;21,8;76;70;75;133;8,6;4,6;
2020/07/08;1700 UTC;0;1006,5;1007;1006,5;2611,5;28;23,2;28,4;27,4;23,3;21,9;76;71;75;131;8,8;4,3;
2020/07/08;1800 UTC;0;1006,3;1006,5;1006,3;2075,4;27,6;23;28,3;27,3;23,4;22,5;77;73;76;131;7,2;3,8;
2020/07/08;1900 UTC;0;1006,5;1006,5;1006,2;810,2;27,3;22,7;27,9;27,2;23,4;22,4;78;74;76;137;8;4,1;
2020/07/08;2000 UTC;0;1006,8;1006,8;1006,5;259,2;26,4;23;27,3;26,4;23,2;22,5;82;76;82;142;7,9;4;
2020/07/08;2100 UTC;0;1007,3;1007,3;1006,8;34,7;25,8;23,3;26,4;25,8;23,3;23;86;82;86;142;6,6;3,3;
2020/07/08;2200 UTC;0;1007,7;1007,7;1007,3;;25,9;23,2;25,9;25,7;23,4;23,2;87;85;85;140;5,6;2,7;
2020/07/08;2300 UTC;0;1008;1008;1007,6;;26,2;22,5;26,2;25,9;23,2;22,4;85;80;80;137;5,4;3;
2020/07/09;0000 UTC;0;1008,2;1008,2;1008;;25,8;22,8;26,2;25,8;22,8;22,5;84;80;84;144;4,7;2,6;
2020/07/09;0100 UTC;0;1008,8;1008,8;1008,3;;25,5;22,9;25,9;25,5;23,1;22,8;86;84;86;175;5;2,2;
2020/07/09;0200 UTC;0;1008,7;1008,9;1008,7;;25,1;23;25,5;25,1;23;22,8;88;86;88;175;4;1,9;
2020/07/09;0300 UTC;0;1008,4;1008,7;1008,4;;24,6;23;25,1;24,6;23,1;23;91;88;91;163;4,4;1,7;
2020/07/09;0400 UTC;0;1008,1;1008,5;1008,1;;24,1;23,1;24,6;24;23,3;23;94;91;94;166;7,2;3,4;
2020/07/09;0500 UTC;0;1007,9;1008,1;1007,7;;24,6;23,1;24,6;24;23,3;23,1;95;92;92;164;6,1;3,1;
2020/07/09;0600 UTC;3,8;1007,9;1008;1007,9;;23,1;22,6;24,6;23;23;22,4;97;91;97;146;9,1;3,2;
2020/07/09;0700 UTC;1,8;1007,9;1008;1007,8;;23,6;23;24;23,1;23,4;22,5;97;96;96;151;9;4,2;
2020/07/09;0800 UTC;1,4;1008,5;1008,6;1007,8;1,5;23;22,1;23,7;23;23;22,1;96;94;95;136;10,6;4,7;
2020/07/09;0900 UTC;6,4;1009,3;1009,3;1008,5;14,4;22,3;21,8;23;22;22,4;21,4;97;95;97;158;10,6;3,1;
2020/07/09;1000 UTC;,6;1009,5;1009,5;1009,3;142,8;22,6;21,9;22,7;22,2;22;21,7;97;96;96;189;7,2;3,7;
2020/07/09;1100 UTC;0;1009,7;1009,7;1009,4;671,1;23,7;22,6;23,7;22,6;22,7;21,9;96;93;93;185;7,5;3,6;
2020/07/09;1200 UTC;0;1009,8;1009,9;1009,7;1368,9;25,5;22,5;25,7;23,7;23,3;22,1;93;83;83;175;7;3,3;
2020/07/09;1300 UTC;0;1009,7;1009,9;1009,7;1955,6;27,6;23,1;27,6;25,5;23,3;22,3;83;76;77;161;7,1;3,7;
2020/07/09;1400 UTC;0;1009,5;1009,8;1009,5;2120,9;28,2;23,3;28,3;27,3;23,7;22,7;78;73;75;162;8,6;4,1;
2020/07/09;1500 UTC;0;1009,2;1009,5;1009,1;2884;28,4;22,1;29,2;28,1;23,4;21,7;75;67;69;138;11,6;5,9;
2020/07/09;1600 UTC;0;1009,3;1009,3;1009,1;1405,2;27,3;22;28,8;26,7;23,3;21,3;79;67;73;140;11,6;4,1;
2020/07/09;1700 UTC;,8;1008,8;1009,3;1008,8;738,4;25,8;22,9;27,3;25,6;23,8;21,7;88;72;84;158;8,8;2,8;
2020/07/09;1800 UTC;0;1008,6;1008,8;1008,5;1079,8;27,1;23,4;27,2;25,8;23,4;22,6;84;77;80;146;7,1;4,3;
2020/07/09;1900 UTC;0;1008,9;1008,9;1008,6;666,3;27,1;23,6;27,2;26,6;23,8;23,2;82;80;81;143;8,6;3,1;
2020/07/09;2000 UTC;0;1009;1009,1;1008,8;294,1;26,7;23,1;27,2;26,7;24;23,1;84;80;81;140;7,6;3,9;
2020/07/09;2100 UTC;0;1009,2;1009,2;1009;15,7;26,1;23;26,7;26,1;23;22,7;83;79;83;140;6,6;3,1;
2020/07/09;2200 UTC;0;1009,7;1009,7;1009,2;;26,2;22,6;26,4;26,1;22,9;22,6;83;80;81;143;6,3;3,3;
2020/07/09;2300 UTC;,2;1010,2;1010,2;1009,7;;24,8;22;26,2;24,5;22,9;21,6;84;80;84;171;7,5;2,4;
2020/07/10;0000 UTC;0;1010,5;1010,5;1010,2;;25,3;22,5;25,5;24,7;23,2;22;88;84;85;165;4,4;2,1;
2020/07/10;0100 UTC;0;1010,7;1010,7;1010,5;;25,3;23;25,3;25;23;22,4;87;84;87;166;3,6;1,6;
2020/07/10;0200 UTC;0;1010,5;1010,7;1010,5;;24,8;22,9;25,4;24,8;23;22,7;89;86;89;192;3,8;2,2;
2020/07/10;0300 UTC;0;1009,9;1010,5;1009,9;;24,4;22,9;24,7;24,4;23;22,8;91;89;91;182;3,8;1,6;
2020/07/10;0400 UTC;0;1009,6;1009,9;1009,6;;24;22,7;24,4;23,9;22,9;22,7;93;91;93;177;3,7;1,8;
2020/07/10;0500 UTC;0;1009,2;1009,6;1009,2;;24,2;22,8;24,3;23,9;23;22,7;93;92;92;164;3,9;1,6;
2020/07/10;0600 UTC;0;1009,3;1009,3;1009,2;;23,6;22,4;24,3;23,6;22,9;22,3;93;92;93;214;3,1;1,6;
2020/07/10;0700 UTC;0;1009,2;1009,4;1009,2;;23,4;22,4;23,7;23,4;22,6;22,3;94;93;94;190;3,5;2;
2020/07/10;0800 UTC;0;1009,3;1009,3;1009,2;;23,6;22,3;23,6;23,4;22,5;22,3;94;92;92;184;3,5;2,1;
2020/07/10;0900 UTC;0;1009,2;1009,3;1009,1;15,7;23,5;22,2;23,6;23,4;22,2;22,1;93;92;93;190;3,5;2;
2020/07/10;1000 UTC;0;1009,6;1009,6;1009,2;464,4;24,8;22,7;25;23,5;23;22,2;93;88;88;206;4,6;1,9;
2020/07/10;1100 UTC;0;1009,9;1009,9;1009,6;693,3;24,6;22,7;24,8;24,1;23;22,2;90;88;89;169;4,6;2,1;
2020/07/10;1200 UTC;0;1010,1;1010,2;1009,9;968,8;26,2;23,3;26,5;24,5;24,2;22,7;91;84;84;148;4;2,3;
2020/07/10;1300 UTC;0;1010;1010,2;1010;1946,7;28,9;23,8;28,9;26,3;23,8;22,4;85;72;74;133;9,4;4,3;
2020/07/10;1400 UTC;0;1009,7;1010;1009,7;3008,5;28,5;23,2;29,8;28,1;24,3;22,5;74;69;73;130;8,5;4,5;
2020/07/10;1500 UTC;0;1009,2;1009,7;1009,1;2692,2;28,6;23,1;28,7;27,9;23,5;22,7;75;71;72;128;8,4;5;
2020/07/10;1600 UTC;0;1008,5;1009,2;1008,5;2969,8;28,2;23,1;29,6;28,1;23,7;22,5;74;69;74;127;8;4,6;
2020/07/10;1700 UTC;0;1008;1008,5;1008;2509,9;28,3;23;29,1;28,2;23,7;22,6;74;70;73;139;8,9;4,9;
2020/07/10;1800 UTC;0;1007,7;1008;1007,7;1830;28;23,3;28,8;27,9;23,7;22,9;76;73;76;133;9;4,8;
2020/07/10;1900 UTC;0;1008;1008;1007,7;869,5;27,7;22,6;28,3;27,7;23,6;22,5;76;72;74;135;9,2;4,7;
2020/07/10;2000 UTC;0;1008,2;1008,2;1008;191;27,1;22,7;27,8;27,1;23,1;22,3;77;74;77;139;8,5;4,4;
2020/07/10;2100 UTC;0;1008,2;1008,3;1008,2;26,9;26,5;22,3;27,1;26,5;22,7;22,3;78;77;78;147;7,5;3,5;
2020/07/10;2200 UTC;0;1008,4;1008,4;1008,2;;26,2;22,7;26,5;26,2;22,8;22,3;81;78;81;141;6,4;3,7;
2020/07/10;2300 UTC;0;1008,8;1008,8;1008,4;;26;22,5;26,3;26;22,7;22,5;82;80;81;146;6,4;3;
2020/07/11;0000 UTC;0;1009,3;1009,3;1008,7;;25,5;22,7;26,1;25,5;22,7;22,4;84;80;84;174;5,5;2,7;
2020/07/11;0100 UTC;0;1009,6;1009,7;1009,3;;24,9;22,6;25,5;24,9;22,8;22,6;87;85;87;166;6,4;3,2;
2020/07/11;0200 UTC;0;1009,6;1009,6;1009,5;;24,7;22,4;24,9;24,6;22,7;22,4;87;87;87;174;6,5;3,5;
2020/07/11;0300 UTC;0;1009,2;1009,6;1009,2;;24,2;22,1;24,7;24,2;22,4;22,1;88;87;88;184;7,8;3,2;
2020/07/11;0400 UTC;0;1008,8;1009,2;1008,8;;23,6;21,8;24,2;23,6;22,1;21,8;90;88;90;193;6,4;3,3;
2020/07/11;0500 UTC;0;1008,1;1008,8;1008,1;;23,4;21,6;23,6;23,4;21,8;21,6;90;90;90;188;6,2;3,5;
2020/07/11;0600 UTC;0;1007,9;1008,1;1007,7;;23,2;21,5;23,5;23,2;21,7;21,5;90;89;90;190;7,3;2,8;
2020/07/11;0700 UTC;0;1008,4;1008,4;1007,9;;23,4;21,5;23,4;23,2;21,6;21,4;90;89;89;174;7,2;3,3;
2020/07/11;0800 UTC;0;1008,3;1008,5;1008,3;;23,5;21,4;23,5;23,4;21,5;21,4;89;88;88;181;6,6;3,3;
2020/07/11;0900 UTC;0;1008,4;1008,4;1008,2;7,2;23,7;21,3;23,7;23,5;21,5;21,3;88;86;86;178;6,2;2,8;
2020/07/11;1000 UTC;0;1009,1;1009,1;1008,3;207,2;24,1;20,9;24,1;23,7;21,3;20,9;86;82;82;179;7,5;3;
2020/07/11;1100 UTC;0;1009,8;1009,8;1009,1;258,2;24,2;20,8;24,3;23,8;21,1;20,8;84;81;81;177;7,7;3,4;
2020/07/11;1200 UTC;0;1009,9;1009,9;1009,7;771;25,5;21,2;25,5;24,2;21,3;20,8;82;77;77;177;9;4,7;
2020/07/11;1300 UTC;0;1009,5;1010;1009,5;1066,3;26,3;21;26,3;25,4;21,4;20,7;77;73;73;173;10,6;5,4;
2020/07/11;1400 UTC;0;1009,2;1009,5;1009,2;1646,9;26,8;20,8;27;26;21,4;20;73;67;70;171;10;6;
2020/07/11;1500 UTC;0;1008,6;1009,2;1008,6;1272,6;26,9;21,3;27,3;26,5;21,6;20,8;72;69;71;165;10;5,5;
2020/07/11;1600 UTC;0;1007,8;1008,6;1007,8;828,7;26,7;22;27,2;26,7;22;21,2;75;70;75;149;8,8;3,7;
2020/07/11;1700 UTC;3,4;1007,7;1007,9;1007,6;437,3;23,3;22,3;26,7;23,3;22,7;21,9;94;75;94;162;12,6;5,5;
2020/07/11;1800 UTC;10;1007,6;1007,7;1007,4;270,3;22,9;22,3;23,6;22,7;22,8;22,1;97;94;97;157;10,9;5,7;
2020/07/11;1900 UTC;5,8;1007,9;1007,9;1007,6;168,1;23;22,4;23,2;22,8;22,6;22,2;97;96;97;176;9,4;3,3;
2020/07/11;2000 UTC;2,2;1008,5;1008,5;1007,9;140,6;22,8;22,2;23;22,6;22,5;21,9;97;96;97;145;9,5;2,6;
2020/07/11;2100 UTC;10;1008,7;1008,7;1008,3;6,3;22;21,6;22,8;22;22,2;21,6;98;97;98;146;8,9;4;
2020/07/11;2200 UTC;,6;1008,7;1008,8;1008,6;;22,1;21,7;22,3;21,9;21,9;21,6;98;98;98;216;7,9;2,3;
2020/07/11;2300 UTC;,4;1009;1009,1;1008,5;;22,7;22,2;22,7;22,1;22,2;21,7;98;97;97;168;6,3;2,9;
2020/07/12;0000 UTC;,2;1008,7;1009;1008,7;;22,3;21,8;22,7;22,3;22,2;21,8;97;97;97;218;6,3;2,6;
2020/07/12;0100 UTC;0;1008,7;1008,8;1008,6;;22,6;22;22,6;22,3;22;21,8;97;96;96;190;5,3;2,6;
2020/07/12;0200 UTC;0;1008,7;1008,9;1008,7;2,5;22,7;21,7;22,8;22,6;22;21,7;96;94;95;180;6,7;2,6;
2020/07/12;0300 UTC;,4;1008,4;1008,7;1008,4;1,1;22,4;21,7;22,7;22,4;21,8;21,6;96;94;96;178;8,3;2,9;
2020/07/12;0400 UTC;4;1007,9;1008,4;1007,9;;22,6;22,1;22,6;22,4;22,1;21,7;97;96;97;179;5,1;1,9;
2020/07/12;0500 UTC;,4;1007,4;1007,9;1007,4;;22,3;21,9;22,6;22,2;22,1;21,8;98;97;98;201;5,8;2,3;
2020/07/12;0600 UTC;,6;1007,3;1007,4;1007,1;;22,2;21,8;22,3;22,2;21,9;21,8;98;97;98;214;4,7;1,5;
2020/07/12;0700 UTC;,2;1007,6;1007,6;1007,2;;22,2;21,9;22,3;22,1;21,9;21,8;98;98;98;200;4,1;2;
2020/07/12;0800 UTC;1;1007,9;1008;1007,6;,2;22,3;21,9;22,3;22,2;22;21,8;98;98;98;184;5,5;1,4;
2020/07/12;0900 UTC;2,4;1008,4;1008,4;1007,8;6,3;22,3;22;22,4;22,3;22;21,9;98;98;98;204;6,3;1,4;
2020/07/12;1000 UTC;1,6;1009,1;1009,1;1008,4;112,3;23,1;22,7;23,1;22,3;22,7;22;98;97;97;189;6,8;1,9;
2020/07/12;1100 UTC;2,2;1009,5;1009,5;1009,1;404,8;24,3;22,4;25;22,7;23,2;22;97;87;89;186;7,4;2,8;
2020/07/12;1200 UTC;0;1009,5;1009,7;1009,4;1819,4;27;21,3;27;24,3;23,1;20,8;90;69;71;136;10,1;5,9;
2020/07/12;1300 UTC;0;1009,3;1009,5;1009,3;2295,4;28;21,2;28;26,9;21,3;20,2;71;64;66;138;11;5,4;
2020/07/12;1400 UTC;0;1009,1;1009,5;1009,1;3051,6;28,2;20,4;28,5;27,8;21,4;20,2;67;62;63;141;10,9;6,5;
2020/07/12;1500 UTC;0;1008,5;1009,1;1008,4;3169,3;28,8;20,6;29;28,1;21,1;19,7;64;59;61;144;12;5,7;
2020/07/12;1600 UTC;0;1007,8;1008,5;1007,8;2930,2;28,2;21;29,1;28,1;21,6;20,2;65;61;65;134;11,2;5,5;
2020/07/12;1700 UTC;0;1007,3;1007,8;1007,3;2677,1;28,5;20,2;28,9;28,1;21,5;20,2;65;60;61;146;11,5;6,2;
2020/07/12;1800 UTC;0;1007,2;1007,3;1007,2;2112;28,4;19,7;28,9;28;20,9;19,6;63;59;59;159;10,6;5,8;
2020/07/12;1900 UTC;0;1007,5;1007,6;1007,1;850,6;27,8;19,6;28,4;27,6;20,4;19,3;63;59;61;156;10,6;5,8;
2020/07/12;2000 UTC;0;1007,8;1007,8;1007,5;250,7;26,9;20,3;27,8;26,9;20,3;19,4;67;61;67;163;9,5;4,2;
2020/07/12;2100 UTC;0;1008,1;1008,1;1007,7;29,7;25,7;20,3;26,9;25,7;20,6;20,2;72;67;72;168;7,8;3,5;
2020/07/12;2200 UTC;0;1008,5;1008,5;1008,1;;25,2;20,5;25,7;25,2;20,5;20,3;75;72;75;170;5,9;3,2;
2020/07/12;2300 UTC;0;1008,9;1008,9;1008,5;;24,9;20,9;25,2;24,9;21;20,5;79;75;79;169;5;2,7;
2020/07/13;0000 UTC;0;1009,3;1009,3;1008,9;;24,3;20,8;24,9;24,3;20,9;20,7;81;78;81;190;5,3;2,6;
2020/07/13;0100 UTC;0;1009,5;1009,6;1009,3;;23,9;20,9;24,3;23,9;20,9;20,8;83;81;83;182;5;2,1;
2020/07/13;0200 UTC;,4;1009,9;1009,9;1009,5;;23,5;21,3;24,1;23,5;21,5;20,9;87;83;87;169;6,2;3;
2020/07/13;0300 UTC;0;1009,4;1009,9;1009,4;;23,3;21,6;23,5;23,2;21,6;21,4;90;88;90;187;6,2;1,5;
2020/07/13;0400 UTC;0;1009;1009,4;1009;;23;21,3;23,3;23;21,6;21,2;90;89;90;203;3,8;1,3;
2020/07/13;0500 UTC;0;1008,4;1009;1008,4;;22,3;20,8;23;22,3;21,3;20,7;91;90;91;208;3,5;1,6;
2020/07/13;0600 UTC;0;1008,5;1008,5;1008,4;;21,7;20,5;22,3;21,7;20,7;20,5;93;91;93;205;3,5;1,1;
2020/07/13;0700 UTC;0;1008,5;1008,6;1008,4;;21,5;20,4;21,7;21,5;20,5;20,3;93;93;93;214;3,1;1,5;
2020/07/13;0800 UTC;0;1008,8;1008,8;1008,5;;21,4;20,2;21,7;21,4;20,5;20,2;93;92;92;226;3,4;1,6;
2020/07/13;0900 UTC;,2;1009,1;1009,1;1008,8;16,5;22;20,8;22;21,4;20,8;20,1;93;92;93;209;4;1,8;
2020/07/13;1000 UTC;0;1009,7;1009,7;1009,1;484,5;23,2;21;23,3;22;21,2;20,8;93;87;87;201;3,8;2;
2020/07/13;1100 UTC;0;1010;1010,1;1009,7;1432,5;25,1;21,2;25,1;23,2;21,4;20,7;87;79;79;187;6,5;2,9;
2020/07/13;1200 UTC;0;1010,2;1010,3;1010;1816,9;26,6;21,7;26,7;25;21,8;21;80;72;75;181;6,3;3,7;
2020/07/13;1300 UTC;0;1010,2;1010,4;1010,1;2387,7;27,9;21,1;28,7;26,6;22;20,4;74;63;67;141;7,6;3,9;
2020/07/13;1400 UTC;0;1010,1;1010,2;1010,1;2895,8;27,8;19,9;28,9;27,8;21,6;19,8;67;62;62;142;9,3;5,1;
2020/07/13;1500 UTC;0;1009,5;1010,1;1009,4;2726,5;29,1;21,1;29,2;27,5;21,4;20,1;67;61;62;146;8,4;4,9;
2020/07/13;1600 UTC;0;1008,8;1009,5;1008,7;2976,2;28,4;20,8;29,1;28,3;21,5;20,5;65;61;63;138;10,5;5,6;
2020/07/13;1700 UTC;0;1008,1;1008,7;1008,1;2627,2;29,3;19,5;29,4;28,4;21,5;18,7;64;54;56;147;11;5;
2020/07/13;1800 UTC;0;1007,8;1008,1;1007,7;2127,6;28,5;20,5;29,6;28,3;20,5;18,4;62;53;62;132;9,4;4,5;
2020/07/13;1900 UTC;0;1008,1;1008,2;1007,7;879,2;28,5;19,2;28,8;28;20,6;18,5;63;55;57;148;8,3;4,2;
2020/07/13;2000 UTC;0;1008,8;1008,8;1008,1;229,2;27,4;18,6;28,4;27,4;19,6;18,3;61;57;59;150;7,7;4;
2020/07/13;2100 UTC;0;1009,2;1009,2;1008,8;31,7;26,3;19,3;27,4;26,3;19,3;18,7;66;59;65;161;6,5;2,2;
2020/07/13;2200 UTC;0;1009,7;1009,7;1009,2;;25,5;19,1;26,3;25,5;19,3;18,8;68;64;68;166;5;3;
2020/07/13;2300 UTC;0;1010,3;1010,3;1009,7;;25,2;19,2;25,5;25,1;19,2;19;70;68;70;159;6,2;3,5;
2020/07/14;0000 UTC;0;1010,6;1010,6;1010,2;;24,7;19,7;25,2;24,7;19,8;19,2;74;70;74;163;6,2;2,5;
2020/07/14;0100 UTC;0;1010,6;1010,7;1010,5;;24,2;20;24,6;24,2;20;19,7;77;74;77;171;4,3;1,9;
2020/07/14;0200 UTC;0;1010,6;1010,6;1010,5;;23,9;20,1;24,2;23,8;20,1;19,9;79;77;79;167;3,8;2,1;
2020/07/14;0300 UTC;0;1010,1;1010,6;1010,1;;23,3;20;23,9;23,2;20,1;19,9;82;79;82;184;3,8;2;
2020/07/14;0400 UTC;0;1009,6;1010,1;1009,6;;22;19,6;23,3;22;20;19,5;86;82;86;218;4;1,5;
2020/07/14;0500 UTC;0;1009,2;1009,6;1009,2;;21,4;19,5;22;21,4;19,6;19,4;89;86;89;200;2,7;1;
2020/07/14;0600 UTC;0;1008,8;1009,2;1008,8;;21,2;19,6;21,4;20,8;19,6;19,1;91;89;90;204;3,3;1,6;
2020/07/14;0700 UTC;0;1009;1009;1008,8;;21,3;19,7;21,5;21,2;19,8;19,5;91;90;91;205;3,5;1,8;
2020/07/14;0800 UTC;0;1009,2;1009,2;1009;;21,3;19,9;21,4;21,2;20;19,7;92;91;92;199;3,1;1,7;
2020/07/14;0900 UTC;0;1009,2;1009,3;1009,2;11,2;21,7;20,1;21,7;21,2;20,2;19,8;92;91;91;196;3,7;1,4;
2020/07/14;1000 UTC;0;1009,4;1009,4;1009,2;487,7;23,2;20,6;23,2;21,7;20,7;20,1;91;85;85;185;6,3;2,4;
2020/07/14;1100 UTC;0;1009,8;1009,8;1009,4;1446,5;25;21,3;25;23,2;21,5;20,4;85;80;80;197;6,6;3,1;
2020/07/14;1200 UTC;0;1009,8;1009,9;1009,8;2124,5;27;21,2;27,2;25;21,8;21,1;81;71;71;162;6,6;3,5;
2020/07/14;1300 UTC;0;1009,9;1009,9;1009,8;2335,4;28,5;20,7;28,6;27;21,9;20,3;71;63;63;143;7,8;4,4;
2020/07/14;1400 UTC;0;1009,8;1009,9;1009,7;3012,6;28,7;20,9;29;28;21;20;64;61;63;141;8,6;4,7;
2020/07/14;1500 UTC;0;1009,4;1009,8;1009,4;3122,6;28,6;20,8;28,9;28;21;20,2;65;61;63;138;8,8;5,4;
2020/07/14;1600 UTC;0;1008,7;1009,4;1008,7;2851,6;29,2;20,4;29,2;27,9;21,5;19,6;66;58;59;149;9;4,8;
2020/07/14;1700 UTC;0;1008;1008,7;1008;2259,7;28,3;19,7;29,2;27,8;21,1;18,7;65;57;60;144;8,9;4,7;
2020/07/14;1800 UTC;0;1007,6;1008;1007,5;2132,9;27,6;22;28,9;27,4;22,1;19,6;72;60;72;126;8,2;5;
2020/07/14;1900 UTC;0;1008,1;1008,1;1007,5;830,4;26,6;22,2;27,9;26,6;22,3;21,5;77;71;77;140;8,3;4,4;
2020/07/14;2000 UTC;0;1008,4;1008,4;1008,1;366,3;26,5;22,4;26,8;26,5;22,5;21,9;78;75;78;145;8,9;3,8;
2020/07/14;2100 UTC;0;1008,6;1008,6;1008,4;38,6;26,1;22,1;26,6;26,1;22,5;22,1;79;78;79;158;6,2;2,8;
2020/07/14;2200 UTC;0;1009,1;1009,1;1008,6;;25,8;22,3;26,1;25,8;22,3;22;81;79;81;151;4,8;2,3;
2020/07/14;2300 UTC;0;1009,7;1009,7;1009,1;;25,9;22,5;26;25,6;22,5;22,3;83;81;81;144;8,5;4;
2020/07/15;0000 UTC;0;1010;1010;1009,7;;25,9;22,1;26;25,8;22,7;22,1;83;80;80;154;8,5;3,5;
2020/07/15;0100 UTC;0;1009,7;1010,1;1009,7;;25,7;21,8;25,9;25,6;22,1;21,7;80;78;79;159;7,1;3,6;
2020/07/15;0200 UTC;0;1009,6;1009,7;1009,6;;25,6;21,7;25,7;25,5;21,8;21,6;79;78;79;159;8,4;3,7;
2020/07/15;0300 UTC;0;1009,3;1009,6;1009,3;;24,9;21,9;25,6;24,9;21,9;21,7;83;79;83;168;6,1;2,9;
2020/07/15;0400 UTC;0;1008,9;1009,3;1008,9;;24,3;22;24,9;24,3;22;21,9;87;83;87;168;5,9;3;
2020/07/15;0500 UTC;0;1008,7;1008,9;1008,5;;24;21,8;24,4;24;22;21,8;87;86;87;186;6,8;2,7;
2020/07/15;0600 UTC;0;1009;1009;1008,6;;23,9;21,6;24;23,8;21,8;21,6;88;87;87;190;5;2,4;
2020/07/15;0700 UTC;0;1009,2;1009,2;1009;;23,9;21,5;23,9;23,8;21,6;21,5;87;87;87;183;5,7;2,8;
2020/07/15;0800 UTC;0;1009,8;1009,8;1009,2;;23,6;21,4;23,9;23,6;21,5;21,4;88;86;88;186;5,3;2,3;
2020/07/15;0900 UTC;0;1009,9;1009,9;1009,7;,9;23,5;21,3;23,6;23,4;21,4;21,3;88;87;88;188;5,4;2,4;
2020/07/15;1000 UTC;0;1010,7;1010,7;1009,9;99,5;23,6;21,6;23,6;23,4;21,6;21,3;89;88;89;186;5,2;2,8;
2020/07/15;1100 UTC;0;1011,2;1011,2;1010,6;289;24,1;21,7;24,2;23,6;21,8;21,6;89;87;87;185;6,4;3,3;
2020/07/15;1200 UTC;0;1011,3;1011,4;1011,2;399;24,4;22,2;24,4;24,1;22,2;21,7;87;87;87;178;6,7;3,5;
2020/07/15;1300 UTC;0;1010,8;1011,3;1010,8;680,5;25,2;22,1;25,3;24,4;22,4;22;87;83;83;172;7,6;4;
2020/07/15;1400 UTC;0;1010,1;1010,8;1010,1;1318,4;26,3;22,3;26,3;25,1;22,6;22;84;78;79;173;8,8;5,1;
2020/07/15;1500 UTC;0;1009,3;1010,1;1009,3;2135,9;27,3;21,8;27,8;26,2;22,7;21,4;79;70;72;159;12,5;6,2;
2020/07/15;1600 UTC;0;1008,7;1009,3;1008,7;2229,4;27,4;21,7;28,4;27,2;22,4;20,7;73;67;71;151;11,3;6,8;
2020/07/15;1700 UTC;0;1007,9;1008,7;1007,9;1213,2;27,2;21,6;27,9;26,9;22;20,1;73;63;72;156;11,3;4,9;
2020/07/15;1800 UTC;0;1007,7;1007,9;1007,7;1119,2;27,6;20,8;27,8;27,1;21,6;20,4;72;66;66;158;9,8;4,8;
2020/07/15;1900 UTC;0;1008,1;1008,1;1007,7;922,4;27,5;21,9;27,9;27;22,7;20,5;76;65;72;162;10,5;4,8;
2020/07/15;2000 UTC;0;1008,3;1008,3;1008,1;286,5;26,5;22,6;27,5;26,5;22,6;22;79;72;79;155;10,3;4,8;
2020/07/15;2100 UTC;0;1008,5;1008,5;1008,3;28,9;25,9;22,8;26,5;25,8;22,9;21,6;84;77;83;143;9,5;4,2;
2020/07/15;2200 UTC;0;1009;1009;1008,4;;25,9;22,6;26,1;25,9;22,8;22,4;83;80;82;142;9;4,2;
2020/07/15;2300 UTC;0;1009,7;1009,7;1009;;26;22,4;26;25,7;22,6;22,4;82;80;81;141;8,6;4,5;
2020/07/16;0000 UTC;0;1009,8;1009,9;1009,7;;25,8;22,4;26;25,7;22,5;22,3;82;81;82;150;9;4,6;
2020/07/16;0100 UTC;0;1009,9;1009,9;1009,8;;25,7;22,2;25,9;25,7;22,5;22,1;82;80;81;149;9;4;
2020/07/16;0200 UTC;0;1009,8;1009,9;1009,8;;25,7;22;25,8;25,5;22,4;21,9;83;80;80;151;7,6;3,2;
2020/07/16;0300 UTC;0;1009,6;1009,9;1009,5;;24,2;22,1;25,8;24,2;22,1;21,7;88;79;88;187;6,9;3,4;
2020/07/16;0400 UTC;0;1009,2;1009,6;1009,2;;23,5;21,7;24,2;23,4;22,1;21,7;90;88;90;192;7;2,7;
2020/07/16;0500 UTC;0;1009,2;1009,3;1009,2;;23,1;21,3;23,5;23,1;21,7;21,3;90;90;90;195;6,6;3,4;
2020/07/16;0600 UTC;0;1009,1;1009,2;1009;;22,5;21,1;23,1;22,5;21,3;21,1;92;90;92;192;7,1;3,7;
2020/07/16;0700 UTC;0;1009,2;1009,2;1009;;22,2;20,8;22,5;22,2;21,1;20,8;92;91;92;213;6,9;2,3;
2020/07/16;0800 UTC;0;1009,5;1009,5;1009,2;;22,2;20,4;22,4;22,2;20,9;20,4;92;90;90;191;5,9;2,5;
2020/07/16;0900 UTC;0;1009,9;1009,9;1009,5;11,7;22,3;20,4;22,3;22,2;20,5;20,3;90;89;89;186;6,4;3;
2020/07/16;1000 UTC;0;1010,5;1010,5;1009,9;513,5;23,1;21;23,3;22,3;21,4;20,4;90;88;88;191;7,2;3,5;
2020/07/16;1100 UTC;0;1011,1;1011,1;1010,5;1184,7;25,1;21,6;25,1;23;21,7;20,9;88;81;81;193;7,5;3,6;
2020/07/16;1200 UTC;0;1011,2;1011,2;1010,9;1924,2;26,3;22;26,3;24,8;22;21;81;77;77;167;9,7;5,7;
2020/07/16;1300 UTC;0;1011,3;1011,3;1011,1;1820,1;24,4;22,4;27;24,4;22,4;21,4;88;74;88;151;10,2;5,3;
2020/07/16;1400 UTC;,6;1010,5;1011,3;1010,5;1773,1;26,2;22,8;26,2;24;23,7;22,3;93;82;82;151;9,1;3,5;
2020/07/16;1500 UTC;1;1010,1;1010,5;1010,1;1432,6;24;23;26,9;23,7;23,2;22,1;94;79;94;150;9,3;4,3;
2020/07/16;1600 UTC;3,2;1009,6;1010,1;1009,6;820,4;23,9;23,1;24;23,6;23,2;22,7;96;94;95;165;10,8;5,6;
2020/07/16;1700 UTC;0;1009,4;1009,6;1009,3;1263,5;24,6;21,1;24,8;23,7;23,1;21;95;81;81;164;13,8;6,8;
2020/07/16;1800 UTC;0;1009;1009,4;1008,9;997,8;25,5;21,4;25,5;24,4;22,2;21;86;77;78;156;13,8;4,7;
2020/07/16;1900 UTC;0;1009;1009;1008,8;713,1;24,3;21,3;25,6;24,1;22,1;20,6;84;78;83;138;12,3;6,3;
2020/07/16;2000 UTC;0;1009,1;1009,1;1008,9;328,8;25,2;22,4;26;24,3;22,4;20,2;85;71;85;143;12,3;2,9;
2020/07/16;2100 UTC;0;1009,5;1009,5;1009,1;21,8;25,1;22,7;25,2;25;22,7;22,4;86;85;86;149;6;2,1;
2020/07/16;2200 UTC;0;1009,9;1009,9;1009,5;;26,1;21,9;26,1;25,1;22,8;21,8;86;77;77;144;7,8;4,4;
2020/07/16;2300 UTC;0;1010,6;1010,6;1009,9;;26,1;21,8;26,2;26;22;21,5;79;76;77;136;7,6;4,6;
2020/07/17;0000 UTC;,2;1011,4;1011,4;1010,6;;23;21,7;26,2;22,9;21,8;20,9;93;76;93;191;9,5;3,4;
2020/07/17;0100 UTC;,4;1011,1;1011,5;1011,1;;22,6;21,4;23;22,6;21,8;21,3;93;92;93;197;8,6;3,5;
2020/07/17;0200 UTC;1,8;1011;1011,2;1010,9;;22,5;21,6;22,8;22,3;21,6;21,1;95;92;95;173;8,8;2,6;
2020/07/17;0300 UTC;1,4;1010;1011,1;1010;;22,7;21,9;22,7;22,3;21,9;21,5;96;95;95;183;5,8;2,6;
2020/07/17;0400 UTC;0;1009,4;1010;1009,4;,4;23;21,8;23;22,7;21,9;21,8;95;93;93;173;5,9;3;
2020/07/17;0500 UTC;0;1009;1009,4;1009;;22,7;21,4;23,1;22,6;21,8;21,3;93;92;92;189;7,2;2,8;
2020/07/17;0600 UTC;0;1008,7;1009,1;1008,7;;22,6;21,1;22,9;22,5;21,5;21;92;91;91;177;8;2,5;
2020/07/17;0700 UTC;0;1008,9;1009;1008,7;;22,5;20,8;22,8;22,5;21,2;20,8;92;89;90;167;6,1;2,8;
2020/07/17;0800 UTC;0;1009,2;1009,2;1008,9;;22,4;20,5;22,5;22,4;20,8;20,5;90;89;89;189;5,3;2,4;
2020/07/17;0900 UTC;0;1009,3;1009,3;1009,2;12,5;22,1;20,2;22,4;22,1;20,5;20,2;89;88;89;205;6,5;2,5;
2020/07/17;1000 UTC;0;1009,9;1009,9;1009,3;455,6;22,7;20;22,9;22,1;20,4;20;89;84;85;192;7,3;3,6;
2020/07/17;1100 UTC;0;1010,5;1010,6;1009,9;984;23,6;20,2;23,7;22,7;20,5;20;85;81;81;183;8;4,4;
2020/07/17;1200 UTC;0;1010,2;1010,6;1010,2;1972,4;25,7;21,4;25,9;23,6;21,6;20,3;82;76;77;184;9;4;
2020/07/17;1300 UTC;0;1010,3;1010,3;1010,1;2205,2;27;22;27;25,7;22;21,1;77;73;74;158;9,3;5,2;
2020/07/17;1400 UTC;,2;1009,8;1010,3;1009,8;2659,8;27,8;22,3;28,4;26,8;22,3;21,1;74;68;72;149;11,9;4,8;
2020/07/17;1500 UTC;0;1009,2;1009,8;1009,2;2950,2;28,4;22,1;28,7;27,3;22,5;21,4;72;68;69;150;12;5,2;
2020/07/17;1600 UTC;0;1008,5;1009,2;1008,5;3003,6;28,6;22,2;28,9;27,9;22,3;21,2;69;65;68;150;11,1;6;
2020/07/17;1700 UTC;0;1007,9;1008,5;1007,9;2627,8;27,8;21,8;28,7;27,5;22,8;21,5;73;67;70;148;11,4;6,7;
2020/07/17;1800 UTC;0;1007,6;1008;1007,6;2105,3;27,3;22,1;28,6;27,1;22,7;21,7;74;69;73;153;11,7;7,6;
2020/07/17;1900 UTC;0;1007,7;1007,7;1007,5;830,9;26,9;21,8;28,1;26,9;22,7;21,5;76;69;74;156;11,7;6,1;
2020/07/17;2000 UTC;0;1008;1008;1007,7;199,2;26,4;22,1;27,3;26,4;22,5;21,8;79;73;77;154;11,2;5,6;
2020/07/17;2100 UTC;0;1008,6;1008,6;1008;23,5;25,6;22,4;26,4;25,6;22,6;22;83;77;83;159;9,8;5,1;
2020/07/17;2200 UTC;0;1009,2;1009,2;1008,6;;25,2;22,7;25,6;25,2;22,7;22,4;86;83;86;165;8,7;4;
2020/07/17;2300 UTC;0;1009,9;1009,9;1009,2;;24,9;22;25,2;24,9;22,7;22;86;84;84;174;8,1;4,3;
2020/07/18;0000 UTC;0;1010,4;1010,4;1009,9;;24,4;22;24,9;24,4;22;21,9;87;84;87;188;7,4;3,5;
2020/07/18;0100 UTC;0;1010,3;1010,5;1010,3;;23,2;22,2;24,4;23,2;22,2;22;94;87;94;196;7,7;2,3;
2020/07/18;0200 UTC;0;1010,1;1010,5;1010,1;;23,3;22,3;23,4;23,2;22,4;22,2;94;94;94;193;6,2;2,8;
2020/07/18;0300 UTC;,6;1009,7;1010,1;1009,7;;23,1;22,4;23,3;23;22,4;22,2;96;94;96;199;6,4;2,8;
2020/07/18;0400 UTC;2,6;1009,2;1009,7;1009,2;;22,8;22,2;23,1;22,8;22,4;22,2;97;96;97;194;6;2,8;
2020/07/18;0500 UTC;1;1008,6;1009,2;1008,6;;22,4;21,9;22,8;22,4;22,2;21,9;97;96;97;206;7;2,9;
2020/07/18;0600 UTC;3,2;1008,5;1008,6;1008,4;;22,1;21,5;22,5;22,1;22;21,5;97;97;97;196;7;3,2;
2020/07/18;0700 UTC;2,6;1008,7;1008,7;1008,4;;21,9;21,4;22,1;21,9;21,6;21,4;97;97;97;206;7,7;3;
2020/07/18;0800 UTC;1,2;1009,2;1009,2;1008,7;;21,9;21,4;22;21,8;21,5;21,4;97;97;97;190;9,2;3,9;
2020/07/18;0900 UTC;1,6;1009,5;1009,5;1009,2;3;21,7;21,3;21,9;21,7;21,4;21,2;97;97;97;198;9,4;3,7;
2020/07/18;1000 UTC;7,4;1010;1010;1009,4;149,5;21,9;21,5;21,9;21,6;21,5;21,1;98;97;98;191;9,4;4,2;
2020/07/18;1100 UTC;5,4;1010,8;1010,8;1010;328,1;22,2;21,9;22,2;21,8;21,9;21,4;98;98;98;189;9,3;3,2;
2020/07/18;1200 UTC;,8;1011;1011,1;1010,7;783,4;22,4;21,8;22,4;22;21,9;21,4;98;96;96;172;9,9;3,4;
2020/07/18;1300 UTC;,8;1011,1;1011,2;1010,9;902;23,1;22,4;23,2;22,3;22,5;21,7;97;96;96;173;8,5;4,8;
2020/07/18;1400 UTC;,8;1010,9;1011,1;1010,8;1151;23,1;22,1;23,5;22,9;22,7;21,9;96;94;94;162;12,3;6,9;
2020/07/18;1500 UTC;,2;1010,2;1010,9;1010,2;1558,8;24,8;22,1;24,9;23;22,6;21,9;94;85;85;157;12,3;5,7;
2020/07/18;1600 UTC;0;1009,5;1010,2;1009,4;1435,4;25,1;21,8;26;24,8;22,4;21,3;85;77;82;143;11,6;5,8;
2020/07/18;1700 UTC;,2;1009;1009,5;1009;1202,2;23,6;22,4;25,4;23,2;22,6;21,5;93;82;93;145;11,4;5,1;
2020/07/18;1800 UTC;0;1008,3;1009;1008,2;1602,8;25,6;20,8;25,7;23,6;22,5;20,5;93;74;75;165;14,2;4,7;
2020/07/18;1900 UTC;0;1008,5;1008,5;1008,1;899;25,4;22;26,3;25,2;22,2;20,7;82;75;82;174;12;6;
2020/07/18;2000 UTC;0;1008,7;1008,7;1008,4;289,1;24,5;20,8;25,4;24,5;21,8;20,8;82;79;80;174;12;5,3;
2020/07/18;2100 UTC;0;1008,7;1008,8;1008,7;20,5;24,1;21,3;24,6;24,1;21,3;20,7;84;80;84;170;8,9;3,8;
2020/07/18;2200 UTC;0;1008,9;1008,9;1008,6;;23,9;21,8;24,2;23,9;22;21,3;88;84;88;180;7,2;2,6;
2020/07/18;2300 UTC;0;1009,6;1009,6;1008,9;;23,3;21,2;23,9;23,3;21,9;21,2;90;88;88;191;5;1,9;
2020/07/19;0000 UTC;0;1009,8;1009,8;1009,6;;23,2;21,2;23,5;23,1;21,3;21,2;89;88;89;173;5,2;3,2;
2020/07/19;0100 UTC;0;1010;1010,1;1009,8;;22,9;20,9;23,2;22,9;21,2;20,9;89;88;89;181;6;2,8;
2020/07/19;0200 UTC;0;1010,1;1010,1;1010;;22,6;20,8;22,9;22,6;21;20,7;89;89;89;174;5,6;2,7;
2020/07/19;0300 UTC;0;1009,8;1010,2;1009,8;;22,5;20,7;22,6;22,4;20,8;20,6;90;89;90;190;6;3,3;
2020/07/19;0400 UTC;0;1009,3;1009,9;1009,3;;22,1;20,7;22,5;22,1;20,8;20,6;91;90;91;175;5,4;2,6;
2020/07/19;0500 UTC;0;1008,6;1009,3;1008,5;;22,1;20,5;22,3;22,1;20,7;20,4;91;90;90;177;6;3;
2020/07/19;0600 UTC;0;1008,1;1008,5;1008;;21,9;20,4;22,1;21,9;20,5;20,3;91;90;91;187;6;2,6;
2020/07/19;0700 UTC;0;1008,2;1008,3;1008;;21,9;20,5;22;21,9;20,5;20,3;92;91;92;189;6,1;3,1;
2020/07/19;0800 UTC;0;1008,2;1008,3;1008,2;;21,6;20,5;21,9;21,6;20,5;20,4;93;92;93;184;6,1;2,6;
2020/07/19;0900 UTC;0;1008,6;1008,6;1008,1;9,7;21,6;20,7;21,7;21,5;20,7;20,4;94;93;94;185;5,5;2,5;
2020/07/19;1000 UTC;0;1008,9;1008,9;1008,6;393,2;22,8;21,4;22,8;21,6;21,4;20,7;94;92;92;187;5;2,5;
2020/07/19;1100 UTC;0;1009,2;1009,2;1008,9;1382,1;24,9;21,8;24,9;22,8;22;21,3;92;83;83;190;5,4;3,2;
2020/07/19;1200 UTC;0;1009,3;1009,4;1009,2;1913;26,9;22,2;27;24,9;22,4;21,7;83;75;75;152;8,5;5,4;
2020/07/19;1300 UTC;0;1009,3;1009,4;1009,2;2449,7;28,1;22,2;28,1;26,8;22,5;21,7;76;70;70;149;11,3;5,5;
2020/07/19;1400 UTC;0;1009,1;1009,4;1009,1;3027;28,1;21,5;28,6;27,7;22,6;21,2;71;66;67;144;11,5;6,4;
2020/07/19;1500 UTC;0;1008,5;1009,1;1008,5;3095,4;28,6;22,4;28,9;28,1;22,5;21,3;70;66;69;143;12,9;5,6;
2020/07/19;1600 UTC;0;1007,6;1008,5;1007,6;2794;28,4;21,9;29;28;22,9;21,6;71;66;68;144;10,4;6;
2020/07/19;1700 UTC;0;1006,9;1007,6;1006,9;2597,1;28,6;21,6;29,2;27,9;22,6;21,4;71;66;66;142;11,6;5,4;
2020/07/19;1800 UTC;0;1006,5;1006,9;1006,5;2065,2;27,9;22,4;28,6;27,8;22,7;21,5;73;66;72;157;12,5;6,3;
2020/07/19;1900 UTC;0;1006,5;1006,5;1006,4;850,8;27,6;22,5;28,5;27,5;22,8;21,9;75;70;74;153;11,5;6,3;
2020/07/19;2000 UTC;0;1006,8;1006,8;1006,5;277;26,8;22,6;27,6;26,8;23;22,4;78;74;77;148;10,6;5,7;
2020/07/19;2100 UTC;0;1007,2;1007,2;1006,8;32,8;26,4;22,8;26,9;26,4;22,9;22,6;80;77;80;148;10,5;3,7;
2020/07/19;2200 UTC;0;1007,6;1007,6;1007,2;;26,3;22,7;26,4;26,2;22,8;22,6;81;80;80;147;8,6;3,8;
2020/07/19;2300 UTC;0;1008;1008;1007,6;;26,3;22,6;26,3;26,1;22,7;22,5;81;80;80;156;8;4,2;
2020/07/20;0000 UTC;0;1008,7;1008,7;1007,9;;26,1;22,8;26,3;26,1;23,1;22,6;83;80;82;148;8;3,8;
2020/07/20;0100 UTC;0;1008,8;1008,8;1008,6;;26,2;23;26,2;26,1;23,1;22,8;83;82;83;148;7,7;4,4;
2020/07/20;0200 UTC;0;1008,9;1008,9;1008,7;;25;22,7;26,3;24,9;23,1;22,3;87;82;87;195;8,1;2,8;
2020/07/20;0300 UTC;0;1008,6;1008,9;1008,6;;24,2;22,7;25;24,2;22,8;22,6;92;87;92;186;5,5;2,7;
2020/07/20;0400 UTC;0;1008,3;1008,6;1008,2;;23,7;22,4;24,2;23,7;22,7;22,4;93;91;93;179;6,7;3,8;
2020/07/20;0500 UTC;,2;1007,8;1008,3;1007,8;;23,4;22,4;23,7;23,3;22,5;22,3;94;93;94;181;6,7;3;
2020/07/20;0600 UTC;0;1007,3;1007,8;1007,3;;23,3;22,2;23,4;23,3;22,4;22,2;94;94;94;182;6,9;2,6;
2020/07/20;0700 UTC;3,4;1007,4;1007,6;1007,1;;23,5;22,6;23,5;23;22,7;22,1;96;94;95;120;12,5;6;
2020/07/20;0800 UTC;0;1007,7;1007,7;1007,4;2,1;24,7;22,6;24,8;23,5;22,8;22,5;95;87;88;136;12,5;4,6;
2020/07/20;0900 UTC;0;1008;1008;1007,7;14;25,2;22,6;25,3;24,7;22,9;22,3;88;85;85;139;9,1;4,8;
2020/07/20;1000 UTC;0;1008,6;1008,6;1008;177,3;25,3;22,5;25,4;25,1;22,8;22,5;87;84;84;131;9,3;4,1;
2020/07/20;1100 UTC;0;1009,1;1009,1;1008,6;437,5;25,8;22,4;25,8;25,3;22,5;21,9;84;81;82;143;9,2;3,6;
2020/07/20;1200 UTC;0;1009,5;1009,5;1009,1;669,5;26,1;22,7;26,2;25,8;22,9;21,8;83;78;81;131;10,3;6,1;
2020/07/20;1300 UTC;0;1009,4;1009,5;1009,3;1263,5;26,2;22,4;26,5;25,7;22,8;22,1;82;78;80;127;11,8;5;
2020/07/20;1400 UTC;0;1009;1009,4;1009;1347,1;27;22,1;27,1;26,1;22,9;21,9;82;74;75;131;9,5;5,1;
2020/07/20;1500 UTC;0;1008,4;1009;1008,4;2842,2;27,8;23,3;28,2;26,8;23,7;22,1;78;73;77;123;9,5;3,6;
2020/07/20;1600 UTC;4;1007,9;1008,8;1007,9;1524,6;24,9;23,4;27,9;22,8;24;20,6;97;76;92;150;13;4,3;
2020/07/20;1700 UTC;,2;1007,2;1007,9;1007,2;1684,8;24,9;23,2;26,5;24,7;23,9;22,6;93;82;91;140;9;4,2;
2020/07/20;1800 UTC;1;1006,9;1007,2;1006,9;793,5;24,1;22,1;25,1;24,1;23,6;22,1;93;86;89;157;12,7;6,9;
2020/07/20;1900 UTC;0;1006,9;1006,9;1006,6;648,3;25;22,7;25,2;23,8;22,9;22,2;92;86;87;147;10,9;6,1;
2020/07/20;2000 UTC;1;1007,4;1007,4;1006,8;155,2;23,3;22,3;25;23,3;22,8;22;94;86;94;139;11,8;6,6;
2020/07/20;2100 UTC;,4;1007,5;1007,5;1007,2;15,7;24,5;22,6;24,9;23,2;22,8;22,1;95;85;89;126;10,8;5,2;
2020/07/20;2200 UTC;,4;1007,9;1007,9;1007,4;;23,8;22,3;24,8;23,5;22,7;22,3;95;88;91;128;13,6;6,5;
2020/07/20;2300 UTC;,2;1008,8;1008,9;1007,9;,5;22,9;21,8;24,4;22,8;22,3;21,6;94;87;94;131;13,1;5,7;
2020/07/21;0000 UTC;,4;1009;1009,2;1008,8;;22,9;21,8;23,1;22,8;22,2;21,7;95;94;94;160;11,5;6,5;
2020/07/21;0100 UTC;0;1009,1;1009,2;1009;,7;22,9;21,2;23,1;22,7;22;21,2;94;91;91;177;11,5;4,5;
2020/07/21;0200 UTC;0;1009;1009,1;1008,9;;24,2;20,9;24,3;22,9;21,5;20,8;91;82;82;164;8,3;3,1;
2020/07/21;0300 UTC;0;1008,4;1009;1008,4;;22,8;21,1;24,2;22,8;21,1;20,6;91;82;91;214;5,2;1,7;
2020/07/21;0400 UTC;0;1007,7;1008,5;1007,7;;22,7;21,4;22,8;22,6;21,4;21,2;93;91;93;202;4,7;1,7;
2020/07/21;0500 UTC;1;1007,5;1008;1007,5;;22,4;21,4;22,7;22,4;21,5;21,2;94;93;94;174;7,1;2,8;
2020/07/21;0600 UTC;,2;1007,3;1007,5;1007,2;;21,7;20,9;22,4;21,7;21,5;20,9;95;94;95;177;6,6;3,7;
2020/07/21;0700 UTC;0;1006,9;1007,3;1006,9;;21,6;20,9;21,7;21,6;20,9;20,9;96;95;96;205;6,6;2,6;
2020/07/21;0800 UTC;0;1007,1;1007,2;1006,9;;21,4;20,7;21,7;21,4;20,9;20,7;96;96;96;214;5,1;2,5;
2020/07/21;0900 UTC;0;1007,6;1007,6;1007;7,8;21,4;20,8;21,4;21,3;20,8;20,7;97;96;97;194;5,5;1,8;
2020/07/21;1000 UTC;0;1008,1;1008,1;1007,5;94,3;21,8;21,1;21,9;21,4;21,1;20,8;97;95;95;186;5,4;1,5;
2020/07/21;1100 UTC;2,8;1008,6;1008,6;1008,1;308,3;22,1;21,3;22,3;21,8;21,4;21;96;95;96;210;5,2;2,3;
2020/07/21;1200 UTC;,4;1008,9;1008,9;1008,5;948,5;23,9;22,8;24,2;22;23,2;21,3;96;93;93;191;5,2;2,4;
2020/07/21;1300 UTC;0;1008,8;1009,1;1008,8;1623,1;27;22,9;27;23,9;23,6;22,7;94;78;78;155;10,2;4,5;
2020/07/21;1400 UTC;0;1008,4;1008,9;1008,4;2683,4;27,8;22,3;28,2;26,5;23,4;21,6;79;70;72;142;11;6,4;
2020/07/21;1500 UTC;,4;1008;1008,4;1008;1767;24,9;22,4;28,3;24,9;22,6;21,6;87;69;86;130;11,8;5,4;
2020/07/21;1600 UTC;,2;1007,4;1008;1007,4;1392;24,6;22,3;26,3;23,9;22,5;21,4;89;78;87;133;10,3;3,7;
2020/07/21;1700 UTC;1,4;1006,8;1007,6;1006,8;891,5;24,3;22,3;25,1;22,8;22,5;20,6;89;83;89;149;8,9;2,7;
2020/07/21;1800 UTC;0;1006,3;1006,8;1006,3;1205,8;26,6;20,6;27;24,2;23,2;20,5;89;69;70;157;9,1;5,5;
2020/07/21;1900 UTC;0;1006,5;1006,5;1006,3;907,2;26,4;20,4;26,9;26,4;21,2;20,4;72;68;69;156;10,5;5,5;
2020/07/21;2000 UTC;0;1006,8;1006,8;1006,5;313,3;26;20;26,4;26;20,5;19,9;72;69;69;154;10,5;4,4;
2020/07/21;2100 UTC;0;1006,9;1007;1006,8;31;25,4;19,8;26;25,4;20,1;19,7;71;69;71;168;10;4,3;
2020/07/21;2200 UTC;0;1007,5;1007,5;1006,9;;25;19,7;25,4;25;19,9;19,6;72;71;72;167;8;4;
2020/07/21;2300 UTC;0;1008,1;1008,1;1007,5;;24,4;19,1;25;24,4;19,7;19,1;74;72;72;174;7,8;4;
2020/07/22;0000 UTC;0;1008,7;1008,7;1008,1;;23,5;19;24,4;23,5;19,1;18,8;76;72;76;177;7,4;2,5;
2020/07/22;0100 UTC;0;1009;1009;1008,7;;22,9;19;23,6;22,9;19,1;19;79;76;79;182;5,3;2,3;
2020/07/22;0200 UTC;0;1009,2;1009,2;1009;;22,2;19;22,9;22,2;19,1;19;82;79;82;176;4,9;2,2;
2020/07/22;0300 UTC;0;1009,2;1009,3;1009,1;;22,1;19,2;22,3;22,1;19,2;19;83;82;83;191;4,2;2;
2020/07/22;0400 UTC;0;1008,7;1009,2;1008,7;;21,4;18,9;22,1;21,4;19,2;18,9;86;83;86;214;4,1;1,7;
2020/07/22;0500 UTC;0;1008,3;1008,7;1008,3;;21,2;18,9;21,5;21,1;19;18,8;87;86;87;185;3,5;1,3;
2020/07/22;0600 UTC;0;1007,9;1008,3;1007,9;;21,2;18,8;21,6;21,2;19,1;18,7;87;85;86;210;5,1;1,9;
2020/07/22;0700 UTC;0;1007,9;1007,9;1007,7;;20,9;18,8;21,2;20,9;18,9;18,8;88;86;88;195;3,9;1,8;
2020/07/22;0800 UTC;0;1007,8;1007,9;1007,8;;20,6;18,8;21;20,6;18,9;18,7;89;88;89;201;3,7;1,6;
2020/07/22;0900 UTC;0;1008;1008;1007,7;12,8;20,9;19,2;20,9;20,4;19,2;18,7;91;89;90;191;3,8;1,6;
2020/07/22;1000 UTC;0;1008,3;1008,3;1007,9;493,5;22,3;19,3;22,3;20,9;19,5;19,2;90;83;83;187;5,8;3,1;
2020/07/22;1100 UTC;0;1008,7;1008,7;1008,3;1357;24,4;20,3;24,4;22,3;20,4;19,3;83;78;78;182;6,6;3,6;
2020/07/22;1200 UTC;0;1009;1009;1008,6;1921,5;26,4;19,9;26,4;24,4;20,7;19,8;78;68;68;167;9;4,8;
2020/07/22;1300 UTC;0;1008,8;1009,1;1008,8;2582,1;27,4;19;27,9;26,2;20,1;18,6;68;59;60;160;12;6,8;
2020/07/22;1400 UTC;0;1008,3;1008,9;1008,3;3097,7;28,3;17,8;28,8;27,3;19,4;17,8;60;53;53;153;12;6,4;
2020/07/22;1500 UTC;0;1007,6;1008,3;1007,5;3176,6;28,7;18,4;29,1;27,9;19,4;17,5;57;53;54;144;12,7;6,4;
2020/07/22;1600 UTC;0;1006,9;1007,6;1006,9;3030,9;28,3;19,7;29,1;27,9;20,6;18,7;63;54;60;153;13;7,8;
2020/07/22;1700 UTC;0;1006,1;1007;1006,1;2320,1;28,7;21,2;28,8;27,8;21,2;18,9;65;57;64;149;13;6,1;
2020/07/22;1800 UTC;0;1006,1;1006,2;1006;1590,6;27,5;21,4;28,7;27,5;21,7;19,6;69;59;69;149;11,7;6,3;
2020/07/22;1900 UTC;0;1006,4;1006,4;1006,1;577,3;26,8;21,6;27,6;26,7;21,7;20,8;74;69;73;148;11,6;5;
2020/07/22;2000 UTC;0;1006,8;1006,8;1006,3;211,2;26,3;21,5;26,8;26,2;22,2;21,1;78;72;75;154;10,8;4,9;
2020/07/22;2100 UTC;0;1007,1;1007,1;1006,8;20,1;26,1;21;26,3;26,1;21,5;21;75;74;74;155;9,2;4,8;
2020/07/22;2200 UTC;0;1007,5;1007,5;1007,1;;26;20,9;26,1;26;21,3;20,9;75;73;73;160;9,6;5;
2020/07/22;2300 UTC;0;1008,3;1008,3;1007,5;;25,9;20,8;26,1;25,3;21;20,2;77;70;73;151;10,1;4,1;
2020/07/23;0000 UTC;0;1009;1009;1008,3;;24,3;20,4;26,2;24,1;21,4;19,7;79;72;79;171;12,3;5,9;
2020/07/23;0100 UTC;0;1009,5;1009,5;1009;;24,5;20,6;24,7;24,3;20,8;20,4;81;77;79;155;10,9;4;
2020/07/23;0200 UTC;0;1009,5;1009,5;1009,4;;24,6;20,7;24,7;24,4;20,7;20,4;80;77;79;173;7,6;3,4;
2020/07/23;0300 UTC;0;1009,2;1009,5;1009,2;;23,9;20,8;24,6;23,9;20,8;20,5;83;79;83;183;9,4;3,8;
2020/07/23;0400 UTC;0;1008,7;1009,2;1008,6;;24;20,6;24;23,9;20,8;20,6;83;81;81;185;7,1;3,1;
2020/07/23;0500 UTC;0;1008,3;1008,7;1008,3;;23,3;20,6;24;23,2;20,8;20,5;85;81;85;196;5,5;2,7;
2020/07/23;0600 UTC;0;1008,1;1008,3;1008,1;;22,9;20,6;23,4;22,9;20,6;20,4;87;84;87;190;6,9;2,9;
2020/07/23;0700 UTC;0;1008,1;1008,2;1007,9;;22,8;20,4;23;22,8;20,6;20,4;87;86;87;199;5,7;2,3;
2020/07/23;0800 UTC;0;1008,1;1008,3;1008,1;;22,8;20,3;22,9;22,7;20,5;20,3;87;86;86;192;5,7;3,1;
2020/07/23;0900 UTC;0;1008,3;1008,3;1008,1;13,5;22,7;20,2;22,8;22,6;20,3;20,2;86;85;86;189;6;3;
2020/07/23;1000 UTC;0;1008,6;1008,6;1008,3;323,5;23,6;20,7;23,6;22,7;20,7;20,2;86;84;84;181;7,3;3,5;
2020/07/23;1100 UTC;0;1009,2;1009,2;1008,5;1303,9;25,8;21,1;25,8;23,6;21,2;20,5;84;75;75;171;8,4;3,7;
2020/07/23;1200 UTC;0;1009,6;1009,6;1009,2;1437,1;27,2;21,5;27,2;25,5;21,5;20,9;76;71;71;170;10,4;5,2;
2020/07/23;1300 UTC;0;1009,6;1009,7;1009,5;2534,8;27,7;21,4;28,3;27,2;21,9;21,1;71;67;69;162;12;7,4;
2020/07/23;1400 UTC;0;1009,6;1009,7;1009,5;2767;28,8;21,6;28,8;27,4;22;21;70;65;65;148;13,3;6,2;
2020/07/23;1500 UTC;0;1008,9;1009,6;1008,9;2567;28,9;21,5;29;27,6;21,6;20,4;67;62;65;150;13,4;5,4;
2020/07/23;1600 UTC;0;1008,4;1008,9;1008,4;2723,8;28,3;21,3;29,4;27,8;22,4;19,4;69;57;66;147;13,5;7,2;
2020/07/23;1700 UTC;0;1007,6;1008,4;1007,6;2205,5;28,1;20,1;28,9;27,8;21,9;19,9;67;61;62;155;12,2;6,5;
2020/07/23;1800 UTC;0;1007,2;1007,7;1007,1;1652,4;27,7;21,7;28,7;27,2;22,2;20,4;71;62;70;144;12,6;7;
2020/07/23;1900 UTC;0;1007,2;1007,3;1007,1;1021,2;27;21,2;28;27;22,4;20,9;72;67;70;154;13;7;
2020/07/23;2000 UTC;0;1007,4;1007,4;1007,3;361,6;26,6;21,9;27,3;26,6;22,1;21,4;76;70;75;154;11,8;6,2;
2020/07/23;2100 UTC;0;1008;1008;1007,4;27,5;26,1;22,3;26,7;26,1;22,3;21,7;80;75;80;161;10,9;5,2;
2020/07/23;2200 UTC;0;1008,2;1008,2;1008;;25,6;22,3;26,1;25,6;22,5;22,1;82;79;82;164;10,1;5,6;
2020/07/23;2300 UTC;0;1008,8;1008,8;1008,2;;25,3;22,1;25,6;25,3;22,3;22,1;83;82;82;162;10,1;4,7;
2020/07/24;0000 UTC;0;1009,7;1009,7;1008,8;;25;21,7;25,3;25;22;21,7;83;82;82;169;8,7;4,2;
2020/07/24;0100 UTC;0;1009,9;1010;1009,7;;24,7;21,4;25;24,7;21,7;21,4;82;82;82;167;8,3;4,2;
2020/07/24;0200 UTC;0;1010,1;1010,1;1009,9;;24,3;21,4;24,7;24,3;21,5;21,4;84;82;84;172;7,6;3,5;
2020/07/24;0300 UTC;0;1009,8;1010,1;1009,8;;23,6;21,3;24,3;23,6;21,4;21,3;87;84;87;186;7,2;3,1;
2020/07/24;0400 UTC;0;1009,4;1009,8;1009,4;;23,2;21;23,6;23,2;21,3;21;88;87;88;184;6,7;3;
2020/07/24;0500 UTC;0;1009;1009,4;1009;;22,9;20,7;23,2;22,9;21;20,7;88;87;87;193;7,1;3,3;
2020/07/24;0600 UTC;0;1008,7;1009;1008,6;;22,4;20,4;22,9;22,4;20,6;20,4;88;87;88;192;6,7;3,6;
2020/07/24;0700 UTC;0;1008,7;1008,8;1008,6;;22,3;20,4;22,4;22,2;20,5;20,4;90;88;90;195;6,6;3,1;
2020/07/24;0800 UTC;0;1008,8;1008,9;1008,7;;22,2;20,4;22,3;22,1;20,5;20,3;90;89;89;191;6,4;2,9;
2020/07/24;0900 UTC;0;1009,2;1009,2;1008,8;11,9;22,3;20,2;22,3;22,2;20,4;20,1;89;88;88;188;6,1;2,6;
2020/07/24;1000 UTC;0;1009,6;1009,6;1009,2;347,5;22,9;20,3;23;22,3;20,4;20,1;88;85;85;191;6,1;3;
2020/07/24;1100 UTC;0;1010;1010;1009,6;1122,4;25,4;20,6;25,4;22,9;20,9;20,2;85;75;75;179;7,5;4,4;
2020/07/24;1200 UTC;0;1009,9;1010,1;1009,9;1998,6;26,9;20,1;27,2;25,4;21;20,1;75;66;67;176;10;5,3;
2020/07/24;1300 UTC;0;1009,6;1009,9;1009,6;2332,3;28,5;20,4;28,6;26,8;21;20,1;68;61;61;168;10;5,5;
2020/07/24;1400 UTC;0;1009,2;1009,6;1009,1;3114,3;29,2;20,6;29,3;28,2;21;19,6;62;58;60;142;11,7;6,3;
2020/07/24;1500 UTC;0;1008,6;1009,2;1008,6;3201;29,2;20,5;29,4;28,2;20,8;19,7;62;58;60;144;13,1;6,3;
2020/07/24;1600 UTC;0;1007,8;1008,6;1007,8;3007,4;28,5;20,9;29,4;28,3;21,2;19,9;65;59;64;147;12,7;7,4;
2020/07/24;1700 UTC;0;1007,2;1007,9;1007,1;2647,8;27,8;21,1;29,6;27,7;21,6;20,2;68;60;67;146;13,6;7,8;
2020/07/24;1800 UTC;0;1007;1007,2;1006,9;2136,1;27,7;21,2;28,3;27,4;21,7;20,4;68;64;68;153;14,2;7;
2020/07/24;1900 UTC;0;1007,2;1007,2;1006,9;908,3;26,9;21,5;27,8;26,8;21,6;20,3;72;65;72;155;14,2;7,1;
2020/07/24;2000 UTC;0;1007,5;1007,6;1007,1;207,6;26,4;21,4;27,2;26,4;21,9;21,2;74;71;74;151;12,4;5,7;
2020/07/24;2100 UTC;0;1007,9;1008;1007,5;39,5;25,7;21,1;26,4;25,7;21,2;21;76;73;76;157;12,1;6,1;
2020/07/24;2200 UTC;0;1008,6;1008,6;1007,9;;25,1;21,3;25,7;25,1;21,6;21,1;80;76;79;167;10,6;4,3;
2020/07/24;2300 UTC;0;1009,2;1009,2;1008,6;;24,9;21,3;25,1;24,9;21,3;21,2;81;79;80;169;8,2;4,4;
2020/07/25;0000 UTC;0;1009,4;1009,4;1009,2;;25,1;20,8;25,1;24,9;21,3;20,8;80;77;77;171;8,4;4,7;
2020/07/25;0100 UTC;0;1009,3;1009,5;1009,3;;24,8;20,7;25,1;24,7;20,8;20,6;78;77;78;176;8,8;4,4;
2020/07/25;0200 UTC;0;1009,5;1009,5;1009,3;;24;20,6;24,8;24;20,7;20,6;82;78;81;174;8,6;3,7;
2020/07/25;0300 UTC;0;1009,4;1009,6;1009,4;;23,2;20,3;24;23,2;20,6;20,2;83;81;83;185;7,2;3,1;
2020/07/25;0400 UTC;0;1008,9;1009,4;1008,9;;23;20,2;23,2;23;20,3;20,2;85;83;85;191;6;2,9;
2020/07/25;0500 UTC;0;1008,6;1008,9;1008,6;;22,9;20,3;23;22,9;20,4;20,2;85;85;85;190;6,8;3,1;
2020/07/25;0600 UTC;0;1008,5;1008,7;1008,5;;22,5;20,1;22,9;22,5;20,3;20,1;86;85;86;197;6,4;2,7;
2020/07/25;0700 UTC;0;1008,6;1008,7;1008,5;;22,3;20;22,5;22,2;20,1;20;87;86;87;192;6,5;2,8;
2020/07/25;0800 UTC;0;1008,8;1008,9;1008,6;;22,4;20,1;22,5;22,2;20,1;20;87;86;86;190;8;3,7;
2020/07/25;0900 UTC;0;1009;1009;1008,7;9,8;22,5;20,2;22,5;22,2;20,2;20;87;86;87;188;8;3,5;
2020/07/25;1000 UTC;0;1009,4;1009,4;1008,9;518,6;23,5;20,3;23,5;22,5;20,5;20,1;87;82;82;182;8;3,5;
2020/07/25;1100 UTC;0;1009,7;1009,7;1009,4;1428,1;24,9;20,4;25,1;23,5;20,8;20,2;83;75;76;182;9,7;4,6;
2020/07/25;1200 UTC;0;1010;1010;1009,7;1867,5;26,6;20,8;26,9;24,9;21,2;20,1;76;68;71;173;11,7;5,7;
2020/07/25;1300 UTC;0;1010;1010,1;1009,9;1554,7;27,1;21,1;27,2;26,3;21,4;20,3;72;68;70;163;11,4;5,1;
2020/07/25;1400 UTC;0;1009,9;1010;1009,6;1842,8;26;21,5;28,6;26;21,5;20,2;76;64;76;145;13,6;7,4;
2020/07/25;1500 UTC;0;1008,8;1009,9;1008,8;2652,8;28,3;19,6;28,5;25,5;21,4;19,2;76;59;59;167;15,9;7,5;
2020/07/25;1600 UTC;0;1008,3;1008,9;1008,3;3042,5;29,2;20;29,5;28,1;21;18,7;63;53;58;162;13,2;5,9;
2020/07/25;1700 UTC;0;1007,9;1008,3;1007,8;2686,3;28,7;21,4;29,6;28,1;21,4;19,8;65;57;65;149;14;7,2;
2020/07/25;1800 UTC;0;1007,6;1007,8;1007,5;2122,1;28,2;19,7;28,8;27,9;21,2;19,6;66;60;60;157;14,7;8,2;
2020/07/25;1900 UTC;0;1007,8;1007,9;1007,4;913,6;27,5;19,9;28,3;27,4;20,6;19,4;65;60;63;158;17,7;6,3;
2020/07/25;2000 UTC;0;1008,2;1008,3;1007,7;243,7;26,5;21;27,5;26,5;21,2;19,8;72;63;72;158;14,7;6,3;
2020/07/25;2100 UTC;0;1008,7;1008,7;1008,2;36,6;25,7;20,6;26,5;25,7;21,2;20,6;75;71;74;158;13,6;5,1;
2020/07/25;2200 UTC;0;1009,4;1009,4;1008,7;;25,5;20,3;25,7;25,5;20,8;20,1;75;71;73;165;9,8;4,8;
2020/07/25;2300 UTC;0;1009,9;1009,9;1009,3;;25,2;21,3;25,5;25,2;21,3;20,4;79;73;79;165;7,7;3,8;
2020/07/26;0000 UTC;0;1010,2;1010,2;1009,9;;25,2;21,1;25,6;25,1;21,7;20,9;80;77;78;164;8;4;
2020/07/26;0100 UTC;0;1010,2;1010,4;1010,2;;24,8;21,8;25,2;24,7;21,8;21,1;83;78;83;146;10,5;3,6;
2020/07/26;0200 UTC;0;1010,1;1010,3;1010,1;;23,4;19,9;25;23,4;22;19,9;84;78;81;182;14,1;5,3;
2020/07/26;0300 UTC;0;1009,6;1010,1;1009,6;;23,3;19,8;23,4;23,2;20,2;19,7;82;80;81;178;9,9;3,6;
2020/07/26;0400 UTC;0;1009,4;1009,7;1009,4;;22,5;20,9;23,3;22,4;20,9;19,7;91;81;91;145;8,2;3,9;
2020/07/26;0500 UTC;,6;1008,9;1009,4;1008,9;;21,8;20,7;22,8;21,7;21;20,3;93;88;93;187;9,4;2,5;
2020/07/26;0600 UTC;0;1008,7;1008,9;1008,6;;22,2;20,5;22,3;21,8;20,9;20,4;93;90;90;175;8,6;3,9;
2020/07/26;0700 UTC;0;1008,7;1008,9;1008,6;;22,3;20,2;22,6;22,2;20,6;20,2;90;87;88;189;7,3;4,2;
2020/07/26;0800 UTC;0;1008,9;1008,9;1008,6;;21,9;20,5;22,3;21,9;20,5;20,2;92;88;91;196;7,4;3,8;
2020/07/26;0900 UTC;,2;1009,7;1009,7;1008,9;13,4;21,7;20,6;22;21,7;20,6;20,5;93;91;93;180;8,3;3,8;
2020/07/26;1000 UTC;0;1010,1;1010,1;1009,6;512,1;22,6;21,2;22,6;21,7;21,3;20,6;94;92;92;195;8,3;3,5;
2020/07/26;1100 UTC;0;1010,3;1010,3;1010,1;1167,9;24,2;21,5;24,2;22,5;21,7;21,1;92;85;85;180;7,5;3,8;
2020/07/26;1200 UTC;,2;1010,7;1010,7;1010,3;1365,8;23,3;21,4;24,5;23,3;22,7;21,1;91;84;89;184;9,2;4,4;
2020/07/26;1300 UTC;1,8;1010,4;1010,8;1010,4;1264,1;25,3;23,9;25,3;22,8;23,9;21,4;95;89;92;140;9,2;3,3;
2020/07/26;1400 UTC;,4;1009,8;1010,4;1009,7;2444,9;26,1;21,8;26,5;23,6;23,7;21;93;75;77;137;13,6;6;
2020/07/26;1500 UTC;0;1009,1;1009,8;1009,1;2847,9;26,7;21,2;27,1;26;22,5;20,9;78;71;72;141;11,5;6,3;
2020/07/26;1600 UTC;0;1008,5;1009,1;1008,5;2908,2;26,7;22,1;28;26,7;22,6;20,8;76;70;76;138;11,4;6,7;
2020/07/26;1700 UTC;0;1008;1008,7;1008;2215,8;27,4;21,4;27,6;25;22,4;20,9;82;69;70;144;11,4;5,4;
2020/07/26;1800 UTC;,4;1007,9;1008,2;1007,9;1201,8;25,5;22,4;27,9;24,1;22,9;21,1;88;69;83;130;10,5;3,9;
2020/07/26;1900 UTC;0;1007,8;1008,2;1007,8;806,8;26,2;21,9;26,4;24,5;23,1;20,8;84;77;77;147;9,9;3,3;
2020/07/26;2000 UTC;1,2;1008,1;1008,2;1007,8;209,7;25,3;22,2;26,5;23,7;22,3;20,1;84;77;83;135;11,6;4,4;
2020/07/26;2100 UTC;0;1008,5;1008,5;1008,1;21,5;25,5;21,1;25,8;25,3;22,2;20,9;83;75;77;139;9,4;4,4;
2020/07/26;2200 UTC;0;1008,9;1008,9;1008,5;;25,3;21,4;25,5;24,8;21,4;20,5;79;76;79;152;9,3;3,3;
2020/07/26;2300 UTC;0;1009,5;1009,5;1008,9;;24,9;21,1;25,4;24,9;21,5;21,1;80;78;79;161;7,5;4,7;
2020/07/27;0000 UTC;0;1010;1010;1009,5;;24;21,5;24,9;24;21,6;21;86;79;86;173;7,5;3,4;
2020/07/27;0100 UTC;2,2;1009,9;1010;1009,8;;23;21,8;24;23;21,8;21,5;93;86;93;171;7;2,8;
2020/07/27;0200 UTC;0;1009,6;1009,9;1009,6;;23;22;23,1;23;22,1;21,8;94;93;94;197;4,8;2,5;
2020/07/27;0300 UTC;0;1009,5;1009,7;1009,5;;22,6;21,7;23;22,6;22;21,7;95;94;95;190;5;2,3;
2020/07/27;0400 UTC;,6;1009,1;1009,5;1009,1;;22,8;21,9;22,8;22,5;21,9;21,7;95;95;95;174;6,9;2,4;
2020/07/27;0500 UTC;0;1009;1009,1;1008,9;;22,5;21,7;22,8;22,5;22;21,7;95;95;95;191;5;2,8;
2020/07/27;0600 UTC;,2;1008,9;1009;1008,9;;22,4;21,7;22,6;22,4;21,8;21,7;96;95;96;191;5,6;2,9;
2020/07/27;0700 UTC;2,4;1009,2;1009,2;1008,8;;22,1;21,5;22,4;22;21,7;21,4;96;96;96;193;8,3;2,5;
2020/07/27;0800 UTC;2;1009,3;1009,5;1009,2;;22;21,5;22,1;21,8;21,5;21,2;97;96;97;186;6;1,6;
2020/07/27;0900 UTC;0;1009,6;1009,6;1009,3;11;22,2;21,6;22,2;22;21,6;21,5;97;97;97;266;3,1;,3;
2020/07/27;1000 UTC;4,4;1010,4;1010,5;1009,6;71;21,9;21,2;22,9;21,8;22,3;21,1;97;95;96;232;5,9;2,1;
2020/07/27;1100 UTC;3,6;1010,9;1011;1010,4;357,6;23,4;22,3;23,4;21,8;22,5;21,1;97;93;93;162;6,9;3,8;
2020/07/27;1200 UTC;0;1010,9;1011;1010,9;1200,9;26;23,1;26;23,4;23,1;21,5;93;84;84;144;8;2,6;
2020/07/27;1300 UTC;0;1010,8;1010,9;1010,7;2186;27,1;22,1;27,3;25,9;23,2;21,9;84;74;74;139;9,4;5,2;
2020/07/27;1400 UTC;0;1010,4;1010,8;1010,3;2932;27,6;22,5;28,1;26,9;23,2;21,7;75;71;73;130;10;4,8;
2020/07/27;1500 UTC;,2;1009,5;1010,4;1009,5;2546,1;27,6;22,2;28,4;26,2;23,4;22;81;71;72;126;10,6;6,2;
2020/07/27;1600 UTC;3,4;1009;1009,6;1009;1770,3;26,8;22,9;27,6;24,2;24;22,2;91;72;79;143;11,6;6,6;
2020/07/27;1700 UTC;0;1008,3;1009;1008,3;2344,2;27,5;22,3;27,5;25,9;23,8;21,9;86;73;73;149;13,1;7,7;
2020/07/27;1800 UTC;0;1008,3;1008,4;1008,1;1658,9;26,7;22,5;27,7;26,7;22,7;21,6;78;72;78;138;13,1;6,3;
2020/07/27;1900 UTC;0;1008,4;1008,5;1008,3;629,9;26,5;21,4;27;26,3;22,5;21,4;78;73;74;150;13;7,1;
2020/07/27;2000 UTC;0;1008,6;1008,8;1008,4;276,8;26;21,1;26,5;26;21,7;21,1;76;74;74;160;13;6;
2020/07/27;2100 UTC;0;1009,1;1009,1;1008,6;39,8;25,5;21,5;26;25,5;21,5;21;79;74;79;161;12;6;
2020/07/27;2200 UTC;1,6;1009,7;1009,7;1009;;22,7;21,2;25,5;22,7;22;20,9;92;78;91;145;12,5;5,6;
2020/07/27;2300 UTC;,2;1009,9;1010;1009,6;3;23,8;21,2;23,9;22,8;21,4;20,7;91;85;85;164;11,4;3,6;
2020/07/28;0000 UTC;0;1010,4;1010,4;1009,9;;24,1;21,4;24,2;23,8;21,4;21,3;85;84;85;167;6,1;3,5;
2020/07/28;0100 UTC;0;1010,5;1010,5;1010,4;;24;21,6;24,2;23,9;21,7;21,4;87;85;86;168;6,7;4;
2020/07/28;0200 UTC;,6;1010,2;1010,7;1010,2;;23,5;21,7;24,1;22,7;22;21,2;94;86;89;164;11,3;3,9;
2020/07/28;0300 UTC;0;1009,8;1010,3;1009,8;2,3;23,6;21,5;23,6;23,3;21,8;21,5;90;88;88;167;7,3;3,8;
2020/07/28;0400 UTC;0;1009,2;1009,8;1009,1;;23,9;20,4;24;23,6;21,4;20,3;88;81;81;163;7;3,4;
2020/07/28;0500 UTC;0;1008,3;1009,2;1008,3;;23,7;20,4;24,2;23,7;20,7;20,3;82;79;82;180;9,5;2,9;
2020/07/28;0600 UTC;1,6;1008,1;1008,4;1008,1;;22,4;21,1;23,7;22,3;21,1;20,2;92;82;92;178;6,6;3,2;
2020/07/28;0700 UTC;1;1008,3;1008,4;1008;;22,3;21,2;22,7;22,3;21,6;21,1;94;92;94;210;6,6;1,8;
2020/07/28;0800 UTC;2,2;1008,9;1008,9;1008,3;;22,1;21,3;22,3;22;21,3;21,1;95;94;95;170;4,8;2,2;
2020/07/28;0900 UTC;,2;1009,1;1009,1;1008,7;27;22,4;21,6;22,4;22;21,6;21,2;95;95;95;183;6,3;1,9;
2020/07/28;1000 UTC;0;1009,9;1009,9;1009,1;684,9;24,4;22,5;24,4;22,4;22,7;21,7;95;89;89;163;5,7;1,5;
2020/07/28;1100 UTC;0;1010,7;1010,8;1009,9;1105,1;24,5;22,2;24,8;23,8;22,8;21,6;89;87;88;217;5,8;2,4;
2020/07/28;1200 UTC;0;1010,6;1010,7;1010,5;2120,3;27,3;21,8;27,5;24,1;23;21,7;89;72;72;130;9,7;5,3;
2020/07/28;1300 UTC;0;1010,4;1010,7;1010,3;2466,4;27,7;21,6;27,8;26,3;22,3;21,4;75;69;70;140;11,7;6,4;
2020/07/28;1400 UTC;0;1010;1010,4;1010;2572,3;27,5;22,3;28;26,6;22,5;21,3;75;69;73;138;11,6;5,8;
2020/07/28;1500 UTC;0;1009,3;1010,1;1009,3;3091,1;27,6;21,4;28,3;27,1;22,4;21,4;74;67;69;139;11,5;7;
2020/07/28;1600 UTC;0;1008,8;1009,3;1008,7;3148;28,4;21,8;28,6;27,5;22,7;21;73;65;67;132;11,4;5,6;
2020/07/28;1700 UTC;0;1008,1;1008,8;1008,1;2691,9;27,8;21,3;28,7;27,6;21,8;20,7;69;63;68;135;12,5;6,3;
2020/07/28;1800 UTC;0;1007,8;1008,1;1007,8;2103,9;27,6;21,3;28,2;27,3;21,8;20,4;70;64;68;137;12,1;7,1;
2020/07/28;1900 UTC;0;1007,9;1007,9;1007,8;957,3;27,3;21;27,8;27,2;21,6;20,8;70;67;69;148;12,1;5,6;
2020/07/28;2000 UTC;0;1008,3;1008,4;1007,9;274,4;26,6;19,6;27,3;26,6;20,8;19,6;70;65;65;147;11,3;4,2;
2020/07/28;2100 UTC;0;1008,8;1008,8;1008,3;38,7;26;19,5;26,6;25,9;19,8;19,4;69;65;67;152;8,8;4,3;
2020/07/28;2200 UTC;0;1009,2;1009,2;1008,8;;25,6;20;26;25,5;20;19,3;72;67;72;147;7,5;3,7;
2020/07/28;2300 UTC;0;1009,8;1009,8;1009,2;;24,7;20,2;25,6;24,7;20,2;20,1;76;72;76;167;6,8;2,7;
2020/07/29;0000 UTC;0;1010,3;1010,3;1009,8;;24,1;20,2;24,7;24,1;20,3;20,1;79;76;79;160;6,7;3;
2020/07/29;0100 UTC;0;1010,5;1010,5;1010,3;;23,7;20,3;24,1;23,7;20,3;20,1;81;79;81;168;5,5;2,2;
2020/07/29;0200 UTC;0;1010,4;1010,6;1010,4;;23,1;20,3;23,8;23,1;20,4;20,2;84;81;84;186;4,7;2,4;
2020/07/29;0300 UTC;0;1009,8;1010,4;1009,8;;22,6;20;23,1;22,6;20,3;20;85;84;85;188;4,6;2,1;
2020/07/29;0400 UTC;0;1009,5;1009,8;1009,5;;22,2;19,9;22,6;22,2;20;19,8;87;85;87;177;3,9;1,4;
2020/07/29;0500 UTC;0;1008,9;1009,5;1008,9;;21,6;19,6;22,2;21,6;19,9;19,6;89;87;89;203;3,1;1,6;
2020/07/29;0600 UTC;0;1008,5;1008,9;1008,5;;21,6;19,7;21,7;21,5;19,9;19,6;89;89;89;207;2,7;1,6;
2020/07/29;0700 UTC;0;1008,5;1008,5;1008,4;;21,8;20;21,8;21,5;20;19,7;90;89;90;191;3,4;1,7;
2020/07/29;0800 UTC;0;1008,5;1008,6;1008,5;;21,7;20,2;21,9;21,7;20,2;19,9;91;89;91;181;4,5;2,1;
2020/07/29;0900 UTC;0;1009;1009;1008,5;11,4;21,6;20,3;21,8;21,5;20,4;20,2;93;91;93;199;3,9;1,4;
2020/07/29;1000 UTC;0;1009,5;1009,5;1009;571,1;23,1;21;23,2;21,6;21,2;20,4;93;88;88;192;5,3;3;
2020/07/29;1100 UTC;0;1009,9;1009,9;1009,5;1483;25,1;22;25,2;23;22,2;20,9;88;82;83;193;6,2;3,2;
2020/07/29;1200 UTC;0;1009,7;1009,9;1009,7;1826,6;27,2;22,5;27,2;25;22,6;21,5;83;76;76;162;8,3;4,8;
2020/07/29;1300 UTC;0;1009,6;1009,8;1009,6;2623,8;27,2;22,4;28;26,5;22,7;21,8;78;72;75;136;9,4;5,2;
2020/07/29;1400 UTC;0;1009,2;1009,7;1009,2;3109,5;27,9;22,9;28,2;27,2;23,2;22,3;77;72;75;132;10,7;5,2;
2020/07/29;1500 UTC;0;1008,3;1009,2;1008,3;3130,8;28,5;22,8;28,7;27,6;23,1;22;74;69;71;141;10,7;5,1;
2020/07/29;1600 UTC;0;1007,7;1008,3;1007,7;2780,3;27,3;22,1;28,9;26,7;23,2;21,5;76;69;73;130;9,8;5,2;
2020/07/29;1700 UTC;0;1007,1;1007,7;1007;2218,7;27,6;22,1;28,4;27;23,3;21,8;76;70;72;137;9,9;5,3;
2020/07/29;1800 UTC;0;1007,4;1007,4;1007;1614,9;26;21,8;28,2;26;22,6;21,3;78;69;78;136;11,9;6,6;
2020/07/29;1900 UTC;0;1007,7;1007,7;1007,4;748,9;26,3;21,5;27,5;25,7;22,3;21,1;80;69;75;141;11,9;6,1;
2020/07/29;2000 UTC;0;1008,1;1008,2;1007,7;360,9;25,1;21,6;26,3;24,7;21,9;20,5;82;72;81;159;11,3;4,9;
2020/07/29;2100 UTC;0;1008,6;1008,6;1008,1;40,2;23,9;22;25,1;23,9;22,3;21,4;89;81;89;160;10,2;5,5;
2020/07/29;2200 UTC;0;1009,1;1009,2;1008,6;;24,6;22,1;24,6;23,8;22,2;21,5;90;84;86;136;11,1;4,5;
2020/07/29;2300 UTC;0;1009,7;1009,7;1009,1;;25;22,1;25;24,1;22,3;21,9;88;84;84;164;8,5;3,8;
2020/07/30;0000 UTC;,2;1010,1;1010,2;1009,6;;24;21,7;25,2;23,9;22,3;21,4;87;82;87;180;8,9;4,7;
2020/07/30;0100 UTC;0;1010,1;1010,3;1010;;23,5;21,3;24,2;23,4;21,6;20,8;88;82;87;164;10,4;4,9;
2020/07/30;0200 UTC;0;1010,1;1010,4;1009,9;;23;20,8;23,7;22,8;21,2;20,5;88;85;87;175;10,4;3,6;
2020/07/30;0300 UTC;0;1009,5;1010,1;1009,5;;23,3;20,9;23,5;22,8;21,1;20,8;89;86;86;184;6,5;3,4;
2020/07/30;0400 UTC;0;1009,3;1009,5;1009,3;;22,7;20,9;23,3;22,7;21,1;20,8;90;86;90;194;8,3;4;
2020/07/30;0500 UTC;0;1008,6;1009,3;1008,6;;23,4;20,3;23,4;22,7;20,9;20,3;90;83;83;175;11,4;4,7;
2020/07/30;0600 UTC;0;1008,4;1008,8;1008,4;;22,3;20,5;23,5;22,3;20,5;20,1;90;82;90;207;11,4;2,1;
2020/07/30;0700 UTC;0;1008,7;1008,7;1008,4;;21,9;20,3;22,4;21,8;20,6;20,2;91;90;91;192;5,7;2,6;
2020/07/30;0800 UTC;0;1008,8;1008,9;1008,6;;21,6;20,2;21,9;21,5;20,3;20,1;92;91;92;193;6,5;3,7;
2020/07/30;0900 UTC;0;1009;1009;1008,8;12,5;21,9;20,2;21,9;21,6;20,2;20,2;92;90;90;180;7,9;3,9;
2020/07/30;1000 UTC;0;1009,5;1009,5;1009;602,5;23,3;19,9;23,3;21,9;20,2;19,8;90;81;81;182;8,1;4,8;
2020/07/30;1100 UTC;0;1010,3;1010,3;1009,5;1448,4;25,1;20;25,3;23,3;20,5;19,7;81;73;74;182;8,9;4,1;
2020/07/30;1200 UTC;0;1010,5;1010,6;1010,3;2192,5;26,6;20,2;26,6;25,1;20,5;19,8;74;68;68;175;11,4;5,9;
2020/07/30;1300 UTC;0;1010,2;1010,5;1010,1;2607,6;27,8;18,5;27,8;26,3;20,3;17,9;68;55;57;161;13,2;7,4;
2020/07/30;1400 UTC;0;1009,5;1010,2;1009,4;3134,7;28,4;17,1;28,5;27,5;18,5;16,8;57;50;50;164;14,3;7,5;
2020/07/30;1500 UTC;0;1008,5;1009,5;1008,5;3245,9;29,1;15,1;29,7;28,3;17,6;15,1;51;42;42;164;13,5;7,3;
2020/07/30;1600 UTC;0;1007,5;1008,5;1007,5;3041;29,7;14,4;30,3;29;16,1;13,8;45;38;39;159;12,4;6,3;
2020/07/30;1700 UTC;0;1006,7;1007,5;1006,7;2700,8;29,3;18,2;30,5;28,7;19,6;14,6;56;39;51;138;11,5;5,2;
2020/07/30;1800 UTC;0;1006,9;1007;1006,7;2226,7;28,3;19,2;29,3;27,9;19,9;18,6;61;51;58;144;10,4;4,9;
2020/07/30;1900 UTC;0;1007,1;1007,1;1006,9;909,2;28;18,3;29,4;27,8;19,1;16,9;58;48;56;153;10,1;5;
2020/07/30;2000 UTC;0;1007,8;1007,8;1007,1;235,4;26,6;19,3;28,2;26,6;19,4;18,1;64;56;64;159;12,3;6,4;
2020/07/30;2100 UTC;0;1008,6;1008,6;1007,8;44;26;18,8;26,6;25,9;19,2;18,5;65;61;65;155;11,9;4;
2020/07/30;2200 UTC;0;1009,2;1009,2;1008,6;;25,7;19,3;26;25,6;19,7;18,8;69;65;68;159;10,4;5,3;
2020/07/30;2300 UTC;0;1009,7;1009,7;1009,2;;25,4;19,7;25,7;25,3;19,7;19,3;71;68;71;166;10,4;5,1;
2020/07/31;0000 UTC;0;1010,3;1010,3;1009,7;;24,7;21,3;25,4;24,7;21,4;19,5;82;70;81;157;13,1;5,6;
2020/07/31;0100 UTC;0;1010,4;1010,4;1010,3;;24,1;20,3;24,8;24,1;21,2;20,3;81;78;79;168;10,3;3,7;
2020/07/31;0200 UTC;0;1010,4;1010,4;1010,2;;23,7;20,9;24,5;23,7;21;19,2;85;72;84;150;10,1;5,1;
2020/07/31;0300 UTC;0;1010,3;1010,4;1010,3;;23,4;20,6;23,8;23,4;20,9;20,3;84;81;84;163;8,8;3,8;
2020/07/31;0400 UTC;0;1009,9;1010,3;1009,9;;23,2;19,3;23,5;23,1;20,7;19,3;84;79;79;161;7;2,3;
2020/07/31;0500 UTC;0;1009,5;1009,9;1009,5;;22,9;19;23,2;22,9;19,2;19;79;78;79;187;5,8;3;
2020/07/31;0600 UTC;0;1008,9;1009,5;1008,9;;21,7;19;22,9;21,7;19,1;18,9;85;79;85;208;6,1;2,4;
2020/07/31;0700 UTC;0;1009,2;1009,2;1008,9;;21,5;19,3;21,7;21,4;19,3;19;87;85;87;128;5,6;1,9;
2020/07/31;0800 UTC;0;1009,6;1009,6;1009,2;;21,6;19,4;21,7;21,4;19,5;19,3;88;87;87;137;4,3;1,7;
2020/07/31;0900 UTC;0;1010,1;1010,1;1009,5;4,8;21,5;19,3;21,7;21,4;19,5;19,2;88;87;88;185;3,7;2;
2020/07/31;1000 UTC;,2;1011;1011;1010,1;258,2;21,7;20,1;21,7;21;20,3;19,2;92;88;91;181;4,1;1,9;
2020/07/31;1100 UTC;,4;1010,9;1011;1010,8;759,6;22,2;21;22,2;21,3;21;19,9;93;91;93;207;6,2;2;
2020/07/31;1200 UTC;0;1011;1011,1;1010,9;1968,2;24,9;20,6;25,2;22,2;21,7;20,5;93;77;77;190;7,8;3,7;
2020/07/31;1300 UTC;0;1010,7;1011,1;1010,7;2121,7;26,6;20,7;27;24,6;21,4;20,1;79;69;70;195;8,7;3,9;
2020/07/31;1400 UTC;0;1010,2;1010,7;1010,2;2528,3;28,3;21;28,3;26,4;21,1;20,1;70;64;65;154;8,4;4,6;
2020/07/31;1500 UTC;0;1009,5;1010,2;1009,5;2348,7;27,8;21,3;28,7;25,7;21,6;19,8;75;61;68;147;9,5;5;
2020/07/31;1600 UTC;0;1008,9;1009,5;1008,9;2684,8;27,3;21;28,3;27,1;22;20,6;72;66;69;141;10,2;5,7;
2020/07/31;1700 UTC;0;1008,6;1008,9;1008,5;2628,8;27,7;21,9;28,1;27,1;22,2;21;72;68;71;133;10,4;5,1;
2020/07/31;1800 UTC;0;1008,6;1008,7;1008,5;1323,4;26,5;21,6;28,2;26,2;22,3;20,6;75;69;75;135;10,1;4,1;
2020/07/31;1900 UTC;0;1008,9;1008,9;1008,5;948,7;26,5;21,7;27,3;26,4;22;20,9;76;70;75;139;9,2;5;
2020/07/31;2000 UTC;0;1009,3;1009,3;1008,9;196,1;26,1;21,2;26,9;26;21,9;21,2;76;74;74;147;9,6;4,9;
2020/07/31;2100 UTC;0;1009,6;1009,6;1009,3;39,8;25,8;21,6;26,1;25,7;21,7;21,2;79;74;77;151;9,4;3,8;
2020/07/31;2200 UTC;0;1010,2;1010,2;1009,5;;25,5;21,5;25,8;25,4;21,6;21,4;79;77;79;158;7,9;3,4;
2020/07/31;2300 UTC;0;1010,7;1010,7;1010,2;;25,4;21,9;25,5;25,3;21,9;21,4;81;79;81;159;7,3;3,4;
2020/08/01;0000 UTC;0;1011,3;1011,3;1010,7;;24,8;21,8;25,4;24,8;22;21,7;84;81;84;170;7,2;2,9;
2020/08/01;0100 UTC;0;1011,7;1011,7;1011,4;;24;21,5;24,8;24;22;21,3;86;84;86;163;9,9;2,7;
2020/08/01;0200 UTC;0;1011,5;1011,7;1011,5;;23,9;21,8;24,2;23,9;22,1;21,6;89;86;88;172;5,5;2,9;
2020/08/01;0300 UTC;0;1011,1;1011,5;1011,1;;23,4;21,7;23,9;23,4;21,8;21,6;90;88;90;191;5,2;2,7;
2020/08/01;0400 UTC;0;1010,5;1011,1;1010,5;;23,1;21,7;23,4;23,1;21,8;21,7;92;90;92;185;5,2;2,8;
2020/08/01;0500 UTC;0;1009,8;1010,5;1009,8;;22,8;21,4;23,1;22,8;21,7;21,4;92;92;92;186;5,8;2,7;
2020/08/01;0600 UTC;0;1009,6;1009,8;1009,6;;22,6;21,2;22,8;22,6;21,4;21,2;92;92;92;194;6,9;2,8;
2020/08/01;0700 UTC;0;1009,5;1009,7;1009,5;;22,4;21,2;22,6;22,4;21,2;21,1;93;92;93;190;5,4;2,8;
2020/08/01;0800 UTC;0;1010,2;1010,2;1009,5;;22,6;21,4;22,7;22,4;21,4;21,2;93;93;93;180;5,4;2,6;
2020/08/01;0900 UTC;,4;1010,1;1010,2;1010,1;25,2;22,5;21,6;22,6;22,3;21,6;21,2;94;93;94;179;6,3;3,2;
2020/08/01;1000 UTC;0;1010,5;1010,6;1010,1;454,7;23,4;22,3;23,4;22,6;22,4;21,6;95;94;94;190;7,8;3;
2020/08/01;1100 UTC;0;1010,8;1010,8;1010,5;1191,3;24,2;22,3;24,5;23,4;22,7;22;94;88;89;180;7,5;3,8;
2020/08/01;1200 UTC;0;1010,8;1010,8;1010,7;2032,8;26,8;22,4;27,1;24,2;23,2;22,2;90;76;77;167;9,5;5;
2020/08/01;1300 UTC;0;1010,6;1010,9;1010,6;2590;27,9;22,2;28,1;26,6;22,7;21,6;77;70;71;146;11,8;5,7;
2020/08/01;1400 UTC;0;1010,1;1010,7;1010,1;2935,8;27,9;21,8;28,7;27,3;22,7;21,4;74;68;69;152;13,3;8,4;
2020/08/01;1500 UTC;0;1009,6;1010,2;1009,5;3160,4;28,3;22,1;28,9;27,8;22,7;21,6;71;68;69;143;13,3;6,6;
2020/08/01;1600 UTC;0;1008,9;1009,6;1008,9;2440,8;28,2;22,5;28,5;27;23,2;21,9;77;69;71;144;12,8;6,6;
2020/08/01;1700 UTC;0;1008,4;1008,9;1008,3;2195,7;27,9;22;28,4;27,2;23;20,9;75;67;70;141;13,3;6,8;
2020/08/01;1800 UTC;0;1008;1008,4;1008;1927,1;28;22,2;28,3;27;22,4;21,3;72;68;71;146;14,1;5,5;
2020/08/01;1900 UTC;0;1008,2;1008,2;1007,9;835,7;27,2;21,5;28;26,9;22,7;21,4;76;70;71;149;12,9;7,5;
2020/08/01;2000 UTC;0;1008,9;1008,9;1008,2;269,8;26;21,8;27,5;26;22,3;21,4;78;71;78;149;13,2;6,2;
2020/08/01;2100 UTC;0;1009,6;1009,6;1008,9;42,3;25,4;22,2;26,2;25,3;22,4;21,7;84;77;82;153;12,4;5,7;
2020/08/01;2200 UTC;0;1009,9;1009,9;1009,6;;25,2;21;25,5;25;22,2;21;83;77;77;161;10,3;4,3;
2020/08/01;2300 UTC;0;1010,8;1010,8;1009,9;;24,8;21,6;25,2;24,7;21,6;21;83;77;83;163;7,8;4;
2020/08/02;0000 UTC;0;1011,1;1011,2;1010,8;;24,5;21,6;24,8;24,5;21,9;21,6;84;83;84;165;9;4,2;
2020/08/02;0100 UTC;0;1011,4;1011,4;1011,1;;24,2;21,8;24,6;23,9;21,9;21,6;87;84;86;160;9,5;4,7;
2020/08/02;0200 UTC;0;1011,2;1011,4;1011,1;;24;20,9;24,2;23,8;21,8;20,9;88;83;83;163;8,3;3,3;
2020/08/02;0300 UTC;0;1010,8;1011,2;1010,8;;23,6;21,5;24;23,6;21,5;20,9;88;83;88;166;6,5;2,7;
2020/08/02;0400 UTC;0;1010,5;1010,8;1010,5;;23,5;21,8;23,6;23,4;21,8;21,5;90;88;90;188;5,5;2,4;
2020/08/02;0500 UTC;0;1010,2;1010,5;1010,2;;22,9;21,6;23,5;22,9;21,7;21,5;92;90;92;179;6,1;2,8;
2020/08/02;0600 UTC;0;1010,2;1010,2;1010;;22,9;21,6;23;22,8;21,6;21,5;93;92;92;179;5,9;2,9;
2020/08/02;0700 UTC;,4;1010,1;1010,2;1010,1;;22,5;21,7;22,9;22,5;21,7;21,5;95;92;95;194;7,5;3,3;
2020/08/02;0800 UTC;0;1010,3;1010,3;1010,1;;22,4;21,4;22,6;22,4;21,7;21,4;95;94;94;191;8;3,6;
2020/08/02;0900 UTC;0;1010,5;1010,5;1010,2;17,5;22,6;21,4;22,6;22,3;21,4;21,3;94;93;93;180;6,9;3,8;
2020/08/02;1000 UTC;0;1011,2;1011,2;1010,5;570,1;23,9;21,8;23,9;22,6;21,9;21,4;93;88;88;185;9;3,8;
2020/08/02;1100 UTC;0;1011,7;1011,7;1011,2;1432,6;25,3;21,5;25,5;23,9;21,9;21,3;88;79;79;176;9,8;4,7;
2020/08/02;1200 UTC;0;1011,8;1011,9;1011,7;2103,8;27,1;21,6;27,3;25,3;22,1;21,3;80;72;72;168;10,6;5;
2020/08/02;1300 UTC;0;1011,8;1011,9;1011,7;2837,5;28,4;21,1;28,8;27;22,3;21;72;64;65;151;11,8;6,3;
2020/08/02;1400 UTC;0;1011,5;1011,9;1011,5;3081,4;28,3;20,6;29;28;22;20,4;68;62;63;157;13,6;7,6;
2020/08/02;1500 UTC;0;1010,9;1011,6;1010,8;3242,3;29,2;20,7;29,6;28;22;20,4;67;59;60;154;13,5;7;
2020/08/02;1600 UTC;0;1010,3;1010,9;1010,3;3080,9;29,6;20,4;29,7;28,6;21,1;19,7;62;57;58;148;13,5;6,9;
2020/08/02;1700 UTC;0;1009,9;1010,4;1009,9;2723,8;28,4;21,9;29,6;28,1;22,4;20,2;70;57;68;144;13,3;6,4;
2020/08/02;1800 UTC;0;1009,7;1009,9;1009,6;2172,5;28,2;22,1;28,7;27,7;22,5;21,1;72;65;69;149;13,5;6,6;
2020/08/02;1900 UTC;0;1009,8;1009,8;1009,6;990;27,6;22,4;28,3;27,1;22,6;21,6;74;69;73;154;14,1;6,5;
2020/08/02;2000 UTC;0;1010,3;1010,3;1009,8;210;26,4;21,9;27,6;26,3;22,4;21,2;77;69;76;160;13,3;7,2;
2020/08/02;2100 UTC;0;1010,9;1010,9;1010,3;38,4;25,5;22,1;26,4;25,5;22,2;21,8;82;76;82;161;13,3;6,2;
2020/08/02;2200 UTC;0;1011,6;1011,6;1010,9;;24,6;21,7;25,5;24,5;22,3;21,6;84;82;84;165;12;4,9;
2020/08/02;2300 UTC;0;1012,2;1012,2;1011,6;;24,5;21,2;24,7;24,5;21,7;21,2;84;82;82;165;9,6;4,7;
2020/08/03;0000 UTC;0;1012,6;1012,6;1012,1;;24,4;20,8;24,5;24,3;21,2;20,8;82;81;81;174;9,2;3,8;
2020/08/03;0100 UTC;0;1013;1013;1012,6;;23,9;20,6;24,4;23,9;20,8;20,6;81;80;81;182;7,7;3,4;
2020/08/03;0200 UTC;0;1012,9;1013,1;1012,9;;23,6;20,6;24;23,6;20,7;20,5;83;81;83;182;7,4;3,2;
2020/08/03;0300 UTC;0;1012,7;1013;1012,7;;23,3;20,3;23,7;23,3;20,7;20,3;84;83;83;186;7,6;3,7;
2020/08/03;0400 UTC;0;1012,1;1012,7;1012,1;;22,9;19,9;23,3;22,9;20,3;19,9;84;83;83;179;7,3;3,7;
2020/08/03;0500 UTC;0;1011,6;1012,1;1011,6;;22,5;19,7;22,9;22,5;19,9;19,7;84;83;84;180;7,1;3;
2020/08/03;0600 UTC;0;1011,3;1011,6;1011,3;;22,2;19,7;22,5;22,2;19,8;19,6;86;84;86;182;6,7;3,5;
2020/08/03;0700 UTC;0;1011,4;1011,4;1011,3;;22;19,7;22,2;22;19,8;19,6;87;86;87;182;7;3,2;
2020/08/03;0800 UTC;0;1011,4;1011,4;1011,3;;21,7;19,5;22;21,7;19,7;19,5;87;87;87;181;5,5;2,6;
2020/08/03;0900 UTC;0;1011,7;1011,7;1011,4;15;22;19,7;22;21,6;19,7;19,5;88;87;87;182;6,4;3,1;
2020/08/03;1000 UTC;0;1012,4;1012,4;1011,7;598,1;23,5;20,1;23,5;22;20,2;19,7;87;81;81;188;6,6;3,2;
2020/08/03;1100 UTC;0;1013;1013,1;1012,4;1179;24,5;20;24,7;23,4;20,2;19,8;81;75;76;173;11,1;6,8;
2020/08/03;1200 UTC;0;1013,1;1013,1;1013;1698;25,9;20;26,2;24,4;20,8;19,9;76;70;70;169;12;6,4;
2020/08/03;1300 UTC;0;1013,3;1013,4;1013,1;1950,4;26,6;20,1;27,3;25,9;21,1;19,8;71;66;68;155;12;6;
2020/08/03;1400 UTC;0;1012,6;1013,3;1012,6;3333,3;27,7;19,8;28,8;26,6;20,8;19,8;68;61;62;149;15,2;8,1;
2020/08/03;1500 UTC;0;1012,3;1012,7;1012,3;2512,8;27,5;20,1;28,5;27,1;21,1;18,8;68;57;64;151;15,7;8,5;
2020/08/03;1600 UTC;0;1011,3;1012,4;1011,3;3058;28,3;19,6;28,5;27,1;20,8;19,6;66;59;59;147;16;7,6;
2020/08/03;1700 UTC;0;1010,6;1011,3;1010,6;2604,8;28,2;20,6;28,7;27,4;20,7;19,2;64;59;63;150;15,3;7,7;
2020/08/03;1800 UTC;0;1010,6;1010,7;1010,4;2161,5;27,6;20,4;28,4;27,3;21,1;19,7;66;62;65;149;15,5;6,7;
2020/08/03;1900 UTC;0;1010,8;1010,8;1010,5;988;27,1;21;27,8;27;21,2;20,1;70;64;69;152;13,9;6,7;
2020/08/03;2000 UTC;0;1011,1;1011,2;1010,7;241,7;26,5;19;27,1;26,4;21;19;70;64;64;151;15,1;8,4;
2020/08/03;2100 UTC;0;1011,5;1011,5;1011,1;41,2;25,8;19,1;26,5;25,8;19,4;18,6;67;64;67;160;15,1;6,9;
2020/08/03;2200 UTC;0;1012,1;1012,1;1011,5;;25,4;19,3;25,8;25,3;19,7;19,1;71;67;69;159;13,8;5,4;
2020/08/03;2300 UTC;0;1012,8;1012,8;1012,1;;25;20;25,5;25;20;19,3;74;69;74;166;9,8;4,3;
2020/08/04;0000 UTC;0;1013,1;1013,2;1012,8;;24,6;20;25,1;24,5;20,1;20;76;74;76;176;8,2;4,3;
2020/08/04;0100 UTC;0;1013,5;1013,5;1013,1;;24;19,8;24,6;24;20;19,7;77;76;77;178;7,5;3,7;
2020/08/04;0200 UTC;0;1013,5;1013,7;1013,5;;23,6;19,9;24;23,6;19,9;19,7;80;77;80;172;7,5;3,4;
2020/08/04;0300 UTC;0;1013;1013,5;1013;;23,1;19,9;23,6;23,1;19,9;19,8;82;80;82;179;7,3;3,7;
2020/08/04;0400 UTC;0;1012,3;1013;1012,3;;22,8;19,9;23,1;22,8;19,9;19,8;84;82;84;178;8;3,8;
2020/08/04;0500 UTC;0;1011,7;1012,3;1011,7;;22,4;19,8;22,8;22,4;19,9;19,7;85;83;85;176;7,7;4;
2020/08/04;0600 UTC;0;1011,7;1011,7;1011,6;;22,2;19,8;22,5;22,2;20;19,8;86;85;86;175;8;3,1;
2020/08/04;0700 UTC;0;1011,7;1011,7;1011,5;;22;19,7;22,2;21,9;19,8;19,6;87;86;87;185;7,2;3,6;
2020/08/04;0800 UTC;0;1011,9;1011,9;1011,7;;21,6;19,5;22,1;21,6;19,7;19,5;88;87;88;184;7,7;3;
2020/08/04;0900 UTC;0;1012,2;1012,2;1011,8;22,2;21,6;19,5;21,6;21,5;19,6;19,5;88;88;88;190;7;2,9;
2020/08/04;1000 UTC;0;1013,1;1013,1;1012,2;624,6;23,2;19,9;23,2;21,6;20;19,5;88;82;82;191;7,6;3,1;
2020/08/04;1100 UTC;0;1013,4;1013,4;1013,1;1460;25;20;25,1;23,1;20,5;19,7;82;74;74;176;9,8;4,8;
2020/08/04;1200 UTC;0;1013,4;1013,5;1013,3;1996,6;26,3;19,7;26,8;24,9;20,6;19,5;75;66;67;174;11,9;6,8;
2020/08/04;1300 UTC;0;1013,4;1013,6;1013,3;2085,5;27,2;18,4;27,6;25,7;20,7;18,2;71;57;59;156;13,7;8,3;
2020/08/04;1400 UTC;0;1013;1013,5;1013;3091,6;27,7;18,5;28,5;27;19,5;17,4;61;53;57;153;13,7;8,1;
2020/08/04;1500 UTC;0;1012,3;1013;1012,3;3305,5;27,5;18,5;28,6;27,4;19,9;18;61;55;58;150;13,6;7,5;
2020/08/04;1600 UTC;0;1011,5;1012,3;1011,4;3052,2;28,3;18,9;28,6;27,5;19,8;18,6;61;57;57;160;13,9;7,5;
2020/08/04;1700 UTC;0;1010,8;1011,5;1010,8;2681,7;27,5;19,2;28,6;27,4;20,1;17,9;62;56;61;150;14;7,5;
2020/08/04;1800 UTC;0;1010,5;1010,8;1010,4;2163,6;27,4;20;28,4;27;20,3;19;66;60;64;153;13,8;7,4;
2020/08/04;1900 UTC;0;1010,5;1010,5;1010,3;909,1;27;19,8;27,8;26,6;20,6;19,3;68;63;65;159;13,4;7,4;
2020/08/04;2000 UTC;0;1010,5;1010,6;1010,3;272,3;26,1;19,3;27;26,1;20,3;19,3;68;65;66;157;14,5;6,4;
2020/08/04;2100 UTC;0;1010,7;1010,8;1010,4;41,8;25,2;19,9;26,1;25,2;20;19;73;65;73;166;10,8;5,5;
2020/08/04;2200 UTC;0;1011,1;1011,1;1010,6;;24,7;19,6;25,2;24,6;19,9;19,5;73;72;73;165;11,5;5,3;
2020/08/04;2300 UTC;0;1012;1012;1011,1;;24,3;19,7;24,7;24,3;19,7;19,5;76;73;76;175;9,8;3,5;
2020/08/05;0000 UTC;0;1012,6;1012,6;1012;;24,2;19,6;24,3;24,1;19,7;19,6;76;76;76;176;8,6;3,9;
2020/08/05;0100 UTC;0;1012,6;1012,8;1012,6;;23,6;19,3;24,3;23,6;19,6;19,3;77;75;77;177;8,6;3,7;
2020/08/05;0200 UTC;0;1013;1013;1012,6;;23,3;19,9;23,7;23,1;19,9;19,3;81;77;81;172;8,9;4,5;
2020/08/05;0300 UTC;0;1012,3;1013;1012,3;;22,7;19,9;23,3;22,3;20,4;19,6;88;81;84;187;8,5;3,3;
2020/08/05;0400 UTC;0;1012,1;1012,3;1012;;22,9;19,9;22,9;22,7;19,9;19,8;84;83;83;182;7,2;3,5;
2020/08/05;0500 UTC;0;1011,3;1012,1;1011,3;;22,4;20,1;22,9;22,2;20,1;19,7;88;83;86;179;8;2,6;
2020/08/05;0600 UTC;0;1010,8;1011,3;1010,8;;22,3;19,8;22,5;22,1;20,1;19,8;87;86;86;194;5,8;2,6;
2020/08/05;0700 UTC;,2;1010,6;1011;1010,6;;21,9;19,7;22,3;21,8;19,8;19,5;88;85;87;196;5,9;3,2;
2020/08/05;0800 UTC;0;1010,8;1010,9;1010,6;;22,3;19,8;22,3;21,9;19,8;19,6;87;86;86;182;7,8;3,4;
2020/08/05;0900 UTC;0;1011,4;1011,4;1010,8;6,6;21,7;19,7;22,4;21,7;19,8;19,6;88;85;88;171;7,4;4;
2020/08/05;1000 UTC;,2;1011,9;1011,9;1011,2;164,8;22,3;20,2;22,3;21,3;20,3;19,7;91;88;88;174;7,4;3,6;
2020/08/05;1100 UTC;0;1012,2;1012,2;1011,9;705,6;23;20,5;23;21,7;20,7;19,8;91;86;86;183;9,3;4,8;
2020/08/05;1200 UTC;0;1012,4;1012,4;1012,1;1235,4;24,5;19,9;24,6;23;20,7;19,8;86;75;75;182;10;4,4;
2020/08/05;1300 UTC;0;1012,3;1012,7;1012,3;1679,3;26,3;20,2;26,4;24,3;21;19,8;77;69;69;165;11,7;5,8;
2020/08/05;1400 UTC;0;1011,9;1012,4;1011,9;2195,6;27,5;18,8;27,9;26;20,8;18,8;70;59;59;162;14,3;7,1;
2020/08/05;1500 UTC;0;1011,1;1011,9;1011,1;2304,1;27,8;20,8;28,3;26,2;21,2;19;73;59;66;161;12,5;7,4;
2020/08/05;1600 UTC;0;1010,4;1011,1;1010,3;3027,6;27,9;20,3;28,4;27,4;20,5;19,2;66;59;63;146;15,1;7,9;
2020/08/05;1700 UTC;0;1009,7;1010,4;1009,7;2720;28;19,4;28,7;27,5;20,7;19,2;64;59;60;151;15,6;8,5;
2020/08/05;1800 UTC;0;1009,4;1009,7;1009,3;2175,2;27,4;20,2;28;27,2;20,7;18,8;67;59;65;145;14,7;7,7;
2020/08/05;1900 UTC;0;1009,8;1009,8;1009,4;966;26,7;19,7;27,7;26,7;20,7;19,7;69;64;66;149;14,4;7,5;
2020/08/05;2000 UTC;0;1010;1010,1;1009,8;293,3;26;18,8;27;26;19,8;18,3;66;61;64;161;14,3;7,3;
2020/08/05;2100 UTC;0;1010,3;1010,3;1010;33,5;25,3;19,2;26;25,3;19,2;18,7;69;64;69;160;13,5;5,6;
2020/08/05;2200 UTC;0;1010,7;1010,7;1010,3;;24,8;19,1;25,3;24,8;19,6;19,1;72;69;70;168;10;5,2;
2020/08/05;2300 UTC;0;1011,2;1011,2;1010,7;;24,5;18,5;24,8;24,5;19,1;18,5;70;69;69;172;9,3;4;
2020/08/06;0000 UTC;0;1011,8;1011,9;1011,2;;23,9;18,5;24,6;23,9;18,6;18,5;72;69;72;180;8,8;3,4;
2020/08/06;0100 UTC;0;1012;1012,1;1011,8;;23,4;18,7;23,8;23,4;18,7;18,5;75;72;75;185;6,9;3,5;
2020/08/06;0200 UTC;0;1012;1012,2;1012;;23;19,5;23,4;22,7;19,6;18,7;81;75;81;187;8,3;3,6;
2020/08/06;0300 UTC;0;1011,4;1012,1;1011,4;;23,1;19,6;23,2;23;19,7;19,6;81;81;81;181;8,3;3,6;
2020/08/06;0400 UTC;0;1010,9;1011,5;1010,9;;22,8;19,5;23,1;22,7;19,6;19,5;82;81;82;194;7,5;3,7;
2020/08/06;0500 UTC;0;1010,5;1010,9;1010,4;;22,5;19,8;22,8;22,5;19,9;19,5;85;82;85;182;7,9;3,8;
2020/08/06;0600 UTC;0;1010;1010,5;1010;;21,8;20,3;22,5;21,7;20,4;19,8;91;85;91;186;9,6;2,9;
2020/08/06;0700 UTC;,4;1010,1;1010,2;1009,8;;21,5;20,2;22;21,5;20,5;20,2;92;91;92;179;7,8;4,2;
2020/08/06;0800 UTC;0;1010,3;1010,3;1010;;21,6;20,6;21,6;21,3;20,6;20,2;94;92;94;192;7,9;3,1;
2020/08/06;0900 UTC;,2;1010,5;1010,5;1010,2;10;21,5;20,5;21,6;21,5;20,5;20,4;94;93;94;190;6,9;2,7;
2020/08/06;1000 UTC;,2;1011;1011;1010,5;284,7;22;20,9;22;21,5;21;20,4;94;93;94;188;8,1;4,4;
2020/08/06;1100 UTC;0;1011,8;1011,8;1011;640;22,9;21,8;22,9;22;21,8;20,9;94;93;93;177;8,1;4,5;
2020/08/06;1200 UTC;,2;1012,1;1012,1;1011,7;1245,9;23,2;21,6;24,2;22,9;22,3;21,2;93;88;91;160;11,3;5,7;
2020/08/06;1300 UTC;0;1012;1012,2;1012;2459,3;26;21,1;26,3;23,2;22,6;21,1;92;74;74;163;14,3;7,4;
2020/08/06;1400 UTC;0;1011,6;1012,1;1011,6;2824,2;27;21,5;27,2;25,6;22,1;20,9;77;72;72;159;15,2;6,9;
2020/08/06;1500 UTC;0;1011,1;1011,6;1011;2705,2;26,8;20,1;27,7;26,5;22,3;19,9;73;65;67;157;16,2;8,4;
2020/08/06;1600 UTC;0;1010,6;1011,1;1010,4;2091,4;27,1;20,7;27,7;25,6;21,7;19,9;73;67;68;149;15,6;8;
2020/08/06;1700 UTC;0;1009,9;1010,7;1009,9;1801,1;26,1;21,5;27,4;24,1;22;20,4;86;68;76;147;15,9;5,8;
2020/08/06;1800 UTC;0;1010;1010,1;1009,8;1313,1;26,5;19,8;27,1;25,9;21,5;19,5;76;65;67;166;16,5;7,3;
2020/08/06;1900 UTC;0;1010;1010,1;1009,9;872,9;26,8;20,3;27,2;26,1;20,3;18,6;68;60;68;158;14,8;6,6;
2020/08/06;2000 UTC;0;1010,3;1010,3;1009,9;514,9;26,3;20,4;26,9;26,3;20,7;20;70;68;70;159;14,5;5,4;
2020/08/06;2100 UTC;0;1010,7;1010,7;1010,3;29,2;25,5;20,2;26,3;24,6;20,4;19,9;76;70;73;163;13,7;5,2;
2020/08/06;2200 UTC;0;1011,1;1011,1;1010,7;;24,6;20,3;25,5;23,9;20,6;19,2;80;69;77;159;13,4;4,9;
2020/08/06;2300 UTC;,2;1011,7;1011,7;1011;;23,9;20,3;24,7;22,9;20,9;19,8;84;77;80;164;12,4;4,4;
2020/08/07;0000 UTC;0;1012,2;1012,2;1011,7;;24,3;19;24,4;23,9;20,3;19;80;72;72;172;9,9;4,6;
2020/08/07;0100 UTC;0;1012,5;1012,5;1012,2;;23,4;20,1;24,2;23,1;20,1;18,9;83;72;82;170;9,1;4,2;
2020/08/07;0200 UTC;0;1012,1;1012,5;1012;;23,1;19,8;23,4;23;20,2;19,8;84;82;82;177;7,7;3,2;
2020/08/07;0300 UTC;0;1011,6;1012,1;1011,6;;22,8;19,4;23,1;22,7;19,8;19,4;83;81;81;175;6,9;3,7;
2020/08/07;0400 UTC;0;1011,1;1011,7;1011,1;;22,7;19,9;22,8;22,5;20;19,4;84;81;84;176;8,8;4,2;
2020/08/07;0500 UTC;0;1010,9;1011,1;1010,8;;22,3;20,4;22,7;22,1;20,4;19,8;89;84;89;182;8,8;3,2;
2020/08/07;0600 UTC;,2;1010,6;1011;1010,6;;21,9;20,3;22,3;21,8;20,3;20,1;91;89;91;195;6,5;2,6;
2020/08/07;0700 UTC;0;1010,5;1010,6;1010,4;;22;20,3;22,2;21,9;20,5;20,3;91;90;91;191;7,3;3,3;
2020/08/07;0800 UTC;0;1010,7;1010,8;1010,5;;21,8;20,4;22;21,8;20,4;20,3;91;90;91;194;7,2;3,9;
2020/08/07;0900 UTC;0;1010,8;1010,9;1010,6;6,4;21,8;20,5;21,9;21,7;20,5;20,3;92;91;92;186;7,2;2,6;
2020/08/07;1000 UTC;1;1011,5;1011,5;1010,8;273,6;22,3;21,3;22,3;21,7;21,3;20,5;94;92;94;177;7;3,4;
2020/08/07;1100 UTC;0;1012;1012;1011,5;1033;24;22,1;24;22,3;22,2;21,1;94;89;89;174;7,3;4;
2020/08/07;1200 UTC;1,8;1012,4;1012,5;1012;1065;24,9;22,5;24,9;23,5;22,7;21,2;89;85;87;156;8,2;3,6;
2020/08/07;1300 UTC;0;1012,3;1012,4;1012,3;2161,8;26,9;21,5;27;24,9;23,1;21,1;87;71;72;142;12,4;7,4;
2020/08/07;1400 UTC;0;1012;1012,4;1012;3210,8;27,8;21;28,1;26,7;21,8;20,6;74;66;66;147;13,4;6,1;
2020/08/07;1500 UTC;0;1011,4;1012;1011,4;3369,7;27,6;20,7;28,1;27,2;21,8;20,6;70;65;66;145;13,5;8,1;
2020/08/07;1600 UTC;0;1010,7;1011,5;1010,6;3246,5;27,5;20,9;28,4;27,3;21,5;20;67;63;67;156;13,8;8,4;
2020/08/07;1700 UTC;0;1010;1010,7;1010;2670,4;27,6;20,2;28,2;27;21,3;20,1;70;63;64;149;13,5;7,5;
2020/08/07;1800 UTC;0;1009,9;1010,1;1009,8;2110,5;27,1;20,7;27,8;26,8;21,2;19,9;70;64;68;159;14,9;7,5;
2020/08/07;1900 UTC;0;1010,1;1010,2;1009,9;964,2;26,5;20,7;27,7;26,4;20,9;19,9;71;65;71;145;13,8;7,5;
2020/08/07;2000 UTC;0;1010,7;1010,7;1010,1;344,8;26;20,4;26,6;26;20,9;20,2;72;69;71;160;13;6,1;
2020/08/07;2100 UTC;0;1011;1011;1010,6;43,1;25,2;20,2;26;25,2;20,6;20;74;71;74;165;12,2;4,9;
2020/08/07;2200 UTC;0;1011,6;1011,6;1011;;24,6;20,5;25,2;24,6;20,5;20,2;78;74;78;166;8,7;3,9;
2020/08/07;2300 UTC;0;1012,3;1012,3;1011,6;;24,3;20,2;24,6;24,3;20,6;20,2;79;78;78;166;8;4,6;
2020/08/08;0000 UTC;0;1012,8;1012,8;1012,3;;24;20,5;24,3;24;20,5;20,2;80;78;80;173;8;3,9;
2020/08/08;0100 UTC;0;1012,9;1012,9;1012,7;;23,5;20,3;24;23,5;20,4;20,2;82;80;82;181;7,3;3,5;
2020/08/08;0200 UTC;0;1012,9;1013,1;1012,8;;22,9;20,1;23,5;22,9;20,3;20;84;82;84;188;7,1;3,8;
2020/08/08;0300 UTC;0;1012,4;1012,9;1012,4;;22,6;20,1;22,9;22,6;20,2;20;86;84;86;188;6,7;3,4;
2020/08/08;0400 UTC;0;1012;1012,4;1012;;22,1;19,6;22,6;22;20;19,5;86;85;86;197;6,7;2,5;
2020/08/08;0500 UTC;0;1011,6;1012;1011,6;;21,7;19,2;22,1;21,7;19,6;19,2;86;85;85;209;5,9;2,3;
2020/08/08;0600 UTC;0;1011,2;1011,6;1011,2;;21,1;19;21,7;21,1;19,2;19;88;85;88;206;5,8;2,3;
2020/08/08;0700 UTC;0;1011,5;1011,5;1011,1;;21,2;19,5;21,2;20,9;19,5;19;90;88;90;194;5;2,5;
2020/08/08;0800 UTC;0;1011,6;1011,6;1011,4;;21,2;19,6;21,3;21,1;19,7;19,4;90;90;90;199;5,7;2,8;
2020/08/08;0900 UTC;0;1011,8;1011,8;1011,6;23,3;21,3;19,8;21,3;21;19,8;19,5;92;90;92;201;6,3;2,5;
2020/08/08;1000 UTC;0;1012,2;1012,2;1011,8;625;22,6;20,6;22,6;21,3;20,6;19,8;92;88;88;196;6,5;3,8;
2020/08/08;1100 UTC;0;1012,7;1012,7;1012,2;1484,6;25,2;21,3;25,3;22,6;21,7;20,5;88;79;79;175;7,4;4,5;
2020/08/08;1200 UTC;0;1012,9;1013;1012,6;2272,1;26,8;21,3;27,2;25,1;22;21,2;80;71;72;162;10,3;6,5;
2020/08/08;1300 UTC;0;1012,8;1013;1012,8;2650,1;27,9;21,6;28;26,6;22,1;20,9;73;67;69;147;12,4;5,1;
2020/08/08;1400 UTC;0;1012,2;1012,8;1012,2;3252,4;28;21,1;28,8;27,4;21,9;20,7;69;64;66;152;12,4;6,1;
2020/08/08;1500 UTC;0;1011,5;1012,3;1011,5;3133,3;28,1;21,2;28,8;27,4;22,2;21;70;65;66;149;13,1;6,2;
2020/08/08;1600 UTC;0;1010,8;1011,5;1010,8;2823,4;27,9;21,6;28,7;27,2;22,3;21,4;72;66;69;143;11,8;6,2;
2020/08/08;1700 UTC;0;1010;1010,9;1010;2322,3;27,6;21,6;28,3;27,4;22,6;21,4;74;68;70;136;11,8;6,1;
2020/08/08;1800 UTC;0;1009,5;1010;1009,5;1587,7;26,8;21,7;28,4;26,8;22,3;21,5;75;69;74;138;11,1;6,6;
2020/08/08;1900 UTC;0;1009,5;1009,6;1009,5;841,1;26,9;21,9;27,4;26,7;22,4;21,4;75;72;74;152;10,9;6,7;
2020/08/08;2000 UTC;0;1009,9;1009,9;1009,5;329,6;26,3;21,6;26,9;26,3;22;21,2;75;72;75;146;12,1;5;
2020/08/08;2100 UTC;0;1010,1;1010,1;1009,9;32,9;25,6;21,6;26,3;25,6;21,6;21,3;78;75;78;158;10,7;4,4;
2020/08/08;2200 UTC;0;1010,7;1010,7;1010,1;;25,4;21,5;25,6;25,3;21,6;21,4;79;78;79;160;10;4,6;
2020/08/08;2300 UTC;0;1011,3;1011,3;1010,7;;25,3;21,8;25,4;25,1;21,9;21,5;82;79;81;158;8,3;4,3;
2020/08/09;0000 UTC;0;1011,8;1011,8;1011,3;;24,8;21,3;25,3;24,8;21,8;21,3;81;80;81;173;8,1;3,6;
2020/08/09;0100 UTC;0;1012,3;1012,3;1011,8;;24,3;21,7;24,8;24,3;21,7;21,3;85;81;85;169;6,8;3,2;
2020/08/09;0200 UTC;0;1012,1;1012,4;1012,1;;23,7;21,5;24,3;23,7;21,7;21,5;87;85;87;184;5,9;2,9;
2020/08/09;0300 UTC;0;1011,8;1012,1;1011,7;;23,3;21,3;23,7;23,3;21,6;21,2;88;87;88;184;6,1;3,1;
2020/08/09;0400 UTC;0;1011,3;1011,7;1011,3;;22,9;21;23,3;22,9;21,3;21;89;88;89;182;7,5;2,5;
2020/08/09;0500 UTC;0;1010,8;1011,3;1010,8;;22,4;20,8;22,9;22,4;21;20,8;91;89;91;194;6,2;2,9;
2020/08/09;0600 UTC;0;1010,8;1010,8;1010,6;;22,3;20,8;22,4;22,3;20,9;20,7;92;91;92;190;6,2;2,4;
2020/08/09;0700 UTC;0;1010,8;1010,9;1010,7;;22,2;20,9;22,4;22,2;20,9;20,8;92;92;92;206;5,6;1,9;
2020/08/09;0800 UTC;0;1011,2;1011,2;1010,8;;22,3;20,9;22,4;22,2;21;20,9;92;92;92;189;5,8;3;
2020/08/09;0900 UTC;0;1011,3;1011,4;1011,1;15,4;22,5;21,1;22,6;22,3;21,2;20,9;92;92;92;167;5,8;3,3;
2020/08/09;1000 UTC;,2;1011,7;1011,7;1011,3;205;22,6;21,6;22,7;22,4;21,7;21,1;94;92;94;177;7,8;3,9;
2020/08/09;1100 UTC;0;1012,2;1012,2;1011,7;661,6;23,5;22,2;23,5;22,6;22,4;21,6;95;93;93;173;8,2;3,6;
2020/08/09;1200 UTC;,2;1012,2;1012,4;1012,2;1594;25,9;22,5;25,9;23,2;23;22;94;81;81;171;10,2;4,5;
2020/08/09;1300 UTC;0;1012;1012,3;1012;2114,4;26,8;21,8;27,1;25,6;22,6;21,4;81;73;74;160;12,7;6,9;
2020/08/09;1400 UTC;0;1011,5;1012,1;1011,5;2465,1;27,2;22,1;27,7;26;22,3;21,4;77;71;74;147;13,3;6,5;
2020/08/09;1500 UTC;0;1010,9;1011,6;1010,9;2648,1;27,3;21,7;28,2;26,6;22,5;21;75;69;72;151;12,9;6,7;
2020/08/09;1600 UTC;0;1010;1010,9;1009,9;2634,1;27,2;20,4;28,3;25,5;22,5;20,2;75;66;67;144;14,1;7;
2020/08/09;1700 UTC;0;1009,1;1010;1009,1;2261,3;27,7;22,5;28,1;27,1;22,7;20,2;74;65;73;140;12,3;5,4;
2020/08/09;1800 UTC;0;1009;1009,2;1008,9;1264,6;26,7;22,6;27,8;25,2;22,9;21,7;85;73;78;136;10,8;5,3;
2020/08/09;1900 UTC;0;1009,1;1009,1;1008,9;1110;26,5;21,9;27,3;26,3;23;21,9;78;75;76;137;12,7;5,5;
2020/08/09;2000 UTC;0;1009,5;1009,5;1009,1;381,3;24,9;21,2;26,6;24,9;22,5;20,8;80;75;80;142;12,1;6,4;
2020/08/09;2100 UTC;0;1009,7;1009,8;1009,3;39,8;25,2;22,2;25,5;24,8;22,5;21,4;85;80;83;139;12,1;3,5;
2020/08/09;2200 UTC;0;1010,1;1010,1;1009,7;;24,9;21,2;25,3;24,4;22,4;20,6;84;76;80;158;11,1;4,4;
2020/08/09;2300 UTC;0;1010,6;1010,7;1010,1;;25;21,5;25,3;24,9;21,7;20,9;81;77;81;174;8,1;3,2;
2020/08/10;0000 UTC;0;1011,1;1011,1;1010,6;;25,2;22,1;25,2;25;22,1;21,5;83;81;83;149;6,7;3,8;
2020/08/10;0100 UTC;1,2;1011,4;1011,6;1011,1;;23,4;21,5;25,5;23,4;22,1;21,2;89;80;89;168;7,5;3,3;
2020/08/10;0200 UTC;0;1011,3;1011,5;1011,3;;23,3;21,6;23,5;23,3;21,9;21,6;91;89;90;184;7,5;2,8;
2020/08/10;0300 UTC;0;1010,9;1011,5;1010,9;;22,9;21,6;23,4;22,8;21,6;21,4;92;90;92;177;9,4;2,7;
2020/08/10;0400 UTC;,2;1010,2;1010,9;1010,2;;22,7;21,7;22,9;22,7;21,7;21,5;94;92;94;181;6,2;1,5;
2020/08/10;0500 UTC;,4;1009,7;1010,2;1009,7;;22,4;21,5;22,7;22,4;21,7;21,5;94;94;94;175;8,1;3,1;
2020/08/10;0600 UTC;0;1009,4;1009,7;1009,3;;22,1;21,2;22,5;22,1;21,5;21,2;95;94;95;188;5,9;2,8;
2020/08/10;0700 UTC;0;1009,3;1009,4;1009,1;;22,1;21,1;22,2;22;21,3;21,1;95;94;94;179;6,5;3,1;
2020/08/10;0800 UTC;0;1009,3;1009,4;1009,2;;22,3;21;22,3;22,1;21,2;20,9;94;92;92;175;7,8;4,1;
2020/08/10;0900 UTC;0;1009,7;1009,7;1009,3;9,1;22,1;20,8;22,3;22,1;20,9;20,7;93;92;93;181;7,8;3,3;
2020/08/10;1000 UTC;0;1010,3;1010,3;1009,7;203,9;22,5;21,1;22,5;22;21,2;20,8;93;92;92;173;6,3;3,7;
2020/08/10;1100 UTC;0;1010,6;1010,6;1010,3;1099,9;24,3;21;24,3;22,5;21,7;20,9;92;82;82;177;8,2;4,9;
2020/08/10;1200 UTC;0;1010,9;1010,9;1010,6;2147;26,3;21,2;26,3;24,3;21,8;20,8;82;74;74;161;10;6,1;
2020/08/10;1300 UTC;0;1010,7;1010,9;1010,7;2041,6;25,8;21;27;25,1;21,6;20,1;77;69;75;169;11,5;6,1;
2020/08/10;1400 UTC;0;1010,2;1010,7;1010,1;2644,7;28;20;28,2;25,7;21,3;19,3;75;61;62;148;12;6,1;
2020/08/10;1500 UTC;0;1009,3;1010,2;1009,3;3393,8;27,9;18,8;28,4;27,3;19,9;17,3;63;51;58;148;13;7,3;
2020/08/10;1600 UTC;0;1008,6;1009,3;1008,6;3042,8;27,4;19,8;28,2;27;20,2;18,7;64;57;63;140;12,9;6,7;
2020/08/10;1700 UTC;0;1008;1008,6;1008;2760,3;27,4;19,2;28,4;27,3;20;17,3;64;53;61;135;11,9;6,9;
2020/08/10;1800 UTC;0;1007,7;1008,1;1007,7;2194;27,2;20,7;28,2;26,6;20,8;19,2;70;61;68;140;12,5;6,4;
2020/08/10;1900 UTC;0;1007,7;1007,7;1007,5;1027;26,6;20,7;27,2;26,5;21,1;20,2;71;68;70;144;12,3;6,7;
2020/08/10;2000 UTC;0;1007,9;1007,9;1007,6;344,6;25,8;20,8;26,8;25,8;21,1;20,3;74;70;74;150;11,6;5,4;
2020/08/10;2100 UTC;0;1008,2;1008,2;1007,8;37,7;25,4;20,3;25,8;25,4;20,9;20,3;75;73;73;159;11;5,1;
2020/08/10;2200 UTC;0;1008,6;1008,6;1008,2;;25,1;20,7;25,4;25,1;20,7;20,2;77;73;77;161;9,3;4,3;
2020/08/10;2300 UTC;0;1008,9;1008,9;1008,6;;24,6;20,9;25,1;24,6;21,1;20,6;80;77;80;165;8,4;4,3;
2020/08/11;0000 UTC;0;1009,3;1009,3;1008,9;;24,1;20,9;24,7;24,1;21,2;20,9;82;80;82;169;7,8;3,6;
2020/08/11;0100 UTC;0;1009,7;1009,7;1009,3;;23,7;20,6;24,2;23,7;20,9;20,6;83;82;82;174;7,4;3,6;
2020/08/11;0200 UTC;0;1009,6;1009,7;1009,5;;23,2;20,4;23,7;23,2;20,6;20,4;85;82;85;181;7,6;3,1;
2020/08/11;0300 UTC;0;1009,2;1009,6;1009,2;;23,3;20,5;23,3;23,2;20,6;20,4;85;84;84;180;6,6;2,7;
2020/08/11;0400 UTC;0;1008,6;1009,2;1008,6;;22,7;20,4;23,4;22,7;20,5;20,4;86;84;86;187;7,4;2,9;
2020/08/11;0500 UTC;0;1008,2;1008,6;1008,2;;22,3;20,4;22,7;22,3;20,4;20,3;89;86;89;190;7,5;4;
2020/08/11;0600 UTC;,4;1008,3;1008,3;1008,1;;21,9;20,8;22,3;21,8;20,8;20,4;94;89;93;188;7,4;3,5;
2020/08/11;0700 UTC;0;1008,1;1008,3;1007,9;;21,8;20,9;21,9;21,7;20,9;20,7;95;93;95;193;6,4;2,5;
2020/08/11;0800 UTC;,2;1008,4;1008,4;1008,1;;22;21,2;22;21,8;21,2;20,9;96;95;96;185;4,8;2,5;
2020/08/11;0900 UTC;0;1008,6;1008,6;1008,4;16;22;21,3;22;21,9;21,3;21,2;96;95;96;198;5,1;2,4;
2020/08/11;1000 UTC;,2;1009,1;1009,1;1008,6;420,6;22,6;21,8;22,6;22;21,8;21,2;96;95;95;191;6,4;3;
2020/08/11;1100 UTC;0;1009,6;1009,6;1009,1;1211,2;25,2;23,1;25,3;22,6;23,4;21,7;95;88;88;156;6,4;2,6;
2020/08/11;1200 UTC;0;1009,5;1009,7;1009,5;1588,3;26,1;22,2;26,5;25;23,8;22,2;89;78;79;149;11,1;5,2;
2020/08/11;1300 UTC;0;1009,4;1009,6;1009,4;2382,3;27,4;22,6;28;25,9;23,6;21,8;81;74;75;142;11,1;4,3;
2020/08/11;1400 UTC;,2;1009,2;1009,5;1009,1;3283,6;27,7;21,4;28,5;27,1;22,8;21,4;75;68;69;137;10,8;6,2;
2020/08/11;1500 UTC;0;1008,7;1009,2;1008,7;3431,6;28,6;20,9;29;27,4;22,6;20,6;72;61;63;150;10,8;5,4;
2020/08/11;1600 UTC;0;1007,8;1008,7;1007,8;3087,4;28;22,2;28,9;27,5;22,2;20,2;71;61;71;139;10,8;5,3;
2020/08/11;1700 UTC;0;1007,3;1007,8;1007,2;2392,6;27,2;20,2;28,5;27,2;22,2;20,1;72;62;66;136;11,8;6,2;
2020/08/11;1800 UTC;0;1006,9;1007,3;1006,8;1773,5;27,2;21,3;28;27;21,5;20,4;70;65;70;150;10,8;6,5;
2020/08/11;1900 UTC;0;1006,8;1006,9;1006,7;899,1;26,5;21,6;27,5;26,5;22,3;21,2;76;70;75;137;10,8;5,9;
2020/08/11;2000 UTC;0;1007;1007;1006,8;318,8;26,1;21,9;26,6;26,1;22,3;21,7;78;75;78;144;11,5;6;
2020/08/11;2100 UTC;0;1007,4;1007,4;1007;40,8;25,6;21,7;26,2;25,6;22,2;21,6;80;78;79;145;10,5;4,7;
2020/08/11;2200 UTC;0;1007,8;1007,8;1007,4;;25,4;21,7;25,7;25,4;21,8;21,5;80;79;80;161;9,9;5,1;
2020/08/11;2300 UTC;0;1008,4;1008,4;1007,8;;25,1;21,7;25,4;25,1;21,8;21,6;82;80;82;162;9,9;4,2;
2020/08/12;0000 UTC;0;1008,9;1008,9;1008,4;;24,8;21,7;25,1;24,8;21,8;21,6;83;81;83;171;8,9;4,5;
2020/08/12;0100 UTC;0;1009;1009,1;1008,9;;24,2;21,5;24,8;24,2;21,7;21,5;85;83;85;171;7,9;3,7;
2020/08/12;0200 UTC;0;1009,1;1009,1;1009;;23,6;21,3;24,2;23,6;21,5;21,3;87;85;87;177;6,9;3,1;
2020/08/12;0300 UTC;0;1008,8;1009,1;1008,7;;23,1;20,9;23,6;23,1;21,3;20,9;88;87;88;187;6,4;3,3;
2020/08/12;0400 UTC;0;1008,2;1008,8;1008,2;;22,8;20,7;23,1;22,8;20,9;20,7;88;88;88;181;6,4;3;
2020/08/12;0500 UTC;0;1007,9;1008,2;1007,9;;22,4;20,5;22,7;22,4;20,7;20,5;89;88;89;184;5,8;2,6;
2020/08/12;0600 UTC;0;1007,7;1007,9;1007,7;;22,2;20,3;22,5;22,2;20,5;20,3;89;89;89;183;7,2;2,8;
2020/08/12;0700 UTC;0;1007,9;1007,9;1007,7;;21,9;20,1;22,2;21,9;20,3;20,1;90;89;90;183;5,8;2,7;
2020/08/12;0800 UTC;0;1008,1;1008,1;1007,9;;21,8;19,9;22;21,7;20,2;19,9;90;89;89;182;6;2,9;
2020/08/12;0900 UTC;0;1008,5;1008,5;1008,1;21;21,6;19,8;21,8;21,5;19,9;19,7;90;89;89;192;5,3;2,8;
2020/08/12;1000 UTC;0;1008,8;1008,8;1008,5;603,5;22,7;20,1;22,7;21,6;20,2;19,7;89;85;85;191;5,8;2,9;
2020/08/12;1100 UTC;0;1009,3;1009,3;1008,8;1493,7;25,3;20,9;25,3;22,7;21;20;85;77;77;177;7,6;4,5;
2020/08/12;1200 UTC;0;1009,2;1009,3;1009,1;2172,5;27,4;21,1;27,4;25,2;21,5;20,8;77;69;69;166;11,7;6,3;
2020/08/12;1300 UTC;0;1009,1;1009,3;1009,1;2896,1;27,4;20,8;28,2;27,1;21,3;20,4;68;64;67;159;12,1;6,8;
2020/08/12;1400 UTC;0;1008,6;1009,1;1008,5;3093,6;27,9;21,1;28,6;27,4;21,9;20,7;69;64;67;158;13,5;7,8;
2020/08/12;1500 UTC;0;1007,9;1008,6;1007,9;3409,2;28,8;21,9;28,8;27,8;22;21;68;65;67;155;13,2;6,3;
2020/08/12;1600 UTC;0;1007;1008;1007;3200,3;27,9;21,3;29,1;27,7;22,5;21,1;71;65;67;139;12,8;6,9;
2020/08/12;1700 UTC;0;1006,4;1007;1006,3;2707,7;28,7;22,7;28,7;27,5;22,8;21,5;73;67;70;139;12,8;6,3;
2020/08/12;1800 UTC;0;1006;1006,4;1006;2240,9;27,1;22,2;28,7;27,1;22,5;21,3;74;68;74;137;11,9;7;
2020/08/12;1900 UTC;0;1006,1;1006,2;1005,9;887,8;26,5;22,2;27,7;26,5;22,7;21,9;77;73;77;138;11,5;6,8;
2020/08/12;2000 UTC;0;1006,3;1006,3;1006;369,5;26,1;22,1;27;26,1;22,6;22,1;79;76;79;142;10,9;5,5;
2020/08/12;2100 UTC;0;1006,9;1006,9;1006,3;37,2;25,7;22;26,1;25,7;22,3;21,8;80;79;80;147;11;4,8;
2020/08/12;2200 UTC;0;1007,2;1007,2;1006,8;;25,6;21,5;25,7;25,6;22,2;21,5;81;77;78;152;11,5;5,4;
2020/08/12;2300 UTC;0;1007,7;1007,7;1007,2;;25,5;22;25,6;25,4;22,1;21,6;82;78;81;156;9,9;4,5;
2020/08/13;0000 UTC;0;1008,3;1008,3;1007,7;;25,3;22;25,5;25,1;22,1;21,5;83;79;82;160;10;3,6;
2020/08/13;0100 UTC;0;1008,1;1008,5;1008,1;;25;22,6;25,4;24,7;22,8;22;88;82;87;143;8,3;3,7;
2020/08/13;0200 UTC;0;1008,1;1008,1;1008;;25,2;22,2;25,4;25;22,6;21,8;87;82;84;134;9;3,9;
2020/08/13;0300 UTC;0;1007,5;1008,1;1007,5;;25,1;22,2;25,3;25;22,4;22,1;85;83;84;136;8,2;3,7;
2020/08/13;0400 UTC;0;1006,8;1007,5;1006,8;;25,1;21,7;25,3;25;22,4;21,3;85;79;81;138;9,7;4,5;
2020/08/13;0500 UTC;0;1006,5;1006,8;1006,5;;25;22,2;25,1;24,7;22,5;21,5;86;81;85;134;9,7;3,6;
2020/08/13;0600 UTC;0;1006,5;1006,5;1006,3;;23,7;21,8;25;23,5;22,2;21,3;90;83;89;173;7,6;2,8;
2020/08/13;0700 UTC;0;1006,8;1006,8;1006,5;;23,1;21,3;23,7;23,1;21,8;21,3;90;88;90;200;5,7;2,4;
2020/08/13;0800 UTC;0;1007,3;1007,3;1006,8;;22,6;21,3;23,1;22,6;21,4;21,2;93;90;93;176;5,7;2,2;
2020/08/13;0900 UTC;0;1008,1;1008,1;1007,3;17,5;22,4;21,3;22,6;22,4;21,3;21,2;93;93;93;179;5,2;3,2;
2020/08/13;1000 UTC;0;1008,8;1008,8;1008,1;508,2;23,6;22,1;23,6;22,4;22,1;21,3;93;91;91;178;5,2;2,1;
2020/08/13;1100 UTC;0;1009,5;1009,5;1008,8;1054,2;25;22,3;25;23,6;22,3;21,6;91;85;85;171;6,2;2,9;
2020/08/13;1200 UTC;0;1009,8;1009,9;1009,5;2045,7;27,1;22;27,6;25;22,9;21,7;85;72;74;143;10,4;5,6;
2020/08/13;1300 UTC;0;1009,8;1009,9;1009,8;2826;27,9;22;28,5;27,1;22,7;21,8;74;70;70;136;12,7;5,3;
2020/08/13;1400 UTC;0;1009,6;1010;1009,6;2964,5;27,9;22,6;28,9;27;23,1;21,3;75;68;73;136;11,1;6,4;
2020/08/13;1500 UTC;0;1009;1009,6;1009;3350,5;28,1;22,3;29,4;27,1;23,5;21,5;74;68;71;126;11;5,1;
2020/08/13;1600 UTC;0;1008,4;1009;1008,4;3233,6;28,8;22,1;28,9;27,7;22,7;21,3;71;67;67;129;11,6;5,9;
2020/08/13;1700 UTC;0;1007,2;1008,4;1007,2;2774,4;27,6;22,2;29,1;27,5;22,5;21,3;73;66;72;127;10,3;5,9;
2020/08/13;1800 UTC;0;1007,2;1007,3;1007;2176;27,2;22,6;28;27,1;22,7;22;76;72;76;132;9,9;5,6;
2020/08/13;1900 UTC;0;1007,2;1007,2;1007,1;960;27;21,9;27,6;26,7;23;21,5;77;72;73;132;11,1;6;
2020/08/13;2000 UTC;0;1007,6;1007,6;1007,1;288,1;26,4;21,4;27,2;26,3;22,3;21,4;77;73;74;140;10,2;6;
2020/08/13;2100 UTC;0;1008;1008;1007,6;32;25,5;21,9;26,4;25,4;22;21;81;73;81;134;11,5;4,9;
2020/08/13;2200 UTC;0;1008,5;1008,5;1008;;25,8;21,6;25,8;25,5;22,1;20,8;81;74;78;139;11,5;4,7;
2020/08/13;2300 UTC;0;1009,2;1009,2;1008,5;;25,8;21,3;25,9;25,7;21,6;21;78;75;76;143;10,8;5,6;
2020/08/14;0000 UTC;0;1009,6;1009,7;1009,2;;25,6;21;25,8;25,6;21,4;20,6;77;74;76;140;9,9;4,7;
2020/08/14;0100 UTC;0;1009,8;1009,8;1009,6;;25,5;21,1;25,7;25,5;21,3;20,8;77;74;77;140;10,6;5;
2020/08/14;0200 UTC;0;1009,6;1009,8;1009,6;;25,2;21;25,5;25,2;21;20,2;77;73;77;154;8,8;4,3;
2020/08/14;0300 UTC;0;1008,9;1009,6;1008,8;;25,1;20,2;25,2;25;21;20,2;77;74;74;146;8,7;4,5;
2020/08/14;0400 UTC;0;1008,3;1008,9;1008,3;;24,9;20,7;25,2;24,9;20,7;20,2;77;74;77;151;8,1;3,5;
2020/08/14;0500 UTC;0;1007,7;1008,3;1007,6;;23,6;20,6;25;23,6;20,7;19,9;83;75;83;183;8;2,6;
2020/08/14;0600 UTC;0;1007,7;1007,7;1007,6;;22,6;20,4;23,7;22,6;20,8;20,4;87;83;87;186;5,3;2,4;
2020/08/14;0700 UTC;0;1007,8;1007,8;1007,6;;22;20,1;22,6;22;20,4;20,1;89;87;89;181;5,5;2,8;
2020/08/14;0800 UTC;0;1007,8;1007,9;1007,8;;22;20,4;22,1;21,9;20,4;20,1;91;89;91;184;5,6;3,1;
2020/08/14;0900 UTC;0;1008,3;1008,3;1007,8;19,9;21,9;20,5;21,9;21,8;20,5;20,3;92;91;92;179;6;2,4;
2020/08/14;1000 UTC;0;1009,1;1009,1;1008,3;662,7;23,4;20,5;23,5;21,9;20,8;20,5;92;84;84;179;5,3;2,9;
2020/08/14;1100 UTC;0;1009,6;1009,6;1009,1;1553,1;25,9;21,2;25,9;23,3;21,5;20,4;84;75;76;169;6,3;2,7;
2020/08/14;1200 UTC;0;1009,6;1009,7;1009,6;2364,5;27,2;20,6;27,4;25,7;21,6;20,4;76;67;67;158;10,4;5,2;
2020/08/14;1300 UTC;0;1009,3;1009,7;1009,3;2952,1;27,2;20,2;27,9;26,8;21,2;20;69;65;66;136;11,3;6,3;
2020/08/14;1400 UTC;0;1008,7;1009,4;1008,6;3304,5;27,5;19,6;28,8;27,2;21;19,6;67;61;62;153;12,2;6,2;
2020/08/14;1500 UTC;0;1008,1;1008,7;1008,1;3443,6;28,3;20,3;28,8;27,5;21,1;19,7;65;60;62;141;12,2;5,6;
2020/08/14;1600 UTC;0;1007,2;1008,1;1007,2;3055,2;27,6;20,3;28,4;27,4;20,9;19,9;66;62;65;154;12,5;6,4;
2020/08/14;1700 UTC;0;1006,4;1007,2;1006,4;2781,4;27,2;20,6;28,3;27,2;21,3;20;68;63;67;133;10,8;6,1;
2020/08/14;1800 UTC;0;1006,2;1006,4;1006,2;2265,6;27,3;21,1;27,9;26,8;21,3;20,3;69;65;69;141;10,8;5,8;
2020/08/14;1900 UTC;0;1006,4;1006,5;1006,2;930,3;26,4;21;27,3;26,3;21,4;20,7;72;68;72;146;10,8;6,4;
2020/08/14;2000 UTC;0;1006,9;1006,9;1006,4;284,7;25,8;21,1;26,6;25,8;21,3;20,9;75;72;75;139;10,6;5,2;
2020/08/14;2100 UTC;0;1007,1;1007,2;1006,9;33,7;25,3;21,2;25,9;25,3;21,2;21;78;75;78;152;9,9;4,4;
2020/08/14;2200 UTC;0;1007,5;1007,5;1007,1;;25,1;21,4;25,3;25,1;21,5;21,2;80;78;80;148;8,5;4,1;
2020/08/14;2300 UTC;0;1008;1008;1007,5;;24,9;21,4;25,2;24,9;21,4;21,4;81;80;81;166;8,3;3,9;
2020/08/15;0000 UTC;0;1008,6;1008,6;1008;;24,1;21,5;24,9;24,1;21,5;21,3;85;81;85;166;7,8;3,8;
2020/08/15;0100 UTC;0;1008,9;1008,9;1008,6;;24,2;21,6;24,3;24,1;21,7;21,5;86;85;86;164;6,6;3,8;
2020/08/15;0200 UTC;0;1008,9;1009;1008,8;;23,9;21,2;24,2;23,9;21,6;21,2;86;85;85;175;7,1;3;
2020/08/15;0300 UTC;3,4;1008,3;1008,9;1008,3;;23;21,8;23,9;22,6;21,8;20,9;93;85;93;173;6,2;3,5;
2020/08/15;0400 UTC;,2;1007,7;1008,3;1007,7;;22,9;21,9;23,1;22,9;22;21,8;94;93;94;182;6,2;2,3;
2020/08/15;0500 UTC;,4;1007,3;1007,7;1007,2;;22,7;21,8;22,9;22,6;21,9;21,7;95;94;95;186;6,1;2,4;
2020/08/15;0600 UTC;,2;1007;1007,3;1007;;22,4;21,6;22,7;22,3;21,8;21,6;95;95;95;189;5,8;2;
2020/08/15;0700 UTC;0;1007;1007,1;1006,9;;22,3;21,5;22,4;22,3;21,7;21,5;96;95;96;189;4,6;2,8;
2020/08/15;0800 UTC;0;1007,2;1007,2;1007;;22,3;21,6;22,4;22,2;21,6;21,5;96;96;96;191;4,4;2,5;
2020/08/15;0900 UTC;0;1007,5;1007,5;1007,1;37,8;22,6;21,8;22,7;22,2;21,9;21,5;96;95;95;200;5,1;2,3;
2020/08/15;1000 UTC;0;1007,9;1008;1007,4;731,5;25,4;22,1;25,4;22,6;22,8;21,9;95;82;82;136;6,3;3,7;
2020/08/15;1100 UTC;0;1008,4;1008,4;1007,9;1116,6;26,2;22,2;26,2;25,4;22,4;21,7;82;79;79;132;9,1;4,4;
2020/08/15;1200 UTC;0;1008,7;1008,7;1008,3;1920,1;26,3;21,6;27,1;26,2;22,6;21,5;79;74;76;128;9,4;5,5;
2020/08/15;1300 UTC;0;1008,5;1008,8;1008,5;2598,1;27,2;22;27,4;25,7;22,9;21,1;82;69;73;127;10,5;5,8;
2020/08/15;1400 UTC;0;1008,1;1008,6;1008;3306,3;27,6;21,8;28,3;27,2;22,5;21,1;75;68;71;127;11,4;6,3;
2020/08/15;1500 UTC;0;1007,5;1008,1;1007,5;3334,4;27,6;21,8;28,4;27,3;22,3;21;72;66;71;143;11,2;6,8;
2020/08/15;1600 UTC;0;1006,4;1007,5;1006,4;3335,4;28,4;22,2;28,6;27,6;22,4;21,2;71;67;69;140;11,5;5,6;
2020/08/15;1700 UTC;0;1005,7;1006,5;1005,7;2736,8;28;21,9;28,7;27,4;22,7;21,5;72;69;70;136;10,4;5,4;
2020/08/15;1800 UTC;0;1005,6;1005,8;1005,5;2026,1;27,6;21,9;28,4;27,1;22,7;21,5;74;69;71;136;10,1;5,4;
2020/08/15;1900 UTC;0;1005,7;1005,7;1005,5;879,9;26,9;22,2;27,6;26,8;22,4;21,5;76;71;76;145;10;6;
2020/08/15;2000 UTC;0;1005,9;1005,9;1005,7;234,1;26,2;21,7;26,8;26,2;22,7;21,7;80;76;76;141;10,6;4,8;
2020/08/15;2100 UTC;0;1006,2;1006,2;1005,9;26;25,8;21,9;26,2;25,8;21,9;21,6;79;76;79;154;8,2;3,8;
2020/08/15;2200 UTC;0;1006,5;1006,5;1006,2;;25,4;22,1;25,8;25,4;22,1;21,8;82;79;82;156;6,3;2,8;
2020/08/15;2300 UTC;,4;1007,3;1007,3;1006,5;;24,6;21,9;25,5;24,6;22,1;21,8;86;81;85;152;8,1;3,7;
2020/08/16;0000 UTC;0;1007,7;1007,7;1007,3;;24,4;22,3;24,6;24,3;22,4;21,7;88;85;88;140;8,3;2,3;
2020/08/16;0100 UTC;0;1007,9;1008;1007,7;;24,4;22,5;24,6;24,2;22,7;22,3;90;88;89;161;3,8;1,8;
2020/08/16;0200 UTC;0;1007,9;1008;1007,9;;24,5;22,6;24,5;24,3;22,6;22,4;90;89;89;167;4,4;2,2;
2020/08/16;0300 UTC;0;1007,5;1007,9;1007,5;;24,6;22,7;24,7;24,4;22,7;22,5;89;89;89;133;5,1;2,8;
2020/08/16;0400 UTC;0;1007;1007,5;1007;;24;22,4;24,6;24;22,8;22,4;91;89;91;199;4,8;2;
2020/08/16;0500 UTC;0;1006,8;1007,1;1006,7;;23,4;22,2;24;23,4;22,4;22,1;93;91;93;192;5,5;2,6;
2020/08/16;0600 UTC;0;1006,7;1006,8;1006,6;;24;22,4;24,1;23,3;22,7;22,1;93;91;91;191;4,2;2,4;
2020/08/16;0700 UTC;0;1007;1007;1006,7;;23,3;21,8;24,4;23,3;22,6;21,6;92;89;92;196;5,5;2;
2020/08/16;0800 UTC;0;1007,3;1007,3;1007;;23,2;21,8;23,7;23,2;22,3;21,8;92;91;92;215;5;1,7;
2020/08/16;0900 UTC;0;1007,7;1007,7;1007,3;29;25,2;22,3;25,2;23,2;22,9;21,8;92;84;84;133;6,3;3,7;
2020/08/16;1000 UTC;0;1008,1;1008,1;1007,7;506,6;26,3;22,9;26,3;25,2;22,9;22,1;84;81;82;129;8,4;4,3;
2020/08/16;1100 UTC;0;1008,8;1008,8;1008,1;1389,2;27;22,4;27;26,1;22,7;22;81;75;76;137;9,5;5,5;
2020/08/16;1200 UTC;0;1009,5;1009,5;1008,8;1797,4;27,1;22,4;27,6;26,8;22,9;21,8;78;74;75;143;11,1;6,4;
2020/08/16;1300 UTC;0;1009,6;1009,6;1009,4;2548,4;27,7;21,9;28,2;27,1;22,9;21,9;75;70;71;137;11,7;5,8;
2020/08/16;1400 UTC;0;1009;1009,6;1009;2799,3;28,3;21,9;28,6;27,6;23;21,8;73;68;68;141;11,4;6,4;
2020/08/16;1500 UTC;0;1008,2;1009,1;1008,1;3235,2;28,3;22;28,9;27,7;22,9;21,5;72;68;69;143;11,6;6,6;
2020/08/16;1600 UTC;0;1007,2;1008,2;1007,2;3095,7;28,1;22,4;29;27,8;22,8;21,6;72;67;71;141;11,5;6,7;
2020/08/16;1700 UTC;0;1006,3;1007,2;1006,3;2679;27,7;22;28,5;27,7;22,9;21,8;73;69;71;144;11,6;6,4;
2020/08/16;1800 UTC;0;1005,9;1006,4;1005,8;1935,5;27,7;21,7;28,1;27,3;22,5;21,6;73;70;70;140;12,1;5,7;
2020/08/16;1900 UTC;0;1005,7;1006;1005,7;910,4;27,1;21,9;27,7;27;22,2;21,6;74;70;73;146;11,3;5,5;
2020/08/16;2000 UTC;0;1005,8;1005,8;1005,6;315,4;26,4;21,6;27,2;26,4;22,2;21,5;76;72;75;158;11,1;5,5;
2020/08/16;2100 UTC;0;1006;1006;1005,7;33,4;25,9;21,6;26,4;25,9;21,6;21,4;77;74;77;159;10,1;5,1;
2020/08/16;2200 UTC;0;1006,5;1006,5;1006;;25,9;21,5;25,9;25,8;21,6;21,3;77;76;77;152;10,1;4,1;
2020/08/16;2300 UTC;0;1006,8;1006,8;1006,5;;25,8;21,6;25,9;25,7;21,6;21,4;78;77;78;155;10,1;4,3;
2020/08/17;0000 UTC;0;1007,5;1007,5;1006,8;;25,6;21,5;25,8;25,6;21,6;21,4;78;77;78;153;8,9;4,3;
2020/08/17;0100 UTC;0;1007,9;1007,9;1007,5;;25,5;21,8;25,7;25,5;22;21,4;81;78;80;157;9,5;3,2;
2020/08/17;0200 UTC;0;1007,8;1008;1007,8;;25,3;21,6;25,6;25,3;21,9;21,6;81;79;80;165;9,2;4,3;
2020/08/17;0300 UTC;0;1007,7;1007,9;1007,7;;25,2;21,3;25,6;24,9;21,8;21;81;78;79;160;8,7;2,8;
2020/08/17;0400 UTC;0;1007,5;1007,7;1007,5;;23,7;20,9;25,4;23,7;21,4;20,1;85;76;85;205;8,7;2,2;
2020/08/17;0500 UTC;0;1007,1;1007,5;1007,1;;23,1;21,1;23,7;23,1;21,3;20,9;89;85;89;201;5;2,2;
2020/08/17;0600 UTC;0;1006,9;1007,1;1006,9;;23;21,2;23,1;22,9;21,3;21,1;90;89;90;193;4,5;2;
2020/08/17;0700 UTC;0;1007,1;1007,1;1006,8;;22,6;21,1;23;22,6;21,2;21;91;90;91;184;5;2,2;
2020/08/17;0800 UTC;0;1007,3;1007,3;1007;;22,6;21,1;22,7;22,6;21,2;21,1;91;91;91;184;4,9;2,9;
2020/08/17;0900 UTC;0;1007,6;1007,6;1007,3;19,3;22,5;21,1;22,6;22,3;21,1;20,9;92;91;92;188;5,4;2,7;
2020/08/17;1000 UTC;0;1008,2;1008,2;1007,6;334;23,4;21,7;23,5;22,4;21,8;21,1;92;90;90;185;6,4;2,6;
2020/08/17;1100 UTC;0;1008,7;1008,8;1008,2;1172,5;24,7;21,8;24,8;23,5;22,1;21,5;90;84;84;175;6,8;3,3;
2020/08/17;1200 UTC;0;1009,1;1009,1;1008,7;1470,6;27,1;21,5;27,1;24,7;22,3;21,5;84;72;72;157;12,9;7,1;
2020/08/17;1300 UTC;0;1009;1009,2;1009;2819;27,9;21,2;28,3;26,8;22,2;20,8;73;65;67;146;13,1;7;
2020/08/17;1400 UTC;0;1008,7;1009,2;1008,6;3253,9;28,1;20,4;29;27,8;21,5;20,4;67;61;63;152;14,4;6,8;
2020/08/17;1500 UTC;0;1008,1;1008,7;1008;3394,3;28,8;20,7;29,2;28;21,2;19,2;64;58;62;151;13,7;6,7;
2020/08/17;1600 UTC;0;1007,2;1008,1;1007,2;3154,2;28;20,8;29,1;28;21,7;20;66;60;65;157;13,7;8,5;
2020/08/17;1700 UTC;0;1006,5;1007,3;1006,5;2781,1;28,1;21,3;28,8;27,9;21,7;20,5;68;63;67;145;13;6,9;
2020/08/17;1800 UTC;0;1006;1006,5;1006;2091,1;27,7;21,6;28,5;27,4;21,8;21;70;66;70;150;13,1;6,9;
2020/08/17;1900 UTC;0;1005,8;1006,1;1005,7;951,2;27,2;21,7;28,2;27;22;21,2;72;68;72;153;11,8;6,5;
2020/08/17;2000 UTC;0;1005,9;1005,9;1005,7;335,1;26,4;21,5;27,5;26,4;21,8;20,9;74;71;74;144;11,6;4,7;
2020/08/17;2100 UTC;0;1006,3;1006,3;1005,8;38,6;26;20,5;26,4;25,9;21,5;20,5;76;72;72;145;10,4;5,4;
2020/08/17;2200 UTC;0;1006,9;1006,9;1006,3;;25,7;20,8;26;25,7;21,1;20,5;75;72;74;143;10,1;4,8;
2020/08/17;2300 UTC;0;1007,5;1007,5;1006,8;;25,6;21,2;25,7;25,6;21,2;20,7;77;74;77;142;10;4,4;
2020/08/18;0000 UTC;0;1007,9;1008;1007,4;;25,6;21,4;25,7;25,5;21,4;21,1;78;76;78;142;10;5,9;
2020/08/18;0100 UTC;0;1008,2;1008,2;1007,9;;25,4;21,3;25,6;25,4;21,4;20,8;78;75;78;139;10;4,4;
2020/08/18;0200 UTC;0;1008,2;1008,3;1008,2;;25,4;21,2;25,6;25,3;21,5;21;79;77;78;145;9,4;4,9;
2020/08/18;0300 UTC;0;1007,7;1008,2;1007,7;;25,3;20,9;25,5;25,3;21,2;20,8;78;76;77;148;9,5;5,1;
2020/08/18;0400 UTC;0;1007,2;1007,7;1007,1;;25,1;20,8;25,3;24,9;21,1;20,5;78;76;77;153;9,5;3,2;
2020/08/18;0500 UTC;0;1006,7;1007,2;1006,7;;24,6;20,5;25,1;24,2;20,9;20,5;80;77;78;168;7,3;2,7;
2020/08/18;0600 UTC;0;1006,6;1006,7;1006,5;;23,2;20,7;24,7;22,8;20,8;20,1;86;78;86;192;7,3;2,7;
2020/08/18;0700 UTC;0;1006,7;1006,8;1006,5;;22,6;20,4;23,4;22,5;20,8;20,3;88;85;88;188;4,8;2,8;
2020/08/18;0800 UTC;0;1006,9;1006,9;1006,7;;22,3;20,5;22,6;22,3;20,5;20,4;89;88;89;179;4,5;2,2;
2020/08/18;0900 UTC;0;1007,3;1007,3;1006,9;34;22,5;20,6;22,5;22,2;20,6;20,4;90;89;89;182;4,9;2,5;
2020/08/18;1000 UTC;0;1007,8;1007,8;1007,3;383,5;23,2;20,9;23,2;22,4;20,9;20,5;89;87;87;192;4,6;2,3;
2020/08/18;1100 UTC;0;1008,4;1008,5;1007,8;968;25,2;21,6;25,2;23,2;21,7;20,8;87;79;80;197;4,8;2,9;
2020/08/18;1200 UTC;0;1008,6;1008,7;1008,4;2132,3;27,1;20,9;27,7;25,3;21,9;20,8;80;68;69;133;10,3;5,4;
2020/08/18;1300 UTC;0;1008,4;1008,7;1008,4;2877,7;27,7;21,5;28,2;27,1;22,1;20,9;71;66;69;134;11,1;6;
2020/08/18;1400 UTC;0;1008,1;1008,6;1008,1;3177,4;28,1;21,6;28,5;27,3;22,1;21;71;66;68;143;10,7;6,1;
2020/08/18;1500 UTC;0;1007,4;1008,1;1007,4;3463,2;28,5;21,7;28,8;27,4;22;20,9;69;64;67;140;11,7;6,3;
2020/08/18;1600 UTC;0;1006,6;1007,4;1006,6;2805,2;27,9;21,6;28,7;27,7;22;20,9;70;65;69;150;11,8;6,7;
2020/08/18;1700 UTC;0;1006,1;1006,7;1006,1;2234,3;27,2;21,9;28,5;26,9;22,3;21,1;74;67;73;134;12,5;7,1;
2020/08/18;1800 UTC;0;1005,9;1006,2;1005,9;1872,7;27,6;22;27,7;26,8;22,5;21,5;75;71;72;141;12;6,6;
2020/08/18;1900 UTC;0;1006;1006,1;1005,8;664,1;27;21,4;27,6;25,5;22,1;20,7;77;71;72;137;12,3;5,9;
2020/08/18;2000 UTC;0;1006,3;1006,3;1005,9;342,8;26;20,7;27,1;26;22,1;20,7;77;71;73;139;11,4;5,3;
2020/08/18;2100 UTC;0;1007;1007;1006,3;23,8;25,6;21,6;26;25,6;22;20,8;81;73;78;141;10;5,5;
2020/08/18;2200 UTC;0;1007,6;1007,6;1007;;25,9;22,1;25,9;25,6;22,3;21,6;82;78;80;144;10,5;4,8;
2020/08/18;2300 UTC;0;1008,3;1008,3;1007,6;;25,8;21,8;26;25,8;22,1;21,3;80;75;78;144;10,2;4,7;
2020/08/19;0000 UTC;,2;1008,8;1008,8;1008,3;;25,5;21,6;25,9;25,3;21,9;21,5;81;77;79;146;10,5;4,7;
2020/08/19;0100 UTC;0;1009,1;1009,2;1008,8;;25,5;21,7;25,6;25,4;21,7;21,6;80;79;79;144;10,5;5,3;
2020/08/19;0200 UTC;0;1009,1;1009,3;1009;;25,5;21,3;25,7;25,4;21,8;21,3;79;78;78;143;10,5;4,8;
2020/08/19;0300 UTC;0;1008,8;1009,1;1008,7;;25,3;21;25,5;25,2;21,3;20,9;79;77;77;140;9,4;4,3;
2020/08/19;0400 UTC;0;1008,1;1008,8;1008,1;;25,1;20,8;25,3;25;21,2;20,6;79;76;77;145;8,4;4,5;
2020/08/19;0500 UTC;0;1007,4;1008,1;1007,4;;24,8;20,5;25,1;24,8;20,8;20,5;78;76;77;151;8,9;3,6;
2020/08/19;0600 UTC;0;1007,2;1007,4;1007,1;;24,8;20,5;25;24,7;20,6;20;77;74;77;150;9;4,2;
2020/08/19;0700 UTC;0;1007,3;1007,3;1007,2;;24,9;20,6;24,9;24,7;20,8;20,5;78;77;77;156;8,1;3,7;
2020/08/19;0800 UTC;0;1007,8;1007,8;1007,3;;22,9;20,3;24,9;22,9;20,5;19,9;85;77;85;193;6,4;2,3;
2020/08/19;0900 UTC;0;1008,6;1008,6;1007,8;16,9;22,6;20,4;22,9;22,5;20,4;20,2;87;85;87;188;5,2;2,4;
2020/08/19;1000 UTC;0;1009,1;1009,1;1008,6;400,6;23,3;20,4;23,3;22,6;20,6;20,1;87;84;84;184;6,2;3,2;
2020/08/19;1100 UTC;0;1009,8;1009,8;1009,1;1177,8;25,5;20,3;25,6;23,2;20,8;20,1;84;73;73;164;8,4;4,3;
2020/08/19;1200 UTC;0;1009,9;1010;1009,8;2243,4;27;20,2;27,2;25,4;21;20,1;73;66;66;156;11,5;6,4;
2020/08/19;1300 UTC;0;1009,8;1010;1009,8;2829;27,6;20;27,9;26,9;20,3;19,6;67;63;63;155;11,6;6,3;
2020/08/19;1400 UTC;0;1009,2;1009,8;1009,2;3177,2;28,4;20,5;28,5;27,2;20,8;19,5;66;61;62;141;10,3;5,6;
2020/08/19;1500 UTC;0;1008,4;1009,2;1008,4;3227,8;28;20,4;28,6;27,4;21,1;19,5;66;59;63;143;12,2;6;
2020/08/19;1600 UTC;0;1007,1;1008,4;1007,1;2886,9;27,8;20,7;28,7;27,5;21,4;20,4;68;62;66;149;10,9;6,2;
2020/08/19;1700 UTC;0;1006,2;1007,2;1006,2;2480,4;27,3;20,8;28,1;27,1;21,8;20,1;71;64;68;139;11,4;6,4;
2020/08/19;1800 UTC;0;1006,1;1006,3;1006,1;2053;27,8;20,1;28,2;27,3;21,5;17,8;69;54;63;149;11,4;5,2;
2020/08/19;1900 UTC;0;1006,3;1006,3;1006,1;1014,7;26,9;20,1;28;26,9;20,1;18,5;66;57;66;140;9,7;5,4;
2020/08/19;2000 UTC;0;1006,7;1006,7;1006,3;332,2;26,1;20,5;27;26,1;20,6;20;71;66;71;142;9;5,3;
2020/08/19;2100 UTC;0;1007,5;1007,5;1006,7;33;25,7;21;26,1;25,6;21;20,5;76;71;76;142;9,2;4,6;
2020/08/19;2200 UTC;0;1008,2;1008,2;1007,5;;25,6;21;25,7;25,5;21,1;20,9;76;76;76;143;8,4;4,3;
2020/08/19;2300 UTC;0;1008,8;1008,8;1008,2;;25,5;21;25,6;25,4;21,1;20,9;77;76;76;156;8,1;4,1;
2020/08/20;0000 UTC;0;1009,3;1009,3;1008,7;;25;21,1;25,5;25;21,1;20,9;79;76;79;161;8,1;3,8;
2020/08/20;0100 UTC;0;1009,6;1009,6;1009,3;;24,4;21;25;24,4;21,1;20,9;81;79;81;178;6;2,4;
2020/08/20;0200 UTC;0;1009,6;1009,7;1009,6;;23,9;20,9;24,4;23,9;21,1;20,9;83;81;83;160;6,5;3,5;
2020/08/20;0300 UTC;0;1009;1009,6;1009;;23,7;21,1;23,9;23,6;21,1;20,8;85;83;85;167;6,5;3,6;
2020/08/20;0400 UTC;0;1008,7;1009;1008,7;;23,1;20,8;23,7;23,1;21,1;20,7;87;85;87;172;5,9;1,9;
2020/08/20;0500 UTC;0;1008;1008,7;1008;;22,8;20,7;23,1;22,8;20,9;20,7;88;87;88;171;4,6;2,4;
2020/08/20;0600 UTC;0;1008,1;1008,1;1008;;22,7;20,7;22,9;22,7;20,8;20,6;88;88;88;165;5,8;3,2;
2020/08/20;0700 UTC;0;1008,5;1008,5;1008,1;;22,5;20,6;22,7;22,5;20,7;20,6;89;88;89;165;5,5;3;
2020/08/20;0800 UTC;0;1008,6;1008,6;1008,3;;22,3;20,5;22,5;22,3;20,7;20,5;90;89;90;178;5,3;2,7;
2020/08/20;0900 UTC;0;1009,3;1009,3;1008,6;37,9;22,4;20,7;22,5;22,2;20,7;20,5;90;89;90;176;5,8;2,9;
2020/08/20;1000 UTC;0;1009,8;1009,8;1009,3;611,6;24,1;21,4;24,1;22,4;21,4;20,6;90;85;85;175;5,7;2,9;
2020/08/20;1100 UTC;0;1010,5;1010,5;1009,8;1432;25,8;21,8;25,8;24,1;22;21,3;85;78;78;183;7,1;3,6;
2020/08/20;1200 UTC;0;1010,5;1010,6;1010,5;1847,1;26,9;21,7;27,3;25,6;22,3;21,4;79;73;74;155;11,1;5;
2020/08/20;1300 UTC;0;1010,1;1010,5;1010,1;2711,4;28,3;21,8;28,4;26,7;22,7;21,5;75;68;68;148;10,8;5,3;
2020/08/20;1400 UTC;0;1009,3;1010,1;1009,3;2982,4;28,6;21,9;29;27,4;22,3;21,2;71;65;67;137;10,7;5,7;
2020/08/20;1500 UTC;0;1008,3;1009,3;1008,3;3333,9;28,2;21,9;29,2;27,8;22,5;21;70;63;69;136;10,4;6,4;
2020/08/20;1600 UTC;0;1007,4;1008,3;1007,4;3124;28,1;22,1;29;27,8;22,6;21,7;71;67;70;138;10,4;5,9;
2020/08/20;1700 UTC;0;1006,5;1007,4;1006,5;2698,7;27,8;21,5;28,6;27,4;22,4;21,5;73;68;69;128;10,3;5,8;
2020/08/20;1800 UTC;0;1006;1006,5;1006;2149,4;27,4;22,4;28,1;27,3;22,7;21,2;75;68;74;137;10;5,7;
2020/08/20;1900 UTC;0;1006,1;1006,1;1006;927,8;26,7;22,2;27,7;26,6;23;22;77;74;76;147;11,1;6,2;
2020/08/20;2000 UTC;0;1006,2;1006,3;1006,1;350,6;26,1;22,3;27,2;26,1;22,9;22,3;81;76;79;137;9,8;5,3;
2020/08/20;2100 UTC;0;1006,5;1006,5;1006,2;47,2;25,7;22,2;26,2;25,7;22,3;21,9;82;79;81;137;9,4;4,9;
2020/08/20;2200 UTC;0;1006,9;1006,9;1006,5;;25,7;22,6;25,8;25,6;22,6;22;83;80;83;141;10,3;5,6;
2020/08/20;2300 UTC;0;1007,1;1007,2;1006,8;;25,6;22,6;25,8;25,6;22,8;22,5;84;83;83;149;11;6,9;
2020/08/21;0000 UTC;0;1007,7;1007,7;1007,1;;25,4;23,1;25,8;25,4;23,1;22,6;87;83;87;158;11;5,1;
2020/08/21;0100 UTC;0;1008;1008;1007,7;;25,2;22,8;25,5;25,1;23,2;22,8;88;87;87;161;10,5;5;
2020/08/21;0200 UTC;0;1008,1;1008,2;1008;;24,3;22,7;25,2;24,3;23;22,6;91;87;91;166;9,9;3,4;
2020/08/21;0300 UTC;3,8;1007,8;1008,1;1007,8;;23,8;22,8;24,3;23,8;23;22,7;94;91;94;154;6,5;3,4;
2020/08/21;0400 UTC;1,8;1007,4;1007,8;1007,3;;23,7;23,1;24;23,6;23,3;22,8;96;94;96;166;8,4;4,1;
2020/08/21;0500 UTC;,2;1006,9;1007,4;1006,9;1,3;24,1;23,1;24,2;23,5;23,3;22,8;96;94;95;134;8,9;2,7;
2020/08/21;0600 UTC;0;1006,7;1006,9;1006,7;,9;23,8;22,5;24,5;23,8;23,3;22,4;95;91;92;145;9,6;3,8;
2020/08/21;0700 UTC;2,6;1006,9;1007;1006,7;;23,7;23;24;23,4;23;22,4;96;92;96;158;7,7;1,7;
2020/08/21;0800 UTC;3,8;1007,1;1007,1;1006,9;,1;23,3;22,7;23,8;23,1;23,1;22,5;97;96;97;165;8,3;4;
2020/08/21;0900 UTC;,6;1007,5;1007,6;1007,1;14,9;23,3;22,7;23,3;23,2;22,8;22,6;97;96;97;189;8,3;1,9;
2020/08/21;1000 UTC;0;1008,1;1008,1;1007,5;404,8;24;23,2;24;23,3;23,2;22,6;97;95;95;184;6,2;3,1;
2020/08/21;1100 UTC;0;1008,6;1008,7;1008,1;706,7;24,5;23,2;24,5;24;23,4;22,9;95;92;93;183;8,8;3;
2020/08/21;1200 UTC;0;1008,5;1008,6;1008,5;930,9;25,7;23,3;25,7;24,5;23,6;23,1;93;87;87;174;9;4,7;
2020/08/21;1300 UTC;0;1008,2;1008,6;1008,2;1717,6;27,4;23,5;27,5;25,6;24,3;22,9;88;79;79;152;11,1;5,6;
2020/08/21;1400 UTC;0;1007,8;1008,2;1007,8;2052;27,1;22,6;27,5;26;24,2;22,6;87;76;76;142;10;6,1;
2020/08/21;1500 UTC;0;1007,3;1007,8;1007,3;2840,1;27,6;22,9;28,5;27,1;23,6;22,4;78;73;76;137;10,6;6;
2020/08/21;1600 UTC;0;1006,7;1007,4;1006,7;1811,6;27,2;22,9;28;26,3;23,5;22,2;79;74;77;132;11,4;5,5;
2020/08/21;1700 UTC;0;1005,9;1006,7;1005,9;1486,6;27,1;22,7;27,7;26,9;22,9;22,2;77;74;77;140;11,3;6,3;
2020/08/21;1800 UTC;0;1006;1006,1;1005,8;1169,3;26,5;22,3;27,4;26,3;22,9;22,2;79;74;78;138;11,6;5,4;
2020/08/21;1900 UTC;0;1006,2;1006,3;1006;868,7;26,7;22,8;27,1;26,5;23,1;21,9;80;74;79;140;11,5;5,3;
2020/08/21;2000 UTC;0;1006,2;1006,3;1006,1;380,3;26,2;22;27,2;26,2;23;21,8;79;75;78;142;11,1;5,8;
2020/08/21;2100 UTC;0;1006,4;1006,5;1006,2;33,2;25,7;22,2;26,2;25,7;22,2;21,3;81;76;81;136;10,4;5,3;
2020/08/21;2200 UTC;0;1007,1;1007,1;1006,4;;25,8;22,1;25,9;25,7;22,4;22;82;80;80;136;10,8;5,4;
2020/08/21;2300 UTC;0;1007,9;1007,9;1007,1;;25,9;21,8;26;25,8;22,1;21,4;80;76;78;141;11,8;5,5;
2020/08/22;0000 UTC;0;1008,4;1008,4;1007,9;;25,7;21,8;26;25,7;21,8;21,4;79;76;79;142;10,5;5,3;
2020/08/22;0100 UTC;0;1008,4;1008,5;1008,3;;25,7;21,6;25,8;25,6;21,8;21,6;79;78;78;143;11;5,1;
2020/08/22;0200 UTC;0;1008,4;1008,4;1008,3;;25,4;21,4;25,7;25,4;21,7;21,4;79;78;79;144;10;5;
2020/08/22;0300 UTC;0;1008;1008,5;1008;;25,2;20,9;25,4;25,2;21,6;20,9;79;77;77;145;9,4;4,8;
2020/08/22;0400 UTC;0;1007,6;1008;1007,6;;24,8;21,1;25,3;24,8;21,1;20,9;80;77;80;151;8,3;3,2;
2020/08/22;0500 UTC;0;1007,3;1007,6;1007,2;;23,2;20,7;24,9;23,2;21,1;20,4;86;77;86;188;7,9;2,7;
2020/08/22;0600 UTC;0;1007,3;1007,5;1007,3;;22,4;20,8;23,2;22,3;20,8;20,7;91;86;91;179;5;2,1;
2020/08/22;0700 UTC;0;1007,4;1007,4;1007,3;;22,5;20,7;22,7;22,4;21;20,7;91;90;90;184;5,4;3;
2020/08/22;0800 UTC;0;1007,8;1007,8;1007,4;;22;20,5;22,5;21,9;20,7;20,5;92;90;92;193;5,5;2,3;
2020/08/22;0900 UTC;0;1008;1008;1007,8;32,4;22,1;20,7;22,1;21,9;20,7;20,5;92;92;92;186;5,8;2,6;
2020/08/22;1000 UTC;0;1008,3;1008,3;1007,9;576,7;23,1;21;23,1;22,1;21;20,7;92;88;88;190;7;3,3;
2020/08/22;1100 UTC;0;1008,8;1008,9;1008,3;1436;24,9;20,7;25,1;23,1;21,4;20,7;88;77;78;178;8,6;4,5;
2020/08/22;1200 UTC;0;1008,8;1008,9;1008,7;2206,2;27,2;19,7;27,4;24,9;21,2;19,6;78;63;64;164;10,1;5,1;
2020/08/22;1300 UTC;0;1008,6;1008,8;1008,6;2779,5;28,8;19,4;28,9;27,2;19,9;18,4;64;55;57;163;11,2;6,1;
2020/08/22;1400 UTC;0;1008,4;1008,6;1008,4;3198;28,5;19;28,9;28;20,8;19;63;56;56;147;12;7,1;
2020/08/22;1500 UTC;0;1007,8;1008,4;1007,7;3371,3;28,7;20,1;29,5;27,6;21,4;19,1;67;56;60;145;12;6,2;
2020/08/22;1600 UTC;0;1007,4;1007,8;1007,4;3078,6;27,6;21,8;29;27,4;22,3;20,1;72;59;70;141;12,3;7,1;
2020/08/22;1700 UTC;0;1006,8;1007,4;1006,8;2526,9;26,1;22,5;28,4;25,7;23,1;21,9;84;70;81;129;12,2;5,6;
2020/08/22;1800 UTC;0;1006,5;1006,8;1006,5;1558,5;26,6;22,9;27;26,1;23,2;22;82;77;80;130;11,5;5,3;
2020/08/22;1900 UTC;0;1006,5;1006,5;1006,3;931,7;26,6;22,2;26,9;26,3;22,9;21,7;80;75;77;138;11,1;5,8;
2020/08/22;2000 UTC;0;1007;1007;1006,4;297,4;25,9;22,1;26,6;25,9;22,1;21,5;79;75;79;135;10,9;4,3;
2020/08/22;2100 UTC;0;1007,5;1007,5;1007;28,4;24,9;22,4;25,9;24,9;22,8;22,3;87;80;86;138;13,9;5;
2020/08/22;2200 UTC;,4;1008;1008,1;1007,5;2,5;24,3;21,8;24,9;24;23;21,8;93;86;86;136;13,9;4,5;
2020/08/22;2300 UTC;0;1008,6;1008,6;1008;;24,7;21,7;24,8;24,3;22,3;21,7;88;84;84;134;11,1;3,9;
2020/08/23;0000 UTC;0;1008,9;1008,9;1008,6;;25,4;21,7;25,4;24,7;21,9;21,5;84;80;80;138;8,6;4,7;
2020/08/23;0100 UTC;0;1009,3;1009,3;1008,9;;25,6;21,7;25,6;25,4;21,9;21,6;80;79;79;135;9,4;4,1;
2020/08/23;0200 UTC;0;1009,4;1009,5;1009,3;;25,7;21,5;25,8;25,6;21,8;21,3;80;76;78;130;8,9;4,8;
2020/08/23;0300 UTC;0;1008,9;1009,4;1008,9;;25,3;21,4;25,8;25,3;21,5;21;79;76;79;133;9,1;4,6;
2020/08/23;0400 UTC;0;1008,4;1009;1008,3;;25,4;20,2;25,5;25,3;21,4;19,9;79;72;73;137;10,5;4,8;
2020/08/23;0500 UTC;0;1008,1;1008,4;1008,1;;25,1;20,3;25,4;25;20,5;19,9;76;73;75;136;9;4,5;
2020/08/23;0600 UTC;0;1007,9;1008,1;1007,8;;24,9;20,4;25,3;24,9;20,5;20;76;72;76;136;9,2;4,5;
2020/08/23;0700 UTC;0;1008,1;1008,1;1007,9;;24,8;20,2;25,1;24,7;20,6;19,7;77;73;76;140;8,5;3,4;
2020/08/23;0800 UTC;0;1008,5;1008,5;1008,1;;22,4;19,9;24,8;22,4;20,2;19,2;86;74;86;205;6,2;1,9;
2020/08/23;0900 UTC;0;1008,8;1008,8;1008,5;24,1;22,5;20,5;22,5;22,3;20,5;19,9;89;86;89;192;4,2;2,4;
2020/08/23;1000 UTC;0;1009,3;1009,3;1008,8;299,1;23,3;21;23,3;22,5;21;20,5;89;87;87;184;6,2;2,5;
2020/08/23;1100 UTC;0;1009,9;1009,9;1009,3;736,7;25,2;21,8;25,2;23,3;21,9;20,8;87;82;82;189;6,2;2,3;
2020/08/23;1200 UTC;0;1010,3;1010,4;1009,9;2190,7;27;21,4;27,7;25,2;22,2;21;82;70;72;139;10,3;4,8;
2020/08/23;1300 UTC;0;1010,4;1010,6;1010,3;2801,2;27,4;21,5;28;26,5;22,5;21;75;67;70;132;9,7;5,7;
2020/08/23;1400 UTC;0;1010,2;1010,4;1010,2;3239,8;27,9;20,7;28,6;27,2;21,7;20,4;70;64;65;129;11,6;6;
2020/08/23;1500 UTC;0;1009,3;1010,2;1009,2;3455,8;27,8;21,2;28,8;27,4;21,6;20,4;67;64;67;139;12,1;7,4;
2020/08/23;1600 UTC;0;1008,6;1009,3;1008,6;3159;28,3;20,3;28,5;27,5;21,3;19,8;68;60;62;142;12,5;6,6;
2020/08/23;1700 UTC;0;1008,1;1008,6;1008;2732,6;27,7;19,3;28,6;27,6;20,6;19,2;64;59;60;141;12;7,2;
2020/08/23;1800 UTC;0;1007,8;1008,1;1007,7;2164,3;27,4;19;28,2;27,2;20,2;19;63;60;60;131;12,3;5,9;
2020/08/23;1900 UTC;0;1007,8;1007,8;1007,6;960,7;27;19,6;27,5;26,8;19,9;18,8;65;60;64;137;11,4;6;
2020/08/23;2000 UTC;0;1008,1;1008,1;1007,8;325,3;26,3;19,1;27,1;26,2;19,8;18,9;66;62;65;138;10,9;5,1;
2020/08/23;2100 UTC;0;1008,3;1008,3;1008,1;30,9;25,6;19,7;26,3;25,5;19,8;19,1;71;65;70;136;10;4,8;
2020/08/23;2200 UTC;0;1008,8;1008,8;1008,3;;25,4;20,2;25,6;25,3;20,2;19,6;73;70;73;133;8,8;4,5;
2020/08/23;2300 UTC;0;1009,2;1009,2;1008,8;;25,2;20,7;25,4;25,2;20,7;20,2;76;73;76;132;9,6;4,2;
2020/08/24;0000 UTC;0;1009,7;1009,7;1009,2;;25,2;21,1;25,2;25,1;21,1;20,7;78;76;78;134;8,7;4,4;
2020/08/24;0100 UTC;0;1009,8;1009,8;1009,7;;25,1;21,3;25,3;25,1;21,3;21;79;77;79;138;8,7;4,5;
2020/08/24;0200 UTC;0;1009,5;1009,8;1009,5;;25,1;20,8;25,2;25;21,3;20,8;79;77;77;137;8,9;4,9;
2020/08/24;0300 UTC;0;1009,2;1009,6;1009,2;;24,8;21,2;25,1;24,8;21,2;20,8;80;77;80;142;8,9;3,9;
2020/08/24;0400 UTC;0;1008,6;1009,2;1008,6;;24,8;21;24,9;24,7;21,2;20,9;80;79;80;152;7,9;3,5;
2020/08/24;0500 UTC;0;1008,3;1008,6;1008,3;;24,3;20,6;24,8;24,3;21,1;20,6;80;79;80;171;6,7;2,7;
2020/08/24;0600 UTC;0;1008;1008,3;1008;;22,3;20,3;24,3;22,3;20,8;20,3;88;80;88;175;5,2;2,3;
2020/08/24;0700 UTC;0;1008;1008,1;1008;;22;20,2;22,4;22;20,5;20,2;89;88;89;179;6;2,9;
2020/08/24;0800 UTC;0;1008,2;1008,2;1008;;21,8;20,1;22;21,8;20,2;20,1;90;90;90;180;5,3;2,5;
2020/08/24;0900 UTC;0;1008,5;1008,5;1008,2;36;21,7;20;21,8;21,7;20,1;20;91;90;90;180;5,5;3,4;
2020/08/24;1000 UTC;0;1008,9;1008,9;1008,5;681,5;23,3;20,4;23,3;21,7;20,6;20,1;90;84;84;180;6,2;2,9;
2020/08/24;1100 UTC;0;1009,7;1009,7;1008,9;1529;25,7;21,2;25,7;23,2;21,2;20,2;84;76;76;167;6,2;3,3;
2020/08/24;1200 UTC;0;1009,8;1009,8;1009,6;2455,9;27,2;21,1;27,4;25,6;21,6;20,7;76;68;69;155;8;4,7;
2020/08/24;1300 UTC;0;1009,7;1009,8;1009,7;3028;27,6;20,3;28,1;26,7;21,1;20;70;63;64;133;8,8;4,5;
2020/08/24;1400 UTC;0;1009,2;1009,8;1009,2;3375;28,1;21,1;28,4;27,2;21,5;19,8;68;61;66;141;9,1;4,6;
2020/08/24;1500 UTC;0;1008,5;1009,2;1008,5;3481,5;28,7;21,2;28,7;27,4;21,4;19,7;68;62;64;138;9,2;4,7;
2020/08/24;1600 UTC;0;1007,5;1008,5;1007,5;3226,3;27,8;20,6;28,9;27,4;21,3;19,6;68;59;65;137;9,2;5,5;
2020/08/24;1700 UTC;0;1006,8;1007,5;1006,8;2796,8;27,5;20,9;28,4;27,3;21,7;20,3;69;63;67;124;9,4;4,9;
2020/08/24;1800 UTC;0;1006,5;1006,8;1006,4;2225,9;27;21,9;27,6;26,8;22,3;20,9;74;67;74;134;11,1;5,3;
2020/08/24;1900 UTC;0;1006,6;1006,6;1006,4;978;26,7;21,7;27,6;26,6;22,3;21,4;75;71;74;141;10,2;5,8;
2020/08/24;2000 UTC;0;1006,9;1006,9;1006,6;325,3;25,9;21,2;26,7;25,9;21,8;20,7;76;71;75;141;9,8;5,6;
2020/08/24;2100 UTC;0;1007,2;1007,2;1006,9;29,7;25,4;21,1;26;25,4;21,6;21,1;79;75;77;139;8,7;4,4;
2020/08/24;2200 UTC;0;1007,3;1007,4;1007,2;;25,2;21,3;25,4;25,1;21,3;21,1;79;77;79;138;9,2;4,6;
2020/08/24;2300 UTC;0;1007,8;1007,8;1007,3;;25,2;21,2;25,2;25;21,5;21,2;80;79;79;137;9,3;5,5;
2020/08/25;0000 UTC;0;1008,1;1008,1;1007,8;;25;21,1;25,2;25;21,2;21;79;78;79;137;10,1;5,3;
2020/08/25;0100 UTC;0;1008;1008,1;1007,9;;25;21,3;25;24,9;21,3;21,1;80;79;80;136;9,8;5,1;
2020/08/25;0200 UTC;0;1007,8;1008;1007,7;;24,9;21,2;25;24,8;21,4;21,2;81;80;80;139;9,7;5;
2020/08/25;0300 UTC;0;1007,1;1007,8;1007,1;;24,6;21,1;24,9;24,6;21,4;21;81;80;81;145;8,7;3,9;
2020/08/25;0400 UTC;0;1006,6;1007,1;1006,6;;24,5;21;24,7;24,4;21,2;21;81;81;81;159;7,6;3,3;
2020/08/25;0500 UTC;0;1006,5;1006,6;1006,5;;22;19,9;24,5;22;21;19,8;88;81;88;219;5,7;1,2;
2020/08/25;0600 UTC;0;1006,5;1006,5;1006,4;;21,4;19,8;22;21,4;20;19,8;91;88;91;204;4,3;1,8;
2020/08/25;0700 UTC;0;1006,6;1006,6;1006,4;;21;19,4;21,4;21;19,8;19,4;91;91;91;211;4,1;2,3;
2020/08/25;0800 UTC;0;1006,6;1006,7;1006,6;;20,7;19,1;21;20,7;19,4;19,1;91;91;91;200;4,1;2;
2020/08/25;0900 UTC;0;1007,1;1007,1;1006,6;35,3;21;19,2;21;20,6;19,2;19;91;89;89;185;5,1;2,4;
2020/08/25;1000 UTC;0;1007,7;1007,7;1007,1;719,3;22,5;19,7;22,5;21;19,8;19,2;89;84;84;198;7;3,3;
2020/08/25;1100 UTC;0;1008,1;1008,1;1007,7;1615;24,9;20,2;25,2;22,5;20,6;19,7;84;75;75;186;8,1;3,9;
2020/08/25;1200 UTC;0;1008,2;1008,2;1008,1;2284,6;26,2;20,3;26,7;24,8;21,1;20,2;76;69;70;174;9,5;5,1;
2020/08/25;1300 UTC;0;1008;1008,2;1007,9;3038,9;28,3;20,5;28,8;26,2;21;19,7;71;61;63;141;9,4;4,9;
2020/08/25;1400 UTC;0;1007,5;1008,1;1007,5;3424,7;28,2;20,1;28,8;27,6;21;19,7;65;60;62;135;10,5;5,5;
2020/08/25;1500 UTC;0;1006,7;1007,5;1006,7;3504,5;28,2;20,8;28,9;27,6;21,5;19,6;66;59;65;131;11,5;5,5;
2020/08/25;1600 UTC;0;1005,9;1006,8;1005,9;3260,7;27,6;21,1;29;27,4;21,4;20;68;62;68;127;10,1;5,4;
2020/08/25;1700 UTC;0;1005,4;1005,9;1005,4;2820,3;26,8;21;28,2;26,8;22,1;20,9;72;67;71;128;9,3;5,5;
2020/08/25;1800 UTC;0;1005,3;1005,4;1005,3;2259,4;27;21,5;27,6;26,8;22,2;20,9;74;69;72;137;10,1;5,7;
2020/08/25;1900 UTC;0;1005,4;1005,4;1005,3;1021,3;26,4;21,8;27,4;26,4;22,3;21,5;76;72;76;130;10,5;5,8;
2020/08/25;2000 UTC;0;1005,5;1005,5;1005,3;324,2;25,8;21,9;26,6;25,8;22,1;21,7;79;76;79;138;10,7;5,9;
2020/08/25;2100 UTC;0;1005,6;1005,6;1005,5;33,9;25,5;21,7;26;25,5;22;21,6;81;78;79;134;10,5;5,5;
2020/08/25;2200 UTC;0;1006,4;1006,4;1005,6;;25,5;21,7;25,5;25,4;21,8;21,5;81;79;80;136;10,3;5,4;
2020/08/25;2300 UTC;0;1006,9;1007;1006,3;;25,5;21,7;25,5;25,4;21,8;21,7;80;80;80;136;9,5;5,3;
2020/08/26;0000 UTC;0;1007,4;1007,4;1006,9;;25,4;21,5;25,5;25,3;21,9;21,5;81;79;79;143;10,1;4,8;
2020/08/26;0100 UTC;0;1008;1008;1007,4;;25,4;21,5;25,5;25,3;21,6;21,4;80;79;79;149;8,7;4,8;
2020/08/26;0200 UTC;0;1008,1;1008,1;1008;;25,3;21,1;25,4;25,1;21,5;21,1;79;77;77;153;8,5;4,1;
2020/08/26;0300 UTC;0;1007,7;1008,1;1007,7;;23,7;21,2;25,6;23,7;21,2;20,5;86;74;86;190;8,3;3,3;
2020/08/26;0400 UTC;0;1007,1;1007,7;1007,1;;23,6;20,5;23,8;23,6;21,3;20,5;86;83;83;173;8,1;3,8;
2020/08/26;0500 UTC;0;1006,9;1007,2;1006,9;;23,4;20,3;23,7;23,4;20,5;20,3;83;82;83;176;7,9;4,7;
2020/08/26;0600 UTC;0;1006,9;1006,9;1006,8;;23,4;20,4;23,4;23,2;20,4;20,2;83;82;83;175;9,1;3,9;
2020/08/26;0700 UTC;0;1007;1007;1006,8;;23,3;20,3;23,7;23,3;20,4;20,2;84;82;84;178;8,2;4,6;
2020/08/26;0800 UTC;0;1007,2;1007,2;1007;;23,1;20,5;23,4;23,1;20,6;20,3;85;84;85;169;8,3;4;
2020/08/26;0900 UTC;0;1007,9;1007,9;1007,2;31;22,8;20,6;23,1;22,8;20,6;20,4;87;85;87;173;7,2;3,4;
2020/08/26;1000 UTC;0;1008,5;1008,5;1007,9;696,9;23,8;21;23,9;22,8;21,3;20,6;88;84;84;176;7,7;4,3;
2020/08/26;1100 UTC;0;1009,1;1009,1;1008,5;1489,6;25,7;21,4;25,7;23,8;21,5;21;85;77;77;173;8,9;5,1;
2020/08/26;1200 UTC;0;1009,2;1009,3;1009,1;2064,5;27,5;20,6;27,7;25,6;21,6;20,5;77;66;66;151;11,5;6,4;
2020/08/26;1300 UTC;0;1009;1009,4;1009;3209,1;27,8;20,8;28,4;27,2;21,4;20,4;69;63;66;151;13,2;7,4;
2020/08/26;1400 UTC;0;1008,3;1009,1;1008,2;3489,4;27,9;21,2;28,5;27,4;21,6;20,7;69;64;67;142;13,9;7,7;
2020/08/26;1500 UTC;0;1007,3;1008,3;1007,3;3509,4;27,6;21,8;28,6;27,3;22,8;21;73;65;71;138;13,1;7,2;
2020/08/26;1600 UTC;0;1006,9;1007,4;1006,8;3233,6;27,7;22;28,3;27,4;22,6;21,6;73;69;71;141;14,2;8;
2020/08/26;1700 UTC;0;1006,4;1006,9;1006,3;2495,6;27,3;21,8;28,4;27,2;22,3;21,2;72;68;72;138;14,2;7,3;
2020/08/26;1800 UTC;0;1006,1;1006,4;1006;2090,7;27,5;21,8;28,1;27,1;22,4;20,7;73;68;71;145;13,6;7,2;
2020/08/26;1900 UTC;0;1006,1;1006,1;1005,7;1078,9;26,9;21,9;27,8;26,9;21,9;21,1;74;68;74;138;13,4;7;
2020/08/26;2000 UTC;0;1006,6;1006,6;1006,1;344,3;26,1;21,7;26,9;26,1;21,9;21,3;77;73;77;142;12,8;6,6;
2020/08/26;2100 UTC;0;1007;1007,1;1006,6;35,2;25,9;20,9;26,1;25,8;21,9;20,9;78;74;74;143;13;5,5;
2020/08/26;2200 UTC;0;1007,7;1007,7;1007;;25,7;21,1;25,9;25,7;21,3;20,9;77;74;75;143;11,4;5,9;
2020/08/26;2300 UTC;0;1008,4;1008,4;1007,7;;25,6;21;25,8;25,6;21,2;21;76;75;75;145;11,5;5,6;
2020/08/27;0000 UTC;0;1008,9;1009;1008,4;;25,6;20,8;25,7;25,6;21;20,7;76;74;75;145;11,5;6,1;
2020/08/27;0100 UTC;0;1009,2;1009,3;1008,9;;25,4;20,6;25,6;25,4;20,8;20,5;76;74;75;144;11,2;5,1;
2020/08/27;0200 UTC;0;1009,3;1009,4;1009,2;;25,5;20,3;25,6;25,4;20,6;20,3;75;73;73;147;10,1;5,5;
2020/08/27;0300 UTC;0;1008,4;1009,3;1008,4;;25,4;20;25,5;25,2;20,4;20;74;72;72;152;10,6;5,6;
2020/08/27;0400 UTC;0;1008,2;1008,4;1008,1;;25,1;19,9;25,4;25,1;20;19,7;73;71;73;163;10,6;4,3;
2020/08/27;0500 UTC;0;1008,1;1008,2;1008;;23,9;19,8;25,1;23,9;20;19,7;78;73;78;196;8;3;
2020/08/27;0600 UTC;0;1008,1;1008,2;1008,1;;23,1;19,9;23,9;23;20;19,7;83;78;83;176;5,9;2,7;
2020/08/27;0700 UTC;0;1008,3;1008,4;1008,1;;23,1;19,8;23,2;23;20;19,8;83;81;82;178;5,9;2,8;
2020/08/27;0800 UTC;0;1009;1009;1008,3;;22,4;19,4;23,1;22,4;19,7;19,4;83;82;83;185;6,5;3,2;
2020/08/27;0900 UTC;0;1009,6;1009,6;1009;28,7;22,6;19,5;22,6;22,3;19,6;19,4;84;83;83;183;6,7;3;
2020/08/27;1000 UTC;0;1010;1010;1009,6;572,6;23,9;19,8;23,9;22,6;19,9;19,5;83;78;78;178;7,2;4,2;
2020/08/27;1100 UTC;0;1010,8;1010,8;1010;1183;25,3;20,4;25,3;23,9;20,4;19,7;78;74;75;180;7,6;3,6;
2020/08/27;1200 UTC;0;1010,5;1010,8;1010,4;2215,3;27,1;20,6;27,1;25;21,1;20,1;75;67;68;154;10,9;6,2;
2020/08/27;1300 UTC;0;1010,6;1010,7;1010,4;3069,2;27,3;19,7;28,1;26,6;21;19,7;68;63;63;162;13,4;7,6;
2020/08/27;1400 UTC;0;1010;1010,6;1010;3496,4;27,9;20,1;28,4;27,1;20,6;18,8;64;58;63;156;13,1;6,7;
2020/08/27;1500 UTC;0;1009,1;1010;1009,1;3625,4;28;19,7;28,8;27,1;21,5;19,4;67;59;61;145;12,3;7,6;
2020/08/27;1600 UTC;0;1008,1;1009,1;1008,1;3173,9;27,9;19,9;28,4;27,5;20,4;19,1;64;59;62;144;14,2;7,6;
2020/08/27;1700 UTC;0;1007,7;1008,1;1007,6;2876,4;28,1;18,4;29,3;27,4;20,5;18;63;52;56;142;14;6,1;
2020/08/27;1800 UTC;0;1007,6;1007,7;1007,5;2150,5;27,6;19,8;28,6;27,1;19,8;18,2;63;54;63;143;13,6;7,1;
2020/08/27;1900 UTC;0;1007,7;1007,7;1007,5;1064,3;27;19,9;27,7;26,8;19,9;18,9;66;60;66;136;12,3;6,3;
2020/08/27;2000 UTC;0;1007,9;1008;1007,7;300;26,2;19;27;26,2;20;18,9;67;63;65;141;11,8;6,2;
2020/08/27;2100 UTC;0;1008,1;1008,3;1007,9;34,8;25,6;20,3;26,2;25,5;20,6;19;74;65;73;142;12;6,3;
2020/08/27;2200 UTC;0;1008,6;1008,6;1008;;25,4;20,4;25,6;25,4;20,6;20,1;75;72;74;145;11,5;5,6;
2020/08/27;2300 UTC;0;1009,1;1009,1;1008,6;;25,2;20,4;25,4;25,2;20,5;20,3;75;74;75;144;11,8;5,1;
2020/08/28;0000 UTC;0;1009,5;1009,5;1009,1;;25,2;20;25,3;25,2;20,4;19,9;75;73;73;141;11,1;5,7;
2020/08/28;0100 UTC;0;1009,7;1009,8;1009,5;;25,2;20;25,3;25,2;20,1;19,9;73;72;73;152;11,7;5,3;
2020/08/28;0200 UTC;0;1009,8;1009,8;1009,7;;25,1;20;25,3;25,1;20,1;19,8;74;72;74;157;11;4,6;
2020/08/28;0300 UTC;0;1009,3;1009,9;1009,3;;23,8;19,4;25,1;23,8;20,2;19,4;77;74;77;192;9,3;3;
2020/08/28;0400 UTC;0;1008,8;1009,3;1008,8;;22,7;19,3;23,8;22,7;19,4;19,2;81;77;81;185;6,4;2,8;
2020/08/28;0500 UTC;0;1008,7;1008,9;1008,6;;22,6;19,2;22,7;22,6;19,4;19,2;82;81;81;178;6;3,4;
2020/08/28;0600 UTC;0;1008,8;1008,8;1008,7;;22,2;19,2;22,6;22,2;19,2;19,1;83;81;83;181;6,5;3,2;
2020/08/28;0700 UTC;0;1009,1;1009,1;1008,8;;22;19,2;22,3;22;19,3;19,1;84;83;84;184;6,5;2,5;
2020/08/28;0800 UTC;0;1009,4;1009,4;1009,1;;21,8;19,2;22;21,8;19,3;19,1;85;84;85;188;5,6;3;
2020/08/28;0900 UTC;0;1009,9;1010;1009,4;19,3;21,8;19,2;21,8;21,6;19,2;19,1;86;85;85;190;5,9;3,2;
2020/08/28;1000 UTC;0;1010,4;1010,4;1009,9;620,7;23,3;19,8;23,4;21,8;19,9;19,2;85;81;81;188;5,9;3,3;
2020/08/28;1100 UTC;0;1010,8;1010,8;1010,4;1598,1;26,1;21,5;26,1;23,3;21,6;19,7;81;75;76;159;8,1;4,6;
2020/08/28;1200 UTC;0;1010,9;1011;1010,7;2343,8;27,3;21,9;27,6;26;22,5;21,4;76;72;72;148;9,9;5,6;
2020/08/28;1300 UTC;0;1010,9;1011;1010,9;2945,3;27,5;22,4;27,9;27;22,8;21,7;76;71;74;142;10,7;5,5;
2020/08/28;1400 UTC;0;1010,5;1010,9;1010,5;3398;28,1;22,6;28,5;27,4;22,9;21,9;74;70;72;129;9,6;5,1;
2020/08/28;1500 UTC;0;1009,3;1010,5;1009,3;3425,7;29,2;23,2;29,2;27,6;23,3;21,8;73;68;70;129;9,6;4,6;
2020/08/28;1600 UTC;0;1008,4;1009,3;1008,4;3055,7;28,6;22,4;29,3;27,9;22,9;21,8;73;67;69;143;9,5;5,2;
2020/08/28;1700 UTC;0;1007,7;1008,4;1007,7;2694,6;28,3;22,4;28,8;27,7;22,9;21,7;72;68;71;143;10,5;5,8;
2020/08/28;1800 UTC;0;1007,4;1007,7;1007,3;2169,5;27,8;22,5;28,5;27,6;22,9;22,1;73;70;73;138;10;5,5;
2020/08/28;1900 UTC;0;1007,7;1007,7;1007,3;1042,4;27,6;22,2;28,2;27,2;22,8;22,1;75;72;73;142;9,7;4,6;
2020/08/28;2000 UTC;0;1007,8;1007,8;1007,5;292;26,6;22,3;27,6;26,6;22,6;22;78;72;77;153;9,2;5,2;
2020/08/28;2100 UTC;0;1008,3;1008,3;1007,8;30,8;26;22,5;26,6;26;22,6;22,4;81;77;81;158;9,3;4,5;
2020/08/28;2200 UTC;0;1008,8;1008,8;1008,3;;25,9;22,6;26,1;25,9;22,6;22,4;82;81;82;157;8,1;4,1;
2020/08/28;2300 UTC;0;1009,1;1009,2;1008,8;;25,8;22,7;25,9;25,7;22,7;22,6;83;82;83;162;8,3;3,9;
2020/08/29;0000 UTC;0;1009,3;1009,3;1009,1;;25,5;22,7;25,8;25,5;22,7;22,6;85;83;85;167;7,7;3,7;
2020/08/29;0100 UTC;0;1009,7;1009,7;1009,3;;25,5;22,7;25,6;25,4;22,8;22,6;85;84;85;164;6,4;3,8;
2020/08/29;0200 UTC;0;1009,2;1009,7;1009,2;;25,2;22,7;25,6;25,2;22,7;22,6;86;84;86;167;6,6;3,5;
2020/08/29;0300 UTC;0;1008,5;1009,2;1008,4;;24,7;22,6;25,2;24,7;22,7;22,6;88;86;88;176;7,7;3,5;
2020/08/29;0400 UTC;0;1008;1008,5;1008;;24,5;22,6;24,7;24,4;22,6;22,5;89;88;89;169;7,7;3,2;
2020/08/29;0500 UTC;0;1007,7;1008;1007,7;;24,4;22,6;24,5;24,4;22,6;22,5;90;89;90;174;6,1;3;
2020/08/29;0600 UTC;0;1007,7;1007,8;1007,7;;24,1;22,4;24,4;24,1;22,5;22,3;91;90;91;166;5,6;2,9;
2020/08/29;0700 UTC;0;1008;1008;1007,6;;24;22,4;24,2;24;22,6;22,4;91;90;91;176;5,7;2,6;
2020/08/29;0800 UTC;0;1008,4;1008,4;1008;;25,7;23,2;25,7;23,9;23,4;22,4;92;86;86;136;8,8;4,5;
2020/08/29;0900 UTC;0;1009,2;1009,2;1008,4;26,8;25,9;22,5;26;25,7;23,2;22,3;86;81;82;120;10,6;5,5;
2020/08/29;1000 UTC;0;1009,5;1009,5;1009,1;506,8;26,6;22,4;26,7;25,9;23;21,9;82;78;78;129;10,9;5,4;
2020/08/29;1100 UTC;0;1009,6;1009,7;1009,5;1440,1;26,9;22,4;27,2;26,6;23;22,2;79;76;77;122;9,8;5,4;
2020/08/29;1200 UTC;0;1010;1010,2;1009,6;2051,3;28,1;22,8;28,1;26,8;23,1;22,3;78;73;73;121;9,8;5,7;
2020/08/29;1300 UTC;0;1010;1010;1009,9;2610,1;27,2;22,6;28,4;27;23,3;21,9;76;72;76;122;13;5,6;
2020/08/29;1400 UTC;0;1009,2;1010;1009,2;3352,5;28,4;22,7;28,7;27,1;23,4;22,1;77;71;71;134;11,3;5,4;
2020/08/29;1500 UTC;0;1008,6;1009,2;1008,5;3195,8;28,1;22,4;28,7;27,4;23,6;21,7;75;69;71;143;11,8;5,3;
2020/08/29;1600 UTC;0;1007,9;1008,6;1007,9;3093,6;28,1;22,9;28,6;27,8;23,3;22,4;75;71;73;135;12,9;6,2;
2020/08/29;1700 UTC;0;1007,4;1008;1007,4;2259,6;28,2;23;29,2;26,9;23,6;22,4;78;69;73;138;10,4;5,5;
2020/08/29;1800 UTC;0;1007,2;1007,4;1007,2;1939,5;27,9;22,6;28,4;27,7;23,4;21,5;76;68;73;137;13,1;6;
2020/08/29;1900 UTC;0;1007;1007,2;1006,9;769,9;27,1;22,1;27,9;27;22,9;21,8;75;72;74;139;10,7;5,4;
2020/08/29;2000 UTC;0;1007,1;1007,2;1007;237,5;26,6;22;27,2;26,6;22,3;21,9;76;74;76;141;11;5,8;
2020/08/29;2100 UTC;0;1007,6;1007,6;1007,1;35,4;26,4;22,1;26,6;26,4;22,1;21,8;77;76;77;140;10,7;4,8;
2020/08/29;2200 UTC;0;1008,1;1008,1;1007,6;;26,3;21,4;26,5;26,3;22,1;21,2;77;74;75;141;10,1;5,4;
2020/08/29;2300 UTC;0;1008,3;1008,3;1008,1;;26,4;22,1;26,4;26,3;22,1;21,5;78;75;78;149;9,7;4,4;
2020/08/30;0000 UTC;0;1008,7;1008,7;1008,3;;26;22,4;26,4;26;22,8;22;82;77;80;143;9,5;5,1;
2020/08/30;0100 UTC;0;1009;1009;1008,7;;25,8;22;26,1;25,8;22,3;21,4;80;75;79;143;11;5,3;
2020/08/30;0200 UTC;0;1008,7;1009,1;1008,7;;25,7;21,2;25,9;25,7;22,1;20,8;81;74;76;149;11;4,9;
2020/08/30;0300 UTC;0;1008,2;1008,7;1008,2;;25,1;22,1;26;24,8;22,4;20,9;86;74;84;146;13,6;4,9;
2020/08/30;0400 UTC;,4;1007,8;1008,2;1007,8;;23,6;22,2;25,3;23,4;22,2;21,6;92;81;91;149;12,8;3,8;
2020/08/30;0500 UTC;0;1007,5;1007,8;1007,5;,1;24,9;22,3;24,9;23,6;22,6;22,2;92;85;85;147;9,1;4,9;
2020/08/30;0600 UTC;,2;1007,6;1007,7;1007,5;;24,8;21,9;24,9;24,2;22,6;21,9;89;84;84;142;10,1;4,8;
2020/08/30;0700 UTC;0;1007,6;1007,7;1007,5;;24,9;22,1;25,1;24,8;22,1;21,6;84;82;84;146;10,6;4,3;
2020/08/30;0800 UTC;0;1007,9;1007,9;1007,5;;25,2;22;25,2;24,8;22,3;21,8;86;82;82;141;10,1;4,9;
2020/08/30;0900 UTC;0;1008,5;1008,5;1007,9;19,7;25,2;22,4;25,2;24,5;22,6;21,6;87;82;85;155;10,1;4,5;
2020/08/30;1000 UTC;1,8;1009,1;1009,2;1008,5;316,5;24,1;21,9;25,9;23,6;22,3;20,8;87;80;87;143;11,6;5,8;
2020/08/30;1100 UTC;,8;1010;1010,1;1009,1;925,9;23,8;22;25,8;23,8;23,1;21,6;89;83;89;119;11,6;5,1;
2020/08/30;1200 UTC;,2;1010,4;1010,4;1010;1495,6;26,9;22,5;27;23,6;23,6;21,9;93;76;77;133;10,7;5,3;
2020/08/30;1300 UTC;0;1010,2;1010,5;1010,2;3000,8;27,6;22,4;27,7;26,7;22,8;21,8;77;72;73;132;11,2;5,9;
2020/08/30;1400 UTC;0;1009,8;1010,2;1009,8;3475,6;28,3;22,3;28,5;27,4;23;21,5;74;68;70;135;11,8;6,8;
2020/08/30;1500 UTC;0;1008,9;1009,8;1008,9;3256,7;28;21,6;28,7;27,4;22,6;21,3;72;67;68;137;12,6;6,8;
2020/08/30;1600 UTC;0;1008;1008,9;1008;3280,1;28,2;22;28,5;27,6;22,4;21,2;71;66;69;138;13,3;6,7;
2020/08/30;1700 UTC;0;1007,5;1008;1007,5;2750,7;27,7;20,7;28,8;27,6;22,2;19,7;69;60;66;153;13,5;7,9;
2020/08/30;1800 UTC;0;1007,2;1007,5;1007,2;2261,3;27,6;20,8;28,4;27,4;21;19,2;66;59;66;144;13,5;7;
2020/08/30;1900 UTC;0;1007,5;1007,5;1007,2;1143,8;26,9;20,7;27,8;26,9;21,1;20,2;69;64;69;149;12,3;7,6;
2020/08/30;2000 UTC;0;1007,6;1007,6;1007,4;282,9;26,4;20,7;27,3;26,4;21,2;20,4;71;68;71;149;12,3;5,9;
2020/08/30;2100 UTC;0;1008,1;1008,1;1007,6;31,8;26,1;21;26,4;26;21;20,6;74;71;74;154;10,3;4,2;
2020/08/30;2200 UTC;0;1008,5;1008,5;1008,1;;25,9;21;26,2;25,9;21,1;20,9;75;74;75;159;8,9;4,2;
2020/08/30;2300 UTC;,4;1009;1009,1;1008,4;;24;22,2;25,9;23,9;22,2;20,9;90;75;90;159;7,8;3,2;
2020/08/31;0000 UTC;,6;1009,2;1009,3;1009;;24;22,4;24,3;23,8;22,7;22,1;92;89;91;168;8;3;
2020/08/31;0100 UTC;1,8;1009,6;1009,6;1009,2;;23,1;21,9;24,4;23;22,5;21,4;93;87;93;149;7,1;3,7;
2020/08/31;0200 UTC;,4;1009,1;1009,6;1009,1;;23,4;22,1;23,4;23;22,1;21,8;94;93;93;174;7,7;3,9;
2020/08/31;0300 UTC;0;1008,6;1009,1;1008,6;;23,5;21,9;23,5;23,4;22,1;21,8;93;91;91;177;7,2;3,2;
2020/08/31;0400 UTC;0;1007,7;1008,6;1007,7;,1;23,4;21,5;23,5;23,3;21,9;21,5;91;89;89;178;6,3;3,2;
2020/08/31;0500 UTC;0;1007,7;1007,8;1007,6;;23,2;21,4;23,4;23,2;21,5;21,3;89;89;89;183;6,9;3;
2020/08/31;0600 UTC;0;1007,6;1007,7;1007,5;;23;21,2;23,3;23;21,4;21,2;89;89;89;179;7,1;3;
2020/08/31;0700 UTC;0;1007,7;1007,7;1007,6;;22,7;21,1;23;22,6;21,2;21;91;89;91;185;6,5;3,3;
2020/08/31;0800 UTC;0;1008,2;1008,2;1007,7;;22,4;21,1;22,7;22,4;21,1;21,1;93;91;93;188;6,6;3,1;
2020/08/31;0900 UTC;0;1008,6;1008,6;1008,2;23,9;22,2;21,2;22,4;22,1;21,2;21;94;93;94;186;6,4;2,7;
2020/08/31;1000 UTC;0;1009,3;1009,3;1008,6;540,7;23,7;22,2;23,7;22,2;22,2;21,2;94;91;91;183;6,5;3,7;
2020/08/31;1100 UTC;0;1009,9;1009,9;1009,3;1188,9;25,6;22,7;25,6;23,7;22,8;21,9;91;84;84;165;7,8;5,1;
2020/08/31;1200 UTC;0;1010,1;1010,1;1009,9;2207,2;27;21,8;27,6;25,6;23,3;21,5;84;72;73;156;12;6,8;
2020/08/31;1300 UTC;0;1010,3;1010,4;1010;2831,3;27,6;21,8;28;26,9;22,4;21,4;74;70;71;140;12,5;7,1;
2020/08/31;1400 UTC;0;1009,8;1010,3;1009,8;3473,4;28,3;21,7;28,6;27,4;22,2;21,1;71;66;67;153;13,8;6,9;
2020/08/31;1500 UTC;0;1009;1009,8;1009;3600,5;28,5;20,7;29;27,8;21,8;19,7;68;60;63;156;14,2;7,5;
2020/08/31;1600 UTC;0;1008,4;1009;1008,4;2905,5;27,7;20,9;28,9;27,6;21,5;20;66;61;66;151;15;8;
2020/08/31;1700 UTC;0;1008;1008,5;1007,9;2176,2;27,7;21,2;28,5;27,4;22;20,8;70;66;68;153;13,7;8,1;
2020/08/31;1800 UTC;0;1007,9;1008,1;1007,8;1467,8;26,7;21,9;28,3;25,6;22,3;20,6;79;66;75;148;13,7;6;
2020/08/31;1900 UTC;0;1008,2;1008,2;1007,8;1018,5;26,7;21,6;27,2;26,1;22,2;21,3;77;71;74;152;13,2;6,5;
2020/08/31;2000 UTC;,6;1008,7;1008,7;1008,2;281,4;24,5;22,2;26,8;24,2;22,6;21,1;90;74;87;160;13,5;6;
2020/08/31;2100 UTC;0;1008,9;1008,9;1008,7;45,2;24,9;21,9;25,2;24,5;22,5;21,7;87;82;83;162;10;5,5;
2020/08/31;2200 UTC;,8;1009,3;1009,3;1008,9;;23,9;22,3;24,9;23,7;22,3;21,5;91;83;91;162;10,8;4,5;
2020/08/31;2300 UTC;,8;1010,2;1010,2;1009,3;,1;23,4;21,8;24;23,4;22,3;21,8;91;89;91;173;9,2;4;
2020/09/01;0000 UTC;,2;1010,4;1010,4;1010,2;;23,4;22,2;23,5;23,1;22,3;21,7;93;91;93;169;8,5;3,9;
2020/09/01;0100 UTC;3,4;1010,7;1010,7;1010,4;;23,1;22,3;23,5;23;22,4;22;95;93;95;159;7,4;3,4;
2020/09/01;0200 UTC;2,2;1010,4;1010,7;1010,4;;22,6;21,9;23,3;22,6;22,5;21,9;96;95;96;162;10,5;4,1;
2020/09/01;0300 UTC;2,6;1009,8;1010,4;1009,8;;22,9;22,3;22,9;22,6;22,3;21,9;96;96;96;169;10,5;4,7;
2020/09/01;0400 UTC;1,2;1009,5;1009,9;1009,4;2,5;22,5;21,7;23;22,5;22,3;21,7;96;95;96;144;9,5;3,1;
2020/09/01;0500 UTC;1;1008,7;1009,5;1008,7;;22,8;22;22,8;21,9;22,1;21,2;96;95;96;177;7,4;4,1;
2020/09/01;0600 UTC;,2;1008,5;1008,7;1008,4;1,3;22,5;21,8;22,8;22,4;22,1;21,6;96;95;96;188;7,4;3,1;
2020/09/01;0700 UTC;1,2;1008,5;1008,5;1008,3;,6;22,8;22,1;22,8;22,5;22,1;21,8;96;96;96;166;7,7;4,5;
2020/09/01;0800 UTC;0;1008,7;1008,7;1008,5;3;23,8;22;23,8;22,8;22,6;21,9;96;90;90;147;8,5;4,9;
2020/09/01;0900 UTC;0;1009,2;1009,2;1008,7;21,2;23,2;22;23,8;23;22,1;21,6;93;89;93;150;9,3;4,5;
2020/09/01;1000 UTC;2,4;1009,7;1009,7;1009,2;179;22,4;21,5;23,2;21,8;21,9;20,9;95;92;95;176;9,7;4,1;
2020/09/01;1100 UTC;0;1010,1;1010,1;1009,7;1370,9;24,7;21,3;24,7;22,4;22;21,3;95;81;81;173;9;4,2;
2020/09/01;1200 UTC;1;1010,6;1010,7;1010;1154,6;24,5;23,1;25,4;23,3;23,1;21;92;78;92;142;8,8;2,5;
2020/09/01;1300 UTC;0;1010,6;1010,7;1010,5;2318,2;27,1;21,6;27,5;24,5;23,6;21,6;92;72;72;150;10,2;5,5;
2020/09/01;1400 UTC;,2;1009,9;1010,7;1009,8;2782,5;27,8;21,4;28,1;26,2;22,7;21;75;68;68;148;12;7,3;
2020/09/01;1500 UTC;0;1008,8;1009,9;1008,8;3341,7;27,4;22,2;28,3;27;22,5;20,5;74;66;73;145;13;6,5;
2020/09/01;1600 UTC;0;1007,9;1008,8;1007,8;2932,1;27,5;21,4;28,4;26,9;23,1;21,1;75;68;70;146;13,6;7;
2020/09/01;1700 UTC;0;1007,4;1007,9;1007,3;2511,3;26,9;21,7;28,2;26,9;22,4;21;73;67;73;141;12,3;6,6;
2020/09/01;1800 UTC;0;1007,3;1007,4;1007,2;1796,4;27;20,6;28,1;26,9;21,9;20,6;73;67;68;144;12,2;6,9;
2020/09/01;1900 UTC;0;1007,2;1007,3;1007,1;1114,3;27,3;20,6;27,6;27;21,5;20,1;71;66;67;148;11,8;5,6;
2020/09/01;2000 UTC;0;1007,4;1007,4;1007,1;397,3;26,4;21,3;27,4;26,3;21,3;20,5;73;67;73;150;12,5;5,6;
2020/09/01;2100 UTC;0;1008;1008;1007,3;47,4;25,7;20,6;26,4;25,7;21,3;20,6;74;72;74;149;11,8;4,5;
2020/09/01;2200 UTC;0;1008,4;1008,4;1008;;25,5;20,4;25,7;25,5;20,6;20;74;71;74;141;9,7;5,1;
2020/09/01;2300 UTC;0;1009;1009;1008,4;;25,5;20,9;25,6;25,3;20,9;20,4;76;73;76;145;9,7;4,6;
2020/09/02;0000 UTC;0;1009,9;1009,9;1009;;24,9;20,6;25,6;24,9;20,8;20,3;77;72;77;141;10,5;5,1;
2020/09/02;0100 UTC;0;1010,2;1010,2;1009,9;;24,3;21,6;25,3;24,3;21,6;20,6;85;77;85;179;10,5;3,1;
2020/09/02;0200 UTC;0;1010;1010,3;1010;;23,4;21,3;24,3;23,4;21,6;21,3;88;85;88;177;5,2;2,4;
2020/09/02;0300 UTC;0;1009,2;1010;1009,2;;23,1;21,2;23,4;23;21,3;21,1;89;88;89;176;4,6;2,1;
2020/09/02;0400 UTC;0;1008,6;1009,2;1008,6;;22,7;21;23,1;22,7;21,2;21;90;89;90;189;4,8;2,7;
2020/09/02;0500 UTC;0;1008,4;1008,6;1008,4;;22,3;21;22,7;22,2;21;20,9;92;90;92;189;5;2,5;
2020/09/02;0600 UTC;0;1008,3;1008,4;1008,2;;22,1;20,9;22,3;22;21;20,8;93;92;93;187;5,3;2,9;
2020/09/02;0700 UTC;0;1008,4;1008,5;1008,3;;21,9;20,9;22,1;21,9;21;20,8;94;93;94;182;4,5;2,1;
2020/09/02;0800 UTC;0;1008,4;1008,5;1008,3;;21,9;20,9;22,1;21,9;21;20,9;94;94;94;171;3,9;2,3;
2020/09/02;0900 UTC;0;1008,9;1008,9;1008,4;34,2;22;21;22;21,8;21;20,8;94;94;94;189;4,1;2,3;
2020/09/02;1000 UTC;0;1009,3;1009,3;1008,9;652,2;23,9;21,7;23,9;22;21,8;21;94;88;88;183;5,6;3;
2020/09/02;1100 UTC;0;1009,8;1009,8;1009,3;1673,5;25,8;21,8;25,8;23,8;21,9;21,2;88;78;78;175;7,8;4,1;
2020/09/02;1200 UTC;0;1010;1010,1;1009,8;2299,6;27,2;21,2;27,3;25,6;22,2;21,1;79;70;70;167;9,5;4,9;
2020/09/02;1300 UTC;0;1010;1010,1;1009,9;3180,7;27,8;20,6;28,2;27;21,8;20,4;71;64;65;146;12,4;6,7;
2020/09/02;1400 UTC;0;1009,8;1010;1009,7;3259;27,2;21,6;28,6;26,9;23;20,6;76;65;71;136;12,4;6;
2020/09/02;1500 UTC;0;1008,9;1009,8;1008,9;3058,3;27,5;22,4;27,9;26,6;23,1;21,5;77;71;74;130;10,9;6,4;
2020/09/02;1600 UTC;0;1007,7;1008,9;1007,7;3366;27,7;22,4;28,4;27,1;23,2;21,9;75;70;73;140;12,3;6,2;
2020/09/02;1700 UTC;0;1007,2;1007,7;1007,1;2902,6;27,8;22,2;28;27,2;22,9;21,4;76;70;72;134;12,1;5,9;
2020/09/02;1800 UTC;0;1007;1007,2;1007;2225,9;26,8;22,2;28,3;26,8;22,6;21,5;76;69;76;131;10,9;5,5;
2020/09/02;1900 UTC;0;1006,9;1007,2;1006,8;830,8;26,3;21,8;26,9;26,1;22,3;21,5;77;75;76;136;9,9;5,7;
2020/09/02;2000 UTC;0;1007;1007,1;1006,8;185,4;25,9;21;26,3;25,9;21,9;20,3;77;70;74;141;10,7;6,1;
2020/09/02;2100 UTC;0;1007,2;1007,3;1007;23,2;25,7;20,6;26;25,6;21,3;20,4;77;73;73;151;10,5;5,5;
2020/09/02;2200 UTC;0;1007,8;1007,8;1007,2;;25,4;21,3;25,7;25,4;21,3;20,4;78;73;78;149;11;4,8;
2020/09/02;2300 UTC;0;1008,5;1008,5;1007,8;;25,2;21,3;25,5;25,2;21,4;21,2;79;78;79;156;10,4;4,7;
2020/09/03;0000 UTC;0;1009,1;1009,1;1008,5;;25,2;21,1;25,3;25,1;21,3;20,9;79;77;78;156;9,5;5,5;
2020/09/03;0100 UTC;0;1009,6;1009,6;1009,1;;24,2;21,2;25,2;24,2;21,4;21,1;84;78;83;168;9,5;3,7;
2020/09/03;0200 UTC;0;1009,6;1009,7;1009,6;;23,6;20,6;24,2;23,6;21,2;20,6;83;82;83;174;8,5;4,2;
2020/09/03;0300 UTC;0;1009,2;1009,6;1009,2;;22,9;20,6;23,5;22,9;20,6;20,5;87;84;87;181;6,5;3,1;
2020/09/03;0400 UTC;0;1008,6;1009,2;1008,6;;22,5;20,5;22,9;22,5;20,6;20,5;89;87;89;191;6,4;3,1;
2020/09/03;0500 UTC;0;1008,1;1008,6;1008;;22,3;20,6;22,5;22,3;20,6;20,5;90;89;90;182;6,5;2,9;
2020/09/03;0600 UTC;0;1007,8;1008,1;1007,8;;22;20,1;22,3;22;20,6;20,1;90;89;89;185;6,5;2,6;
2020/09/03;0700 UTC;0;1007,9;1007,9;1007,7;;21,6;19,8;22;21,6;20,1;19,8;89;89;89;191;6,9;3,4;
2020/09/03;0800 UTC;0;1007,7;1007,9;1007,7;;21,4;19,8;21,6;21,3;19,8;19,7;91;89;91;191;6,9;3,4;
2020/09/03;0900 UTC;0;1008,2;1008,2;1007,7;53,5;21,7;20;21,7;21,3;20;19,8;91;90;90;188;6;2,8;
2020/09/03;1000 UTC;0;1009;1009;1008,2;818,2;23,6;20,5;23,6;21,7;20,5;20;90;83;83;189;5,8;3,2;
2020/09/03;1100 UTC;0;1009,3;1009,3;1009;1711,5;25,4;20,7;25,7;23,6;21,3;20,4;83;75;75;184;7,5;3,6;
2020/09/03;1200 UTC;0;1009,6;1009,7;1009,3;2310,3;27;21;27;25,4;21,4;20,5;76;69;70;143;10,5;6,3;
2020/09/03;1300 UTC;0;1009,6;1009,9;1009,5;2966,2;27,7;20,4;28;26,6;21,6;20,3;70;63;64;156;12,3;6,3;
2020/09/03;1400 UTC;0;1009,3;1009,6;1009,3;3537,4;27,7;21,1;28,5;27,3;21,3;20,1;68;63;68;139;11,1;6,2;
2020/09/03;1500 UTC;0;1008,4;1009,3;1008,4;3472;27,9;21,5;28,3;27,3;22;21;71;67;68;136;11,4;5,6;
2020/09/03;1600 UTC;0;1007,6;1008,4;1007,5;3351,6;27,3;21,8;28,4;27,2;23,1;20,9;74;67;72;136;12;6;
2020/09/03;1700 UTC;0;1007;1007,6;1007;2753,5;27,7;21,9;28,4;27,1;22,7;21,5;75;70;71;130;11,2;5,7;
2020/09/03;1800 UTC;0;1007;1007,1;1006,9;2005,3;27,6;22,4;27,8;26,7;22,6;21,4;75;71;73;132;12,5;6,3;
2020/09/03;1900 UTC;0;1006,8;1007;1006,8;801,1;26,5;21;27,7;26,4;22,4;20,9;73;71;72;140;11,7;7;
2020/09/03;2000 UTC;0;1007,2;1007,2;1006,8;427,2;26;20,6;27,1;26;21,3;20,5;73;70;72;141;11,9;6,5;
2020/09/03;2100 UTC;0;1007,5;1007,5;1007,1;40,1;25,9;20,5;26,1;25,8;21,1;20,4;75;72;72;142;12;6,3;
2020/09/03;2200 UTC;0;1008,1;1008,2;1007,5;;25,6;19,6;25,9;25,6;20,5;19,6;72;69;69;143;12;6,2;
2020/09/03;2300 UTC;0;1008,8;1008,8;1008,1;;25,5;20,1;25,7;25,4;20,3;19,6;73;69;72;149;12,5;5,1;
2020/09/04;0000 UTC;0;1009,8;1009,8;1008,8;;25,6;20,5;25,6;25,5;20,5;19,8;74;71;74;146;9,7;4,7;
2020/09/04;0100 UTC;0;1010,2;1010,3;1009,7;;25,6;20,5;25,7;25,5;20,8;20,4;75;73;74;148;10,3;4,8;
2020/09/04;0200 UTC;0;1009,7;1010,2;1009,7;;25,2;20,7;25,6;25,2;21;20,4;76;74;76;167;10,1;3,7;
2020/09/04;0300 UTC;0;1009,1;1009,7;1009,1;;23,4;21,1;25,3;23,4;21,1;20,4;87;76;87;174;8;2,9;
2020/09/04;0400 UTC;0;1008,7;1009,1;1008,7;;22,9;20,9;23,6;22,8;21,3;20,7;89;86;89;178;6,4;2,8;
2020/09/04;0500 UTC;0;1008,4;1008,7;1008,4;;22,5;21,1;22,9;22,5;21,2;20,9;92;89;92;181;6,4;2,4;
2020/09/04;0600 UTC;0;1008,4;1008,5;1008,3;;22,1;20,9;22,5;22;21,1;20,7;93;92;93;207;5,3;1,9;
2020/09/04;0700 UTC;,4;1008,5;1008,6;1008,3;;22;21;22,1;21,9;21;20,8;94;93;94;187;5,5;2,6;
2020/09/04;0800 UTC;0;1008,9;1008,9;1008,5;;22,2;21,3;22,2;22;21,4;21;95;94;95;219;5;1,4;
2020/09/04;0900 UTC;,4;1009,5;1009,5;1008,9;25;22,3;21,6;22,3;22;21,6;21,2;96;95;96;175;3,7;1,5;
2020/09/04;1000 UTC;,2;1010,1;1010,1;1009,5;185,5;22,9;22,1;22,9;22,3;22,2;21,6;96;95;96;173;5,7;3;
2020/09/04;1100 UTC;,4;1010,9;1010,9;1010,1;602,6;24,4;22,3;25,2;22,8;23,6;21,8;96;85;88;172;8,4;3,3;
2020/09/04;1200 UTC;0;1011,3;1011,3;1010,8;1537,3;26,8;21,9;27;24,4;23,1;21,7;89;74;75;130;10,4;5,5;
2020/09/04;1300 UTC;0;1011,2;1011,3;1011,1;2782;27,5;21,7;28,1;26,8;22,8;21,3;76;71;71;133;11,7;6;
2020/09/04;1400 UTC;0;1010,9;1011,2;1010,8;3103,9;27,7;21,9;28,4;27,1;22,4;21,6;74;69;71;133;11,7;6,6;
2020/09/04;1500 UTC;0;1010,3;1011;1010,3;2767;28,1;21,2;28,4;26,6;22,4;19,7;73;63;66;134;12;5,2;
2020/09/04;1600 UTC;0;1009,8;1010,3;1009,8;2844,6;27,2;21,4;28,2;26,4;22,4;21,3;76;66;71;135;13,1;5,9;
2020/09/04;1700 UTC;,4;1009,4;1009,8;1009,4;2098,5;24,2;22,6;27,5;24;22,9;21,4;91;71;91;126;10,1;5,6;
2020/09/04;1800 UTC;0;1009,1;1009,4;1009,1;1662,9;24,6;22,2;25,9;24,1;23;21,7;91;79;87;128;11,2;6,2;
2020/09/04;1900 UTC;0;1009;1009,2;1009;1105,9;24,7;22,2;25,2;24;22,6;21,6;89;82;86;128;11,9;6;
2020/09/04;2000 UTC;0;1009;1009,1;1008,9;291,1;25,4;22;25,4;24,5;22,4;21,9;87;82;82;141;10,7;4,4;
2020/09/04;2100 UTC;0;1009,6;1009,6;1009;39,3;25,5;20,8;25,9;25;22,3;20,8;84;74;75;144;9,8;4,3;
2020/09/04;2200 UTC;0;1010,2;1010,2;1009,6;;25,6;20,5;25,7;25,4;21,1;20,5;76;74;74;151;10,4;4,6;
2020/09/04;2300 UTC;0;1010,6;1010,6;1010,2;;25,1;20,8;25,6;25,1;20,9;20,4;77;74;77;164;10,3;4,6;
2020/09/05;0000 UTC;0;1011,2;1011,3;1010,6;;24,6;20,6;25,2;24,6;20,8;20,5;78;76;78;164;7,6;4,1;
2020/09/05;0100 UTC;0;1011,6;1011,7;1011,2;;24,1;20,6;24,6;24;20,6;20,5;81;78;81;168;7,8;3,5;
2020/09/05;0200 UTC;0;1011,6;1011,7;1011,6;;23,6;20,5;24,1;23,6;20,7;20,5;83;81;83;175;8,1;3,4;
2020/09/05;0300 UTC;0;1011,1;1011,6;1011,1;;23,4;20,2;23,7;23,1;20,7;20,2;85;82;83;195;9;3,2;
2020/09/05;0400 UTC;0;1010,5;1011,1;1010,5;;22,8;20,3;23,4;22,8;20,3;20;86;82;86;186;9;4;
2020/09/05;0500 UTC;0;1010;1010,5;1010;;22,1;20,2;22,8;22,1;20,5;20,2;89;86;89;201;7,5;2,9;
2020/09/05;0600 UTC;0;1009,7;1010,1;1009,6;;22;20;22,3;22;20,3;20;89;88;88;207;6,9;2,4;
2020/09/05;0700 UTC;0;1009,6;1009,7;1009,6;;22,3;20,1;22,3;22;20,2;20;89;87;88;183;6,6;3,1;
2020/09/05;0800 UTC;0;1010;1010;1009,4;;22,3;19,6;22,5;22,3;20,1;19,5;87;85;85;193;7,6;2,6;
2020/09/05;0900 UTC;0;1010,4;1010,5;1010;64,2;22,1;20,4;22,3;21,7;20,4;19,6;90;85;90;216;10;3;
2020/09/05;1000 UTC;0;1011;1011,1;1010,4;795,2;23,2;20,3;23,2;22,1;20,6;20,1;90;83;83;193;8,1;4,6;
2020/09/05;1100 UTC;0;1011,4;1011,4;1011;1302,1;24,6;20,5;24,8;23,2;20,9;20;83;77;78;192;8,6;4;
2020/09/05;1200 UTC;0;1011,5;1011,5;1011,3;2315,2;26,6;20,1;26,9;24,7;21,3;20;78;67;67;158;9,5;5,3;
2020/09/05;1300 UTC;0;1011,5;1011,6;1011,4;2239,3;26,3;21,1;27,4;26,3;21,3;19,4;73;63;73;148;13,4;7,2;
2020/09/05;1400 UTC;0;1010,9;1011,6;1010,8;3196,2;28,2;20,2;28,2;24,9;22,6;19,4;83;61;62;151;12,8;7,2;
2020/09/05;1500 UTC;0;1010,3;1010,9;1010,3;3658,2;28;19,4;28,6;27,3;20,9;19,2;65;59;59;156;13,5;7,8;
2020/09/05;1600 UTC;0;1009,1;1010,3;1009,1;3386,4;27,9;18,8;29;27,6;19,4;18,1;59;54;57;150;15,4;8,6;
2020/09/05;1700 UTC;0;1008,3;1009,1;1008,2;2927,1;28,1;20,2;28,5;27,6;20,2;18,4;62;56;62;150;15,2;8,1;
2020/09/05;1800 UTC;0;1008,1;1008,3;1008;2310,9;27,3;19,2;28,6;27,3;20,7;18,7;64;58;61;151;15;8,1;
2020/09/05;1900 UTC;0;1008,2;1008,2;1008;1224,6;26,6;20,4;27,8;26,3;21,2;18,9;71;60;69;154;14,9;7,3;
2020/09/05;2000 UTC;0;1008,7;1008,7;1008;400,9;25,1;21;26,7;25,1;21,1;19,4;78;66;78;142;15,5;6,8;
2020/09/05;2100 UTC;0;1009;1009;1008,6;35,1;25,1;19,8;25,6;25,1;21,2;19,2;78;69;72;162;13,3;6,5;
2020/09/05;2200 UTC;0;1009,5;1009,5;1009;;24,6;19,3;25,1;24,6;19,9;19,2;74;71;72;166;11,4;4,7;
2020/09/05;2300 UTC;0;1009,9;1009,9;1009,4;;24,4;19,5;24,7;24,4;19,5;19,3;74;72;74;165;9,5;3,3;
2020/09/06;0000 UTC;0;1010,1;1010,1;1009,9;;24,6;19,6;24,8;24,4;19,6;19,5;74;73;74;146;6,9;3,6;
2020/09/06;0100 UTC;0;1010,1;1010,2;1010;;24,4;19,7;24,8;24,4;19,7;19,5;75;73;75;159;7,4;4;
2020/09/06;0200 UTC;,4;1009,8;1010,3;1009,6;;23,4;20,4;24,4;22,6;20,4;19,4;85;75;83;168;8,7;3,3;
2020/09/06;0300 UTC;0;1009,1;1009,9;1009,1;;23;20,7;23,4;22,9;20,8;20,3;87;83;87;185;9,3;3,7;
2020/09/06;0400 UTC;0;1008,3;1009,1;1008,3;;22,4;20,4;23;22,4;20,8;20,4;89;87;88;189;8,8;3,4;
2020/09/06;0500 UTC;0;1007,9;1008,3;1007,8;;22,7;20,2;22,7;22,4;20,4;20,2;88;86;86;194;6,5;3,2;
2020/09/06;0600 UTC;0;1007,7;1007,9;1007,7;;22,5;19,9;22,7;22,5;20,2;19,9;86;86;86;190;5,8;2,7;
2020/09/06;0700 UTC;0;1007,8;1007,8;1007,6;;22,5;19,8;22,6;22,3;20;19,8;86;84;84;188;6,3;3,1;
2020/09/06;0800 UTC;0;1008,2;1008,2;1007,8;;22,3;19,5;22,5;22,3;19,8;19,5;84;84;84;186;6,3;2,7;
2020/09/06;0900 UTC;0;1008,5;1008,6;1008,2;90,7;22,4;19,5;22,4;22,2;19,5;19,3;84;83;83;196;6,8;3,4;
2020/09/06;1000 UTC;0;1009,1;1009,1;1008,5;722;23,7;19,6;23,7;22,4;19,7;19,3;83;78;78;181;7;3,8;
2020/09/06;1100 UTC;0;1009,4;1009,4;1009;1194,1;25,4;20;25,5;23,7;20,4;19,3;78;72;72;191;8,5;3,7;
2020/09/06;1200 UTC;0;1009,1;1009,4;1009,1;2477,5;26,8;18,7;27,1;25,3;20,3;18,4;72;61;61;176;10;5,2;
2020/09/06;1300 UTC;0;1008,7;1009,2;1008,6;3057,8;28,3;18,6;28,7;26,8;19,4;17,6;62;53;56;149;10,5;5,9;
2020/09/06;1400 UTC;0;1008,2;1008,7;1008,1;3581,1;28,3;19,3;28,8;27,7;19,4;17,4;59;51;58;147;13;7,9;
2020/09/06;1500 UTC;0;1007,2;1008,2;1007,2;3642,5;29;20,5;29,1;27,8;20,9;19;64;57;60;142;13,5;6,4;
2020/09/06;1600 UTC;0;1006,5;1007,2;1006,4;3366,7;27,9;19,4;29,2;27,7;21;18,6;66;57;60;141;13,4;6,8;
2020/09/06;1700 UTC;0;1006,1;1006,5;1006,1;2929,3;28,1;19,5;28,5;27,5;20,5;19,1;64;59;60;134;13,7;7,4;
2020/09/06;1800 UTC;0;1005,9;1006,2;1005,8;2083,3;27,5;19,9;28,4;27,1;20,4;19,1;64;60;63;139;13,3;7,3;
2020/09/06;1900 UTC;0;1006;1006;1005,8;1126,4;26,8;20,9;27,6;26,6;21,1;19,5;71;62;70;138;12,7;7,1;
2020/09/06;2000 UTC;0;1006;1006;1005,8;360,6;26,2;20,3;27,2;26,2;20,8;19,8;71;67;70;153;13;5,6;
2020/09/06;2100 UTC;0;1006,4;1006,4;1005,9;32,8;25,7;19,5;26,2;25,7;20,2;19;70;66;69;151;11,4;4,8;
2020/09/06;2200 UTC;0;1006,8;1006,8;1006,3;;25,4;19,9;25,7;25,4;20;19,5;72;69;72;159;9,6;5,4;
2020/09/06;2300 UTC;0;1007,5;1007,5;1006,8;;25,6;19,8;25,7;25,4;20,2;19,7;72;70;70;158;9,5;4,6;
2020/09/07;0000 UTC;0;1008;1008;1007,5;;25,1;19,8;25,6;25,1;20;19,7;73;70;73;156;8,1;3,8;
2020/09/07;0100 UTC;0;1008,2;1008,3;1008;;25,2;19,9;25,2;25;20;19,8;74;73;73;155;7,9;4,5;
2020/09/07;0200 UTC;0;1008,1;1008,3;1008,1;;24,3;19,6;25,3;24,3;19,9;19,4;75;70;75;171;9,8;3,9;
2020/09/07;0300 UTC;0;1007,6;1008,1;1007,6;;23,4;19,7;24,4;23,4;19,7;19,5;80;75;80;174;6,5;3,5;
2020/09/07;0400 UTC;0;1007,2;1007,7;1007,2;;22,7;19,7;23,6;22,7;19,8;19,6;83;80;83;182;6;3,1;
2020/09/07;0500 UTC;0;1006,8;1007,2;1006,7;;22,4;19,6;22,8;22,4;19,8;19,6;84;83;84;190;6;2,7;
2020/09/07;0600 UTC;0;1006,3;1006,8;1006,3;;21,9;19,4;22,4;21,8;19,6;19,3;86;84;85;186;5,9;2,9;
2020/09/07;0700 UTC;0;1006,4;1006,4;1006,1;;21,6;19,2;22;21,5;19,4;19,1;86;85;86;188;5,8;2,4;
2020/09/07;0800 UTC;0;1006,8;1006,8;1006,4;;21,5;19,2;21,6;21,4;19,3;19,1;87;86;87;182;5,9;3,2;
2020/09/07;0900 UTC;0;1007,3;1007,3;1006,8;72,3;21,7;19,4;21,7;21,4;19,4;19,1;87;87;87;193;5,9;3,3;
2020/09/07;1000 UTC;0;1007,6;1007,7;1007,4;853,7;23,4;19,8;23,4;21,7;19,9;19,4;87;80;80;193;7,3;3,3;
2020/09/07;1100 UTC;0;1008;1008;1007,6;1751,2;25,8;20,3;25,9;23,4;20,5;19,7;80;71;72;180;7,4;4;
2020/09/07;1200 UTC;0;1008,5;1008,5;1008;2552,4;27,2;20,1;27,7;25,7;20,8;20;72;65;65;152;10,8;5,3;
2020/09/07;1300 UTC;0;1008,1;1008,6;1008,1;3129,5;28,7;21,5;28,7;27,1;21,5;20,2;68;64;65;147;11,7;5,9;
2020/09/07;1400 UTC;0;1007,5;1008,1;1007,5;3600,5;29;21,3;29;27,3;21,8;20,2;67;63;63;141;11,8;5,6;
2020/09/07;1500 UTC;0;1006,7;1007,5;1006,6;3638,9;27,7;20,7;29,3;27,7;21,4;19,9;66;59;66;135;12,3;6,1;
2020/09/07;1600 UTC;0;1005,9;1006,7;1005,9;3358,9;28,5;19,7;28,8;27,7;21,5;19,5;67;58;59;151;12,3;6,2;
2020/09/07;1700 UTC;0;1005,4;1005,9;1005,4;2796;27,2;21,3;29;27,2;21,7;19,4;70;58;70;124;11,3;6,1;
2020/09/07;1800 UTC;0;1005;1005,4;1005;2166,9;27,5;21,4;28,2;27,1;21,9;20,7;71;67;70;132;10,9;5,7;
2020/09/07;1900 UTC;0;1005;1005;1004,9;1261,6;26,9;21,2;27,5;26,6;21,5;20,4;73;67;71;127;10,6;5,4;
2020/09/07;2000 UTC;0;1005,4;1005,4;1005;345;26,1;21;27;26;21,3;20,7;74;70;74;136;10,6;5,4;
2020/09/07;2100 UTC;0;1005,7;1005,8;1005,4;32,1;25,5;21,2;26,1;25,5;21,2;20,8;77;74;77;138;10,1;5,6;
2020/09/07;2200 UTC;0;1006,3;1006,3;1005,7;;25,5;21,3;25,5;25,4;21,5;21,2;79;77;78;133;9,1;4,8;
2020/09/07;2300 UTC;0;1007;1007;1006,3;;25,4;21,2;25,5;25,4;21,4;20,6;78;74;77;139;10,1;5;
2020/09/08;0000 UTC;0;1007,4;1007,4;1007;;25,3;21,3;25,4;25,2;21,3;21,1;79;77;79;140;9,8;4,6;
2020/09/08;0100 UTC;0;1007,8;1007,8;1007,4;;25,2;21,5;25,3;25,1;21,6;21,2;81;78;80;142;9,1;4,4;
2020/09/08;0200 UTC;0;1007,6;1007,9;1007,6;;25;21;25,2;24,9;21,6;21;81;78;78;138;8,8;4,8;
2020/09/08;0300 UTC;0;1007,2;1007,6;1007,2;;24,9;21,1;25,1;24,8;21,3;21;80;78;79;146;8,8;3,4;
2020/09/08;0400 UTC;0;1006,6;1007,2;1006,6;;24,9;20,8;25;24,8;21,2;20,8;80;78;78;141;8,6;4,3;
2020/09/08;0500 UTC;0;1006,3;1006,6;1006,3;;24,4;20,7;24,9;24,4;20,9;20,6;79;77;79;159;8,6;3;
2020/09/08;0600 UTC;0;1006,2;1006,3;1006,1;;23,5;20,5;24,5;23,4;20,7;20,3;83;79;83;167;6;3;
2020/09/08;0700 UTC;0;1006,3;1006,4;1006,2;;22,9;20,2;23,5;22,9;20,5;20,1;84;83;84;171;6;3,3;
2020/09/08;0800 UTC;0;1007;1007;1006,3;;22,1;19,9;22,9;22,1;20,1;19,9;87;84;87;185;6;3,1;
2020/09/08;0900 UTC;0;1007,2;1007,2;1007;41;22;20,1;22,1;21,9;20,1;19,9;89;87;89;181;5,5;2,6;
2020/09/08;1000 UTC;0;1008;1008;1007,2;741,7;23,7;20,8;23,7;22;20,8;20,1;89;84;84;183;6,6;3,1;
2020/09/08;1100 UTC;0;1008,2;1008,2;1008;1723,2;26,7;21,5;26,7;23,7;21,7;20,7;84;73;73;151;7,3;4,1;
2020/09/08;1200 UTC;0;1008,6;1008,7;1008,2;2618,6;26,9;21,6;27,8;26,5;22,2;21,1;74;70;73;140;10,2;6,3;
2020/09/08;1300 UTC;0;1008,5;1008,7;1008,4;3224,2;28,2;21,3;28,2;26,9;22;20,7;73;65;66;141;12,4;6,5;
2020/09/08;1400 UTC;0;1008,2;1008,5;1008,2;3554,6;28;21,5;28,6;27,5;21,8;20,8;69;65;68;141;11,2;6,3;
2020/09/08;1500 UTC;0;1007,3;1008,2;1007,2;3675,2;28;21,4;28,9;27,7;21,7;20,5;68;63;67;125;11,9;6;
2020/09/08;1600 UTC;0;1006,7;1007,3;1006,7;3291,5;28,2;21,8;28,8;27,6;22,3;21,1;70;65;69;134;11,5;6,2;
2020/09/08;1700 UTC;0;1006,4;1006,7;1006,4;2744,6;28,1;21,1;28,8;27,3;22,3;20,8;71;65;66;133;11,3;5,4;
2020/09/08;1800 UTC;0;1006,4;1006,4;1006,1;1768,8;27,7;21,8;28,2;27;22,3;20,9;74;66;70;139;10,2;5,6;
2020/09/08;1900 UTC;0;1006,6;1006,7;1006,4;1207,5;27,2;21,9;28;26,8;22,2;21,4;74;69;73;138;9,7;5,9;
2020/09/08;2000 UTC;0;1007;1007;1006,6;326,9;26,3;21,5;27,2;26,3;22,1;21,3;76;72;75;139;10,8;5,3;
2020/09/08;2100 UTC;0;1007,6;1007,6;1007;34,9;25,8;21,6;26,3;25,8;21,6;21,3;77;75;77;143;9,5;4,3;
2020/09/08;2200 UTC;0;1008,2;1008,2;1007,6;;25,6;21,5;25,8;25,6;21,7;21,5;79;77;78;146;8,6;4,2;
2020/09/08;2300 UTC;0;1008,8;1008,8;1008,2;;25,6;21,7;25,7;25,5;21,7;21,4;79;78;79;153;8,6;3,6;
2020/09/09;0000 UTC;0;1009,3;1009,3;1008,8;;25,4;21,7;25,7;25,4;21,7;21,6;80;78;80;148;8,7;3,3;
2020/09/09;0100 UTC;0;1009,6;1009,6;1009,3;;25,3;21,6;25,5;25,3;21,8;21,6;81;80;80;142;7,8;3,8;
2020/09/09;0200 UTC;0;1009,5;1009,6;1009,4;;25,3;21,4;25,4;25,3;22;21,2;81;78;79;144;8,4;4,4;
2020/09/09;0300 UTC;0;1009,1;1009,5;1009,1;;25,4;21,5;25,4;25,3;21,6;21,2;80;78;79;146;8,4;4,2;
2020/09/09;0400 UTC;0;1008,6;1009,1;1008,6;;24,3;21;25,4;24,3;21,6;21;82;79;82;195;7,6;2,4;
2020/09/09;0500 UTC;0;1008,5;1008,6;1008,3;;23,1;21,1;24,3;23,1;21,2;21;89;82;89;185;5,1;2,7;
2020/09/09;0600 UTC;0;1008,5;1008,6;1008,4;;22,8;21,1;23,1;22,8;21,2;21;90;89;90;192;5,7;2,9;
2020/09/09;0700 UTC;0;1008,5;1008,5;1008,4;;22,8;21,1;22,9;22,7;21,1;20,9;90;90;90;181;6;3;
2020/09/09;0800 UTC;0;1008,8;1008,8;1008,5;;22,7;21,2;22,8;22,6;21,2;21;91;90;91;190;5,7;2,5;
2020/09/09;0900 UTC;0;1009,2;1009,3;1008,8;52,6;22,8;21,2;22,8;22,6;21,2;21,1;91;91;91;190;5,3;2,7;
2020/09/09;1000 UTC;0;1010,1;1010,1;1009,2;391,5;24;21,9;24;22,8;21,9;21,2;91;88;88;193;6,5;3,4;
2020/09/09;1100 UTC;0;1010,6;1010,6;1010,1;1566,7;26;21,6;26,5;24;22,4;21,3;88;75;77;175;9;4,3;
2020/09/09;1200 UTC;0;1010,6;1010,7;1010,5;2221,1;27,8;22,5;27,9;25,9;22,6;21,4;78;71;73;153;9;4,9;
2020/09/09;1300 UTC;0;1010,8;1010,8;1010,4;2056,1;26,7;22;29;26,7;22,7;21,5;75;68;75;161;9,7;5,7;
2020/09/09;1400 UTC;8,4;1010,7;1011,2;1010,7;817,7;24;22,9;26,9;23,2;23,4;21,6;95;74;94;149;9,5;3,4;
2020/09/09;1500 UTC;1,2;1010,4;1010,7;1010,3;2414,5;24,3;23;26,7;23,9;24,5;22;96;85;92;145;10,1;4,7;
2020/09/09;1600 UTC;0;1009,8;1010,4;1009,8;1630,9;25,2;23;25,5;24,1;23,6;22,8;94;87;88;157;9;4,5;
2020/09/09;1700 UTC;,2;1008,9;1009,8;1008,9;1495,7;26,9;23,8;26,9;24,8;23,8;22,6;89;83;83;183;8,8;3,7;
2020/09/09;1800 UTC;4,4;1009,2;1009,3;1008,9;521,1;24,6;23,5;26,9;23,6;23,5;21,4;95;81;93;146;10;3,7;
2020/09/09;1900 UTC;0;1009,4;1009,5;1009,2;690,3;24,9;22,3;25,4;24,6;23,5;22,2;93;84;86;140;9,2;3,2;
2020/09/09;2000 UTC;0;1009,6;1009,7;1009,3;210,8;24,6;22,4;25;24,6;22,9;21,9;88;83;87;158;8,2;4,5;
2020/09/09;2100 UTC;0;1009,7;1009,7;1009,6;11,1;24,6;22,8;24,7;24,2;22,8;22,1;90;87;90;156;8,2;2;
2020/09/09;2200 UTC;0;1010,1;1010,1;1009,7;;25,3;22,7;25,5;24,6;23,1;22,6;90;85;85;144;8,1;3,6;
2020/09/09;2300 UTC;0;1011;1011;1010,1;;25,4;22,4;25,5;25,3;22,7;22,4;85;83;83;144;9,5;4,6;
2020/09/10;0000 UTC;0;1011,3;1011,4;1011;;25,4;22,3;25,5;25,3;22,6;22,2;84;82;83;145;9,5;4,5;
2020/09/10;0100 UTC;0;1011,6;1011,7;1011,3;;25,5;22,4;25,5;25,3;22,5;22,2;84;83;83;157;8;3,4;
2020/09/10;0200 UTC;0;1011,4;1011,7;1011,4;;25,5;22,1;25,6;25,3;22,4;21,8;83;81;82;142;9;4,7;
2020/09/10;0300 UTC;0;1010,9;1011,4;1010,9;;25,2;22,4;25,5;25,2;22,4;22;84;81;84;145;9,2;4,3;
2020/09/10;0400 UTC;,2;1010,1;1010,9;1010,1;;25;22,2;25,4;25;22,6;22,1;85;83;85;157;8,2;4,7;
2020/09/10;0500 UTC;0;1009,7;1010,1;1009,7;;25;22,1;25,1;24,8;22,4;21,9;86;84;84;141;9;4,6;
2020/09/10;0600 UTC;,2;1009,8;1009,8;1009,6;;25;21,8;25,1;24,8;22,1;21,6;84;81;82;146;9,3;4,1;
2020/09/10;0700 UTC;0;1010;1010;1009,7;;25;22;25,1;24,9;22;21,6;84;81;84;151;8,7;3,6;
2020/09/10;0800 UTC;0;1010,4;1010,4;1010;;24,6;21,8;25;24,1;22;21,4;86;82;84;166;7,1;2,6;
2020/09/10;0900 UTC;0;1010,6;1010,7;1010,4;27;23,4;21,8;24,6;23,4;21,8;21,5;91;84;91;190;5,4;2,3;
2020/09/10;1000 UTC;0;1011,3;1011,3;1010,6;393,8;24,6;22,5;24,6;23,4;22,6;21,9;91;88;88;175;6,3;2,9;
2020/09/10;1100 UTC;0;1012;1012;1011,4;971,6;25,7;22,2;26,7;24,5;23,4;22,2;88;79;81;183;8,7;3,5;
2020/09/10;1200 UTC;0;1012,1;1012,3;1012;1344,6;26,2;22;27,1;25,6;22,8;21,7;83;75;78;155;13;8,2;
2020/09/10;1300 UTC;0;1011,8;1012,1;1011,7;3036,6;27,9;22,3;28,3;26,2;23;21,7;79;71;72;143;13,3;6,3;
2020/09/10;1400 UTC;0;1011,3;1011,8;1011,3;3076,2;27,6;22,2;28,4;27,4;23,1;22,1;75;71;72;145;13,6;6,6;
2020/09/10;1500 UTC;0;1010,6;1011,3;1010,5;2302,6;27,6;22,1;28,3;27,2;22,9;22;75;70;72;151;15,1;6;
2020/09/10;1600 UTC;0;1009,6;1010,6;1009,6;2362,2;27,9;22,4;28,2;27,3;23;21,8;75;71;72;142;12,9;7,2;
2020/09/10;1700 UTC;0;1008,9;1009,6;1008,9;2275,4;27,8;23;28,2;27,1;23,1;21,7;77;70;75;134;13,3;6,3;
2020/09/10;1800 UTC;0;1008,6;1009;1008,6;2035,9;27,4;21,8;28,2;26,5;23,2;21,8;79;71;72;138;11,9;5,9;
2020/09/10;1900 UTC;0;1008,5;1008,6;1008,4;1232,7;26,9;22,4;27,8;26,6;22,8;21,7;77;71;76;143;11,1;5,2;
2020/09/10;2000 UTC;0;1008,7;1008,8;1008,5;353,8;26;22;27,1;26;22,6;21,8;79;75;79;142;11,5;5,7;
2020/09/10;2100 UTC;0;1009,1;1009,1;1008,6;23,4;25,8;21,6;26,2;25,8;22,2;21,6;80;78;78;144;10,8;5,6;
2020/09/10;2200 UTC;0;1009,5;1009,5;1009,1;;25,6;21,8;25,9;25,5;21,9;21,5;80;78;80;145;12,1;5,1;
2020/09/10;2300 UTC;0;1010;1010;1009,5;;25,7;21,7;25,7;25,6;22;21,6;81;78;79;148;11,5;5,8;
2020/09/11;0000 UTC;0;1010,5;1010,5;1010;;25,1;21,8;25,7;25;21,9;21,2;82;79;82;139;10,8;6;
2020/09/11;0100 UTC;0;1010,7;1010,7;1010,5;;25,5;21,2;25,5;24,8;21,8;21;83;76;77;147;10,8;3,8;
2020/09/11;0200 UTC;0;1010,3;1010,7;1010,3;;24,7;21;25,5;24,1;22,5;20,3;86;77;80;155;12,1;4;
2020/09/11;0300 UTC;0;1009,5;1010,3;1009,5;;25,4;21,5;25,5;24,7;21,6;21,1;81;77;79;151;9,6;4,5;
2020/09/11;0400 UTC;0;1008,5;1009,5;1008,5;;25,3;21,5;25,6;25,3;21,7;21,4;80;79;80;144;10;4,5;
2020/09/11;0500 UTC;0;1007,9;1008,5;1007,9;;25,4;20,8;25,5;25,2;21,7;20,8;80;76;76;143;11,7;5,7;
2020/09/11;0600 UTC;0;1007,8;1007,9;1007,7;;25,1;20,9;25,4;25;21;20,6;78;76;78;144;11,3;4,9;
2020/09/11;0700 UTC;0;1007,7;1007,8;1007,7;;25,1;20,7;25,3;25,1;21;20,7;78;76;76;143;9,8;4,7;
2020/09/11;0800 UTC;0;1007,9;1007,9;1007,6;;25,2;20,5;25,2;25;20,8;20,4;77;75;75;149;10,4;5;
2020/09/11;0900 UTC;0;1008,1;1008,1;1007,9;75,8;24,3;21;25,2;24,2;21;20,5;82;75;82;181;9,5;2,9;
2020/09/11;1000 UTC;0;1008,7;1008,7;1008;633,5;25,4;21,3;25,4;24,2;21,6;21;82;78;78;182;7;3,2;
2020/09/11;1100 UTC;0;1009,1;1009,2;1008,6;1447,5;26,4;20,9;27;25,4;22;20,7;78;70;72;156;10,7;6;
2020/09/11;1200 UTC;0;1009,3;1009,3;1009,1;2371,7;27,3;21,6;27,7;25,2;22,4;20,8;79;69;71;139;12;6,7;
2020/09/11;1300 UTC;0;1008,9;1009,3;1008,9;3053;27,6;21,3;28,4;27,1;22,1;20,6;72;66;69;140;12,6;7,5;
2020/09/11;1400 UTC;0;1008,3;1008,9;1008,2;3232,2;27,7;20,9;28,2;27,5;21,7;20,5;69;65;66;149;13,2;7,6;
2020/09/11;1500 UTC;0;1007,4;1008,3;1007,4;3408,8;27,7;20,8;28,9;27,5;22,2;20,7;70;65;66;141;14;7,4;
2020/09/11;1600 UTC;0;1007,1;1007,5;1007;2929,1;27,6;21,1;28,5;27,3;22,1;20,7;72;64;67;141;13,9;7,4;
2020/09/11;1700 UTC;0;1006,6;1007,1;1006,5;2802,5;28,1;21,7;28,5;27,5;21,8;20,3;70;63;68;146;14,2;7,5;
2020/09/11;1800 UTC;0;1006,6;1006,7;1006,4;1697,1;27,6;21,5;28,2;26,6;21,9;21;73;67;69;151;14,1;7,3;
2020/09/11;1900 UTC;0;1006,9;1007;1006,5;1195,8;26,9;20,8;27,7;26,8;21,3;20,4;70;66;69;149;14;6,3;
2020/09/11;2000 UTC;0;1007,7;1007,7;1006,9;430,1;26,1;20,5;26,9;26,1;21,2;20,2;72;68;71;142;14,1;6,5;
2020/09/11;2100 UTC;0;1008,1;1008,1;1007,7;30,8;25,8;20,1;26,2;25,8;20,7;20;73;70;71;141;12,8;6,3;
2020/09/11;2200 UTC;0;1008,5;1008,5;1008,1;;25,6;19,9;25,8;25,6;20,1;19,6;72;69;71;146;13,1;4,8;
2020/09/11;2300 UTC;0;1008,7;1008,7;1008,5;;25,6;19,6;25,7;25,5;19,9;19,5;71;69;69;152;11,5;6,3;
2020/09/12;0000 UTC;0;1009,3;1009,3;1008,7;;25,6;19,7;25,6;25,5;19,9;19,5;71;69;70;150;11,4;6,1;
2020/09/12;0100 UTC;0;1009,5;1009,5;1009,3;;25,4;19,7;25,7;25,4;19,7;19,4;71;68;71;151;12,3;5;
2020/09/12;0200 UTC;0;1009,2;1009,5;1009,2;;25,4;20,1;25,5;25,3;20,4;19,7;74;71;72;148;11;5,1;
2020/09/12;0300 UTC;0;1008,6;1009,3;1008,6;;25,5;20,4;25,6;25,3;20,5;20;74;72;74;157;11;4,9;
2020/09/12;0400 UTC;0;1008,2;1008,6;1008,1;;25,3;20,8;25,5;25,2;20,8;20,4;76;74;76;145;12,6;4,7;
2020/09/12;0500 UTC;0;1007,5;1008,2;1007,5;;25,2;20,3;25,4;25,1;20,8;19,9;76;72;74;152;11,3;4,8;
2020/09/12;0600 UTC;0;1007,6;1007,7;1007,5;;23,4;20;25,3;23,4;20,5;19,5;81;74;81;181;9,7;3,5;
2020/09/12;0700 UTC;0;1007,7;1007,7;1007,6;;23,3;19,7;23,6;23,3;20,1;19,6;81;80;80;175;6,8;3;
2020/09/12;0800 UTC;0;1008,3;1008,3;1007,7;;22,7;19,4;23,3;22,6;19,7;19,3;82;80;82;183;6;3;
2020/09/12;0900 UTC;0;1008,7;1008,7;1008,3;46,2;23;19,7;23;22,7;19,7;19,4;82;82;82;182;6,9;3,1;
2020/09/12;1000 UTC;0;1009,4;1009,4;1008,7;671,9;23,6;19,9;23,7;22,9;20,1;19,5;82;79;79;182;7,4;3,9;
2020/09/12;1100 UTC;0;1009,9;1010;1009,3;1137,1;25,1;20,6;25,2;23,6;20,9;19,8;80;75;76;173;8,6;4,3;
2020/09/12;1200 UTC;0;1009,9;1010,2;1009,8;1943,1;27,1;20,8;27,2;25,1;21,4;19,9;76;69;69;146;12,8;7,3;
2020/09/12;1300 UTC;0;1010,1;1010,1;1009,8;2037,1;27,1;20,8;27,7;26,4;21,4;20,5;72;67;68;145;13,4;6,6;
2020/09/12;1400 UTC;0;1009,3;1010,1;1009,3;3450,7;28,1;19,9;28,5;27;20,8;19,7;68;61;61;144;14,4;7,9;
2020/09/12;1500 UTC;0;1008,3;1009,3;1008,3;3591,4;28;19,7;28,6;27,5;20,6;19;64;58;61;153;14,8;8,2;
2020/09/12;1600 UTC;0;1007,5;1008,3;1007,5;3306,7;27,7;19,8;28,9;27,7;21;19,3;65;58;62;148;14,4;8,6;
2020/09/12;1700 UTC;0;1007;1007,5;1007;2803,3;27,7;20,5;28,3;27,4;21,1;19,6;67;61;65;145;14,4;7,7;
2020/09/12;1800 UTC;0;1007;1007,1;1007;2247,7;27,7;20,9;28,2;27,1;21,5;20,3;69;64;67;146;14,2;6,3;
2020/09/12;1900 UTC;0;1007,2;1007,2;1006,9;1257;26,7;20,6;27,7;26,7;21,1;20,3;69;67;69;151;12,8;6,6;
2020/09/12;2000 UTC;0;1007,6;1007,6;1007,2;377;26,1;20,8;26,9;26,1;21,2;20,5;74;68;73;145;13,7;5,3;
2020/09/12;2100 UTC;0;1008;1008;1007,6;28,6;25,7;20;26,2;25,7;20,9;20;74;71;71;144;13,3;5,1;
2020/09/12;2200 UTC;0;1008,4;1008,4;1008;;25,6;20,3;25,8;25,6;20,5;20;73;71;72;149;10,6;5;
2020/09/12;2300 UTC;0;1009,1;1009,1;1008,4;;25,5;20,1;25,7;25,5;20,3;19,7;72;69;72;160;11,9;6;
2020/09/13;0000 UTC;0;1009,6;1009,7;1009,1;;25,3;20,2;25,5;25,3;20,3;19,7;73;70;73;160;9,7;4,4;
2020/09/13;0100 UTC;0;1009,9;1009,9;1009,6;;25,3;20,6;25,5;25,3;20,6;20;75;72;75;155;9,8;4,5;
2020/09/13;0200 UTC;0;1010;1010;1009,9;;25,5;20,6;25,6;25,3;21,1;20,6;77;74;74;155;9,5;4,8;
2020/09/13;0300 UTC;0;1009,4;1010;1009,4;;25,3;21,1;25,5;25,3;21,1;20,6;78;74;78;153;8,8;3,8;
2020/09/13;0400 UTC;0;1008,8;1009,4;1008,8;;23,7;20,6;25,3;23,7;21,7;20,5;83;78;83;206;8,4;3;
2020/09/13;0500 UTC;0;1008,6;1009;1008,5;;22,8;21;23,7;22,8;21;20,4;89;83;89;183;6,6;2,1;
2020/09/13;0600 UTC;,6;1008,5;1008,6;1008,4;;22,6;21,2;23,1;22,6;21,5;21;92;89;92;186;7,7;3;
2020/09/13;0700 UTC;0;1008,8;1008,8;1008,5;;21,9;20,5;22,6;21,9;21,2;20,5;92;91;92;185;6,3;2,2;
2020/09/13;0800 UTC;0;1009,4;1009,5;1008,8;;22,2;20,8;22,2;21,9;20,8;20,5;92;92;92;170;6;2,4;
2020/09/13;0900 UTC;0;1009,9;1009,9;1009,4;72,7;22,4;21;22,4;22,2;21;20,7;92;91;91;188;5,1;3,2;
2020/09/13;1000 UTC;0;1010,3;1010,3;1009,9;538,5;23,3;21,1;23,3;22,4;21,3;21;92;88;88;182;6,1;3,2;
2020/09/13;1100 UTC;0;1011;1011;1010,3;721,5;25,3;21,6;25,3;23,3;21,9;21,1;88;80;80;172;9,4;4,2;
2020/09/13;1200 UTC;0;1011,3;1011,3;1010,9;1090,3;26,2;20,8;26,5;25,3;21,8;20,7;80;72;73;150;11,8;5,6;
2020/09/13;1300 UTC;0;1010,9;1011,4;1010,9;2023,3;27,6;21,1;27,8;26,1;21,1;20,3;73;66;68;139;11,7;6,4;
2020/09/13;1400 UTC;0;1010,5;1011;1010,5;3594,6;27,6;21,1;28,7;27,3;21,6;20,3;69;62;68;135;12,4;7,7;
2020/09/13;1500 UTC;0;1009,9;1010,6;1009,9;3575,9;27,9;21,3;29,1;27,5;21,5;20,1;68;63;67;132;13,3;6,9;
2020/09/13;1600 UTC;0;1009,3;1009,9;1009,3;3262,9;27,7;20,8;28,9;27,5;22,4;20,5;70;64;66;138;12,3;6,3;
2020/09/13;1700 UTC;0;1009,1;1009,3;1009;2594;27,6;21;28,6;27,4;21,7;20,5;69;64;67;135;11,4;6,4;
2020/09/13;1800 UTC;0;1008,9;1009,1;1008,8;1879,5;27,1;21,3;27,8;26,9;21,7;20,8;71;67;70;139;11,4;6,2;
2020/09/13;1900 UTC;0;1008,9;1008,9;1008,8;1065,3;27;21,3;27,4;26,7;21,7;20,9;72;69;71;137;11,5;4,9;
2020/09/13;2000 UTC;0;1009,5;1009,5;1008,9;351,3;26,1;21,1;27,3;26,1;21,7;20,9;74;71;74;141;10,2;5,1;
2020/09/13;2100 UTC;0;1009,9;1009,9;1009,5;24,9;25,7;21,2;26,1;25,7;21,3;21,1;76;74;76;142;10,5;5;
2020/09/13;2200 UTC;0;1010,5;1010,5;1009,9;;25,5;20,5;25,7;25,4;21,3;20,4;77;73;74;143;8,9;4,3;
2020/09/13;2300 UTC;0;1010,9;1010,9;1010,5;;25,4;21,1;25,5;25,4;21,3;20,5;78;74;77;146;9,8;5,1;
2020/09/14;0000 UTC;0;1011,2;1011,2;1010,8;;25,4;20,9;25,5;25,2;21,7;20,9;80;76;76;149;9,8;4,6;
2020/09/14;0100 UTC;0;1011,4;1011,5;1011,1;;25,4;21;25,5;25,3;21,1;20,9;77;76;77;153;8,2;4;
2020/09/14;0200 UTC;0;1011,1;1011,4;1011,1;;25,1;21,2;25,4;25,1;21,3;21;79;77;79;161;7,6;2,8;
2020/09/14;0300 UTC;0;1010,5;1011,1;1010,5;;25,2;21,1;25,5;25,1;21,5;21;80;77;78;138;8,7;4,6;
2020/09/14;0400 UTC;0;1009,9;1010,5;1009,9;;24,9;20,7;25,3;24,9;21,3;20,5;79;76;77;141;9;4,2;
2020/09/14;0500 UTC;0;1009,5;1009,9;1009,5;;24,7;20,8;25;24,5;20,9;20,4;80;77;79;148;7,8;3,4;
2020/09/14;0600 UTC;0;1009,6;1009,6;1009,4;;24;20,9;24,7;24;21;20,6;83;79;83;187;6,5;2,9;
2020/09/14;0700 UTC;0;1009,7;1009,7;1009,6;;23,7;21;24;23,4;21;20,7;85;83;85;177;4,8;2,1;
2020/09/14;0800 UTC;0;1010,1;1010,1;1009,7;;22,7;20,4;23,8;22,7;21;20,2;87;84;87;218;4,3;2;
2020/09/14;0900 UTC;0;1010,7;1010,7;1010;48,9;22,4;20,6;22,7;22,2;20,6;20,3;90;87;90;188;4,2;2,1;
2020/09/14;1000 UTC;0;1011,3;1011,4;1010,7;418,4;23,9;21,9;23,9;22,3;21,9;20,6;90;89;89;178;5,5;2,2;
2020/09/14;1100 UTC;0;1011,9;1011,9;1011,3;1053,6;26,4;21,2;26,8;23,9;22;20,9;89;71;73;132;9,3;4,6;
2020/09/14;1200 UTC;0;1012,4;1012,4;1011,9;1453,1;25,9;21,9;26,9;25,5;22,4;21,1;80;73;79;141;11;5,9;
2020/09/14;1300 UTC;0;1012,2;1012,6;1012,2;2920,1;27,2;22,3;27,4;25,9;22,8;21,3;79;73;75;147;10;6,2;
2020/09/14;1400 UTC;0;1011,7;1012,3;1011,6;3504,2;27,1;22,2;28,2;26,9;22,7;21,4;76;69;75;138;10,5;5,7;
2020/09/14;1500 UTC;0;1011,1;1011,7;1011,1;3623,2;27,5;21,9;28,1;26,6;23,1;21,8;76;71;71;141;9,8;5,5;
2020/09/14;1600 UTC;0;1010;1011,1;1010;2871,5;27,6;22,2;28;26,9;22,7;21,5;75;70;72;141;11;4,7;
2020/09/14;1700 UTC;0;1009,1;1010;1009,1;2689,4;28,2;21,6;28,6;27,3;22,6;20,8;74;66;67;121;9,6;4,2;
2020/09/14;1800 UTC;,4;1008,8;1009,2;1008,7;1280,9;27,1;22,2;28,2;25,7;23;20,9;81;67;75;142;9,3;4,9;
2020/09/14;1900 UTC;0;1008,5;1008,8;1008,5;1050;26,7;21,5;27,4;26,4;22,2;21,2;74;71;73;139;10,6;6,1;
2020/09/14;2000 UTC;0;1009;1009;1008,5;356,8;26,3;21,6;27;26,3;21,9;21,4;76;73;75;141;9,8;5,4;
2020/09/14;2100 UTC;0;1009,6;1009,6;1009;25;25,8;21,3;26,3;25,8;21,8;21,1;77;75;76;139;9,9;5,3;
2020/09/14;2200 UTC;0;1009,9;1009,9;1009,6;;25,7;20,8;25,9;25,7;21,5;20,8;76;74;74;146;9,3;5;
2020/09/14;2300 UTC;0;1010,7;1010,7;1009,9;;25,7;20,9;25,7;25,6;21;20,6;76;73;75;139;9,7;3,7;
2020/09/15;0000 UTC;0;1011,3;1011,3;1010,7;;25,6;20,5;25,7;25,6;21,1;20,4;76;73;74;144;9,1;4,1;
2020/09/15;0100 UTC;0;1011,5;1011,5;1011,2;;25,5;21;25,6;25,4;21;20,3;76;73;76;136;7,9;4,1;
2020/09/15;0200 UTC;0;1011,1;1011,5;1011,1;;25,3;20,9;25,6;25,3;21,1;20,6;77;75;76;140;8,4;3,7;
2020/09/15;0300 UTC;0;1010,6;1011,2;1010,6;;25,3;20,9;25,5;25,2;21,2;20,7;77;76;77;134;7,8;3,5;
2020/09/15;0400 UTC;0;1009,8;1010,6;1009,8;;25,2;20,7;25,3;25,2;21;20,7;78;76;76;139;8;4,4;
2020/09/15;0500 UTC;0;1009,4;1009,8;1009,4;;24,9;20,9;25,3;24,9;20,9;20,5;78;76;78;141;7,6;3,2;
2020/09/15;0600 UTC;0;1009,2;1009,4;1009,1;;24;20,1;25;24;21;20,1;79;77;79;177;7,3;2,4;
2020/09/15;0700 UTC;0;1009,3;1009,5;1009,2;;22,6;20,6;24;22,5;20,8;20,1;89;79;89;202;5,5;2,2;
2020/09/15;0800 UTC;,6;1009,5;1009,5;1009,3;;22,5;21,1;23,2;22,2;21,4;20,6;92;89;92;188;5,5;2,2;
2020/09/15;0900 UTC;0;1009,8;1009,8;1009,5;107,1;24,6;21,5;24,6;22,5;22;21,2;92;83;83;143;7;3,8;
2020/09/15;1000 UTC;0;1010,4;1010,4;1009,8;767;25,9;21,9;25,9;24,6;21,9;21,3;83;78;78;140;7,3;4;
2020/09/15;1100 UTC;0;1010,8;1010,8;1010,4;1332,2;26,8;22,1;26,8;25,8;22,3;21,3;78;75;75;136;9;5,5;
2020/09/15;1200 UTC;0;1011;1011,1;1010,8;2037,8;27,2;22,1;27,9;26,3;22,5;21,6;77;72;74;134;10;5,3;
2020/09/15;1300 UTC;0;1011;1011,1;1010,9;2847,5;27,6;22,1;28,1;27,1;22,5;21,6;74;70;72;128;10,4;5,9;
2020/09/15;1400 UTC;0;1010,3;1011,1;1010,3;3273,2;27,6;21,8;28,6;27,2;22,9;21,7;75;70;71;148;11,4;7,3;
2020/09/15;1500 UTC;0;1009,6;1010,4;1009,6;3718,8;27,9;21,9;29,1;27,5;22,6;21;73;67;70;141;12,2;7,3;
2020/09/15;1600 UTC;0;1008,7;1009,6;1008,7;3370,3;28;21,4;28,8;27,7;22,4;21,1;70;64;67;136;12,4;6,9;
2020/09/15;1700 UTC;0;1008,1;1008,8;1008;2761,9;27,7;21,9;28,6;27,4;22,5;21,4;72;67;71;138;11,9;6,8;
2020/09/15;1800 UTC;0;1007,6;1008,1;1007,6;2010,2;27,4;21,3;28,4;27;22,5;21,3;73;68;69;141;12,3;6,5;
2020/09/15;1900 UTC;0;1007,8;1007,8;1007,6;1141,5;27,2;21,9;28,3;26,9;22,7;21,4;73;69;73;146;11,6;6,7;
2020/09/15;2000 UTC;0;1007,9;1008;1007,8;384;26,6;21,7;27,3;26,6;22,2;21,3;75;72;74;149;11,2;5,9;
2020/09/15;2100 UTC;0;1008,4;1008,4;1007,9;25,2;26;21,8;26,6;26;21,9;21,6;78;74;78;141;10,2;5,3;
2020/09/15;2200 UTC;0;1008,8;1008,9;1008,4;;25,9;22;26;25,9;22,1;21,8;79;78;79;151;9,6;4,9;
2020/09/15;2300 UTC;0;1009,5;1009,6;1008,8;;26;21,7;26,1;25,9;22,2;21,7;79;77;77;153;11,4;6;
2020/09/16;0000 UTC;0;1010,2;1010,2;1009,5;;25,8;21,8;26,1;25,8;22;21,5;79;76;78;142;11;5,6;
2020/09/16;0100 UTC;0;1010,4;1010,4;1010,1;;25,7;22,1;25,9;25,7;22,1;21,6;80;78;80;147;11;4,8;
2020/09/16;0200 UTC;0;1010,2;1010,5;1010,2;;25,8;22,1;25,8;25,7;22,1;21,8;80;79;80;148;11;4,7;
2020/09/16;0300 UTC;0;1009,3;1010,2;1009,3;;25,6;22,2;25,8;25,6;22,4;22;82;79;81;155;11,1;3,7;
2020/09/16;0400 UTC;,8;1008,8;1009,3;1008,7;;24,6;22,6;25,6;24,5;22,6;21,9;89;81;89;150;8;2,9;
2020/09/16;0500 UTC;,2;1008,1;1008,8;1008,1;;25;21,7;25,2;24,4;22,8;21,7;90;82;82;150;11,1;6;
2020/09/16;0600 UTC;0;1007,9;1008,1;1007,8;;24,9;21,6;25,2;24,9;22,1;21,6;84;82;82;146;11,1;4,8;
2020/09/16;0700 UTC;,4;1007,8;1007,9;1007,8;;24,6;21,7;25,1;24,3;22;21,6;87;82;84;148;12,2;5,5;
2020/09/16;0800 UTC;0;1008,1;1008,1;1007,8;;24,5;21,8;24,9;24,4;22,3;21,4;86;83;84;152;10,2;3,6;
2020/09/16;0900 UTC;,2;1008,6;1008,7;1008,1;123;24,7;21,3;25,1;24,2;22,1;21,2;85;81;82;145;12,1;4,4;
2020/09/16;1000 UTC;0;1009,1;1009,1;1008,6;442,4;25,1;22,3;25,4;24,7;22,5;21,4;85;82;85;144;8,5;4,1;
2020/09/16;1100 UTC;0;1009,9;1009,9;1009,2;1222,9;26,1;21,8;26,8;25;23,2;21,8;86;77;77;140;9,9;5,6;
2020/09/16;1200 UTC;,2;1010,4;1010,4;1009,9;1602,4;27,2;22,6;27,2;25,6;22,9;21,8;82;75;76;138;10,6;6,1;
2020/09/16;1300 UTC;0;1010,4;1010,5;1010,3;3163;28,1;22,7;28,2;27;23,3;22,1;76;73;73;127;12,3;5,8;
2020/09/16;1400 UTC;0;1009,9;1010,4;1009,9;3570,7;27,7;22,2;28,7;27,5;23,2;21,6;75;69;72;139;10,3;6,2;
2020/09/16;1500 UTC;0;1009;1009,9;1009;3712,9;28;22,6;28,4;27,4;23;21,9;74;70;73;124;10,2;5,5;
2020/09/16;1600 UTC;0;1007,9;1009;1007,9;3405;28,1;22,3;28,8;27,7;22,9;21,7;74;68;71;138;10,8;6,3;
2020/09/16;1700 UTC;0;1007,1;1007,9;1007,1;2814,2;28,1;22,5;28,8;27,7;22,8;21,8;73;68;71;134;10,5;5,6;
2020/09/16;1800 UTC;0;1006,9;1007,1;1006,8;1570;27,1;22,2;28,4;27;22,9;22;75;70;74;137;11,5;6,5;
2020/09/16;1900 UTC;0;1006,7;1006,9;1006,6;859,8;27,2;21,8;27,6;26,6;22,6;21,5;77;72;73;148;11,6;6;
2020/09/16;2000 UTC;0;1007,2;1007,2;1006,7;337,5;26,5;21,5;27,3;26,4;22,1;21,4;76;72;74;150;11,6;5,1;
2020/09/16;2100 UTC;0;1007,4;1007,4;1007,1;23,8;25,5;22,1;26,5;25,5;22,2;21,1;82;73;82;148;11,7;6,1;
2020/09/16;2200 UTC;0;1008,3;1008,3;1007,4;;25,4;21,9;25,5;25,3;22,1;21,8;82;81;81;161;10,7;4,8;
2020/09/16;2300 UTC;0;1008,8;1008,8;1008,2;;25,4;21,8;25,5;25,4;21,9;21,6;81;79;80;154;9,8;3,5;
2020/09/17;0000 UTC;,6;1009,5;1009,5;1008,8;;24,4;21,6;25,5;24,4;21,8;21,2;84;80;84;171;8,4;3,9;
2020/09/17;0100 UTC;0;1009,9;1009,9;1009,5;;24,1;21,2;24,4;24,1;21,6;21,2;85;84;84;178;8,1;3,8;
2020/09/17;0200 UTC;0;1010;1010,1;1009,9;;23,6;21,2;24,1;23,6;21,3;21,1;86;84;86;175;8,1;3,6;
2020/09/17;0300 UTC;0;1009,3;1010;1009,3;;23,2;21,5;23,7;23,1;21,5;21,2;90;86;90;190;7,2;3;
2020/09/17;0400 UTC;,4;1008,7;1009,3;1008,7;;22,9;21,4;23,3;22,9;21,6;21,3;91;90;91;181;5,9;2,9;
2020/09/17;0500 UTC;,4;1008;1008,8;1008;;22,9;21,5;23;22,8;21,6;21,4;92;91;92;185;6,5;2,5;
2020/09/17;0600 UTC;0;1007,7;1008;1007,7;;22,8;21,3;23;22,8;21,5;21,3;92;91;91;190;5,8;2,6;
2020/09/17;0700 UTC;0;1007,8;1007,8;1007,6;;23;21,5;23;22,8;21,5;21,3;92;91;91;180;6,3;3,5;
2020/09/17;0800 UTC;0;1008,3;1008,3;1007,7;;23,2;21,4;23,3;23;21,5;21,3;91;89;90;180;6,6;3;
2020/09/17;0900 UTC;0;1008,9;1008,9;1008,3;43,7;23,1;21,4;23,2;23;21,4;21,2;90;89;90;185;7,1;3,5;
2020/09/17;1000 UTC;0;1009,5;1009,5;1008,9;438,2;23,7;21,4;23,9;23,1;21,9;21,4;90;87;87;192;6,9;3,4;
2020/09/17;1100 UTC;0;1010,1;1010,1;1009,4;1670,3;25,8;21,5;26,1;23,6;22,1;21,3;88;77;77;183;8;4,1;
2020/09/17;1200 UTC;0;1010,5;1010,5;1010,1;2233,3;27,7;21,5;27,7;25,8;22;20,8;78;68;69;148;10,6;6,1;
2020/09/17;1300 UTC;0;1010,4;1010,6;1010,4;3177,4;27,2;21,1;28,2;26,9;21,7;20,7;70;66;69;137;11,7;6,5;
2020/09/17;1400 UTC;0;1009,7;1010,5;1009,7;3554,6;27,8;21,4;28,1;27,1;22;21;71;68;68;145;12,5;6,4;
2020/09/17;1500 UTC;0;1008,7;1009,8;1008,7;3543,7;27,8;21,2;28,5;27,1;22,6;21;72;66;67;140;11,5;6,1;
2020/09/17;1600 UTC;0;1007,6;1008,7;1007,6;3347,5;28,1;20,5;28,8;27,4;22,6;20,5;71;63;63;138;11,2;6,1;
2020/09/17;1700 UTC;0;1006,9;1007,6;1006,9;2907;28;21,5;28,7;27,6;22;20,7;70;64;68;134;10,9;6,1;
2020/09/17;1800 UTC;0;1006,7;1007;1006,6;2226,4;27,3;21,6;28,3;27,1;21,9;20,9;71;67;71;135;11,8;6,3;
2020/09/17;1900 UTC;0;1006,8;1006,8;1006,6;1330,6;26,9;21,1;28;26,8;21,8;21;72;68;71;136;10,6;5,9;
2020/09/17;2000 UTC;0;1007;1007,1;1006,6;390,5;26,1;21,2;26,9;26,1;21,5;20,9;75;71;74;134;10,7;5,5;
2020/09/17;2100 UTC;0;1007,7;1007,7;1007;23,7;25,7;21,2;26,1;25,6;21,3;20,9;77;74;76;136;9,8;4,6;
2020/09/17;2200 UTC;0;1008,2;1008,2;1007,7;;25,6;20,5;25,7;25,6;21,1;20,1;76;71;74;132;9,8;4,6;
2020/09/17;2300 UTC;0;1008,8;1008,8;1008,2;;25,6;20,5;25,7;25,5;20,6;20,1;74;71;74;129;10,6;5,5;
2020/09/18;0000 UTC;0;1009,4;1009,4;1008,8;;25,7;19,6;25,7;25,5;20,8;19,6;75;69;69;138;9,8;5,4;
2020/09/18;0100 UTC;0;1009,7;1009,8;1009,4;;25,5;20,1;25,7;25,5;20,1;19,6;72;69;72;138;9,9;5;
2020/09/18;0200 UTC;0;1009,3;1009,7;1009,3;;25,4;20,4;25,5;25,4;20,7;19,8;75;71;74;140;9,4;5,1;
2020/09/18;0300 UTC;0;1008,8;1009,3;1008,8;;25,3;20,9;25,5;25,3;20,9;20,4;77;74;77;130;8,3;4;
2020/09/18;0400 UTC;0;1008;1008,8;1008;;24,9;20,5;25,3;24,9;21;20,3;77;75;77;141;7,4;3,4;
2020/09/18;0500 UTC;0;1007,6;1008;1007,6;;24,9;20,6;25;24,8;20,6;20,5;77;77;77;148;6,6;3,1;
2020/09/18;0600 UTC;0;1007,6;1007,6;1007,4;;22,5;19,9;25;22,5;20,8;19,7;85;77;85;193;5,6;2,4;
2020/09/18;0700 UTC;0;1007,5;1007,6;1007,4;;21,9;19,8;22,5;21,9;20;19,7;88;85;88;196;5,2;2,1;
2020/09/18;0800 UTC;0;1007,8;1007,8;1007,5;;21,7;19,7;21,9;21,7;19,8;19,7;89;88;89;188;5,7;2,7;
2020/09/18;0900 UTC;0;1008,6;1008,6;1007,8;85,6;22,1;20,2;22,1;21,7;20,2;19,7;89;89;89;180;4,6;2,4;
2020/09/18;1000 UTC;0;1009,2;1009,2;1008,6;805,6;23,9;20,9;23,9;22,1;21;20,2;89;84;84;183;6,1;3,7;
2020/09/18;1100 UTC;0;1009,8;1009,8;1009,2;1736,4;26,4;21,4;26,7;23,9;22;20,8;84;74;74;153;8,2;4,3;
2020/09/18;1200 UTC;0;1010;1010,1;1009,8;2703,5;27,1;21,6;27,6;26,3;22,2;21,1;75;70;72;144;10;5,9;
2020/09/18;1300 UTC;0;1010;1010,1;1009,9;3270,9;27,5;21,4;28,7;26,9;22,8;21,4;73;68;70;133;10,1;5,3;
2020/09/18;1400 UTC;0;1009,7;1010,1;1009,7;3679,3;27,5;21,2;28,7;27,2;23;21,2;73;68;69;126;9,8;4,9;
2020/09/18;1500 UTC;0;1008,8;1009,7;1008,7;3450,8;28,4;21,7;28,4;27,1;22,1;20,9;71;67;67;131;9,9;5,4;
2020/09/18;1600 UTC;0;1008;1008,8;1008;3348,1;27,9;21,7;28,8;27,3;22,1;21,1;71;66;69;116;9,9;5,3;
2020/09/18;1700 UTC;0;1007,3;1008;1007,2;2931,6;27,7;21,7;28,8;27,3;22,6;21,1;71;67;70;118;9,4;5,3;
2020/09/18;1800 UTC;0;1006,8;1007,3;1006,8;2145,4;27,2;21,6;28,7;27;22,2;21;72;67;71;119;10,1;5,3;
2020/09/18;1900 UTC;0;1006,8;1006,9;1006,7;1339,9;26,8;21,6;27,7;26,7;21,8;21;74;69;73;119;10,1;5,3;
2020/09/18;2000 UTC;0;1007,1;1007,2;1006,7;373;26,2;21,3;26,9;26,2;21,8;21,1;75;72;74;124;9,5;4,5;
2020/09/18;2100 UTC;0;1007,6;1007,6;1007,1;23,9;25,9;21,2;26,2;25,9;21,6;21,1;76;74;75;128;9,7;5,2;
2020/09/18;2200 UTC;0;1008,1;1008,1;1007,6;;25,8;20,7;25,9;25,7;21,5;20,7;77;74;74;128;9,7;4,8;
2020/09/18;2300 UTC;0;1008,9;1008,9;1008,1;;25,9;21,4;25,9;25,7;21,4;20,7;77;74;77;128;9;4,9;
2020/09/19;0000 UTC;0;1009,6;1009,6;1008,9;;25,7;21,1;25,8;25,6;21,6;21;78;75;76;120;10,1;4,9;
2020/09/19;0100 UTC;0;1009,8;1009,9;1009,6;;25,8;21,3;25,8;25,7;21,3;21;77;75;76;118;8,9;4,6;
2020/09/19;0200 UTC;0;1009,5;1009,8;1009,5;;25,5;21,4;25,8;25,5;21,4;21,1;78;75;78;120;9,4;3,6;
2020/09/19;0300 UTC;0;1009,1;1009,5;1009;;25,5;21,1;25,6;25,1;22;21;82;77;77;128;8,5;4,8;
2020/09/19;0400 UTC;0;1008,6;1009,1;1008,6;;25,4;21;25,6;25,4;21,3;20,9;78;75;77;122;8,5;4;
2020/09/19;0500 UTC;0;1008,1;1008,6;1008,1;;25,2;20,7;25,4;24,4;21,5;20,6;83;76;76;125;9,6;4,4;
2020/09/19;0600 UTC;0;1008;1008,1;1007,9;;25,3;20,7;25,4;25,1;21;20,6;77;75;75;122;7,8;4,4;
2020/09/19;0700 UTC;0;1007,9;1008;1007,8;;25,3;21;25,4;25,2;21,3;20,7;79;75;77;127;7,9;4,2;
2020/09/19;0800 UTC;0;1008,4;1008,4;1007,9;;25,2;21;25,4;25,2;21,4;20,7;79;76;78;126;8,2;3,4;
2020/09/19;0900 UTC;0;1008,8;1008,8;1008,4;59,3;25,3;21,3;25,4;25;21,3;20,6;79;75;79;125;8;4,3;
2020/09/19;1000 UTC;0;1009,6;1009,6;1008,8;571,9;25,9;20,6;26,1;25,3;21,7;20,5;79;72;73;121;7,7;4;
2020/09/19;1100 UTC;0;1010,2;1010,3;1009,6;1302,2;26,5;20,7;27,2;25,9;21,3;20,2;74;68;70;117;8;4,6;
2020/09/19;1200 UTC;0;1010,5;1010,5;1010,2;2279,8;27,2;20,6;27,5;26,4;21,3;20,2;71;66;67;115;8,1;4,7;
2020/09/19;1300 UTC;0;1010,1;1010,5;1010,1;3214,4;28,2;21,1;28,2;27,1;21,5;20,4;69;64;66;120;8,5;4,2;
2020/09/19;1400 UTC;0;1009,5;1010,2;1009,5;3690,6;27,8;21,4;28,7;27,6;21,8;20,7;68;63;68;118;7,9;4,2;
2020/09/19;1500 UTC;0;1008,7;1009,5;1008,7;3772,4;28,1;21,2;28,8;27,5;22;20,7;69;64;66;113;8,9;4,4;
2020/09/19;1600 UTC;0;1007,8;1008,7;1007,8;3416,9;28,2;21,4;28,9;27,4;22,3;20,7;70;65;67;124;8,9;5,1;
2020/09/19;1700 UTC;0;1007,1;1007,8;1007;2934,6;28,2;21,6;28,8;27,4;22;20,8;70;64;68;111;9,1;4,5;
2020/09/19;1800 UTC;0;1007;1007,1;1007;2110,7;27,9;21,5;28,4;27;21,8;20,8;70;66;68;114;8,8;4,2;
2020/09/19;1900 UTC;0;1007;1007;1006,9;1306,8;26,8;21,2;28;26,7;21,8;20,7;72;67;71;119;9,4;5,3;
2020/09/19;2000 UTC;0;1007,4;1007,4;1007;313,6;26,3;21,2;27;26,2;21,4;20,5;74;70;74;116;9,2;4,2;
2020/09/19;2100 UTC;0;1007,9;1007,9;1007,4;21,4;25,9;21,2;26,3;25,9;21,5;20,6;76;72;75;120;8,5;4,5;
2020/09/19;2200 UTC;0;1008,6;1008,6;1007,9;;25,9;21,3;26;25,9;21,3;20,9;76;74;76;119;8,9;4,3;
2020/09/19;2300 UTC;0;1009,1;1009,1;1008,6;;25,9;21,3;26;25,9;21,5;21,2;77;75;76;113;9,2;4,4;
2020/09/20;0000 UTC;0;1009,6;1009,6;1009,1;;25,8;21,6;26;25,8;21,6;21,2;78;75;78;120;9;4,3;
2020/09/20;0100 UTC;0;1009,9;1009,9;1009,6;;25,7;21,7;25,9;25,7;21,8;21,3;78;76;78;115;7,9;3,7;
2020/09/20;0200 UTC;0;1009,7;1009,9;1009,7;;25,7;21,6;25,8;25,6;21,7;21,2;78;76;78;107;7,8;4;
2020/09/20;0300 UTC;0;1009,3;1009,7;1009,3;;25,6;21,6;25,8;25,5;21,9;21,5;80;78;79;106;8;3,1;
2020/09/20;0400 UTC;0;1008,9;1009,3;1008,9;;25,7;21,6;25,8;25,6;21,7;21,4;79;77;78;109;7,1;3,2;
2020/09/20;0500 UTC;0;1008,7;1008,9;1008,7;;25,4;21,4;25,7;25,4;21,9;21,2;80;77;79;104;6,5;2,4;
2020/09/20;0600 UTC;0;1008,6;1008,7;1008,5;;25,6;21,6;25,7;25,4;21,8;21,3;80;77;79;111;6,1;3,2;
2020/09/20;0700 UTC;0;1008,5;1008,6;1008,4;;25,6;21;25,7;25,4;21,9;21;81;76;76;110;7,3;3,3;
2020/09/20;0800 UTC;0;1008,6;1008,6;1008,4;;25,2;21,5;25,7;25,1;21,7;20,9;80;75;80;116;6,8;2,2;
2020/09/20;0900 UTC;0;1008,9;1008,9;1008,6;55;25,7;21,6;25,7;25,2;21,9;21,5;81;78;78;107;6,3;3,5;
2020/09/20;1000 UTC;0;1009,2;1009,3;1008,9;738,8;26,8;22,1;27;25,6;22,5;21,6;79;75;76;118;7;4;
2020/09/20;1100 UTC;0;1010;1010;1009,2;1785,1;27,4;22,3;27,5;26,6;22,5;21,3;76;72;74;114;7,6;3,6;
2020/09/20;1200 UTC;0;1010,4;1010,4;1010;2349,2;28,5;22,4;28,5;26,8;22,8;21,7;75;70;70;101;7,1;3,9;
2020/09/20;1300 UTC;0;1010,2;1010,5;1010,2;2959,4;28,5;22,3;28,7;27,3;22,8;21,7;73;69;69;104;7,6;3,8;
2020/09/20;1400 UTC;0;1009,6;1010,2;1009,6;3667,2;27,7;21,9;29,1;27,4;22,9;21,5;72;67;71;104;7,5;4,2;
2020/09/20;1500 UTC;0;1008,4;1009,6;1008,4;3620,6;29,3;22,8;29,5;27,5;23,3;21,8;72;66;68;101;8,9;4;
2020/09/20;1600 UTC;0;1007,4;1008,4;1007,4;3384,7;28,4;21,8;29,8;28,2;23,1;21,5;70;65;67;101;8,3;4,8;
2020/09/20;1700 UTC;0;1006,8;1007,5;1006,7;2783,5;28,1;22,3;29,4;27,6;22,7;21,6;72;66;71;117;8,3;4,4;
2020/09/20;1800 UTC;0;1006,4;1006,8;1006,3;2052,8;27,9;22,6;28,7;27,2;22,7;21,5;73;69;73;112;7,7;3,7;
2020/09/20;1900 UTC;0;1006,6;1006,6;1006,4;916,5;27,2;22,1;28,4;26,9;22,7;21,7;75;70;74;122;7,9;4,4;
2020/09/20;2000 UTC;0;1006,7;1006,8;1006,6;329,7;26,6;21,9;27,3;26,5;22,2;21,8;76;73;76;121;7,3;3,2;
2020/09/20;2100 UTC;0;1007,1;1007,1;1006,7;25,7;26;22;26,6;26;22,1;21,8;79;76;79;123;7,8;3,8;
2020/09/20;2200 UTC;0;1007,7;1007,7;1007,1;;25,9;22;26,1;25,9;22,2;21,9;80;79;79;115;7,5;3,9;
2020/09/20;2300 UTC;0;1008,3;1008,4;1007,6;;25,8;21,8;25,9;25,8;22,1;21,6;80;78;78;115;7,7;3,9;
2020/09/21;0000 UTC;0;1008,9;1008,9;1008,3;;25,9;21,9;26;25,8;22,3;21,8;80;78;79;112;8,9;3,8;
2020/09/21;0100 UTC;0;1009,1;1009,2;1008,9;;25,8;21,7;25,9;25,7;21,9;21,4;79;76;78;112;8,9;3,6;
2020/09/21;0200 UTC;0;1008,9;1009,1;1008,9;;25,7;21,6;25,8;25,6;21,9;21,5;80;77;78;111;7,3;3,7;
2020/09/21;0300 UTC;0;1008,3;1008,8;1008,3;;25,5;21,6;25,7;25,5;21,9;21,6;80;78;79;113;7,8;4,4;
2020/09/21;0400 UTC;0;1007,5;1008,3;1007,5;;25,3;21,5;25,6;25,3;22;21,5;81;78;79;107;7,6;3,7;
2020/09/21;0500 UTC;0;1007,4;1007,5;1007,3;;25,4;21,7;25,5;25,3;21,7;21,2;80;78;80;110;7,3;3,1;
2020/09/21;0600 UTC;0;1007,7;1007,7;1007,3;;25,4;21,3;25,4;25,3;21,9;21,3;81;78;78;118;7,8;3,6;
2020/09/21;0700 UTC;0;1007,9;1007,9;1007,7;;25,4;21,2;25,4;25,3;21,6;21;80;77;78;110;7,8;4,1;
2020/09/21;0800 UTC;0;1008,5;1008,5;1007,9;;25,4;21,6;25,5;25,3;21,6;21,2;80;78;79;111;7,1;3,9;
2020/09/21;0900 UTC;0;1008,7;1008,7;1008,5;83,6;25,7;21,9;25,7;25,3;22;21,6;81;79;79;101;7,5;3,6;
2020/09/21;1000 UTC;0;1009,2;1009,2;1008,7;796,9;26,7;22,3;26,7;25,8;22,3;21,4;79;75;77;98;8,8;4,3;
2020/09/21;1100 UTC;0;1010;1010;1009,2;1434,3;27,1;22;27,8;26,4;22,5;21,6;77;72;74;95;8,4;3,8;
2020/09/21;1200 UTC;0;1010,6;1010,6;1010;2542,1;28;22,2;28,4;27,1;22,7;21,8;74;69;71;111;8;4,1;
2020/09/21;1300 UTC;0;1010,6;1010,8;1010,5;1946,2;27,8;22,3;28,7;27,2;22,7;21,5;73;68;72;108;8,6;4,3;
2020/09/21;1400 UTC;0;1010;1010,6;1010;3421,4;28,1;22,5;29,2;27,5;22,7;21,6;72;66;72;107;8,7;4,9;
2020/09/21;1500 UTC;0;1009,2;1010;1009,2;3395,6;28,9;22,5;28,9;27,6;22,8;21,7;73;67;68;111;10,2;4,9;
2020/09/21;1600 UTC;0;1008,4;1009,2;1008,4;2936,4;27,9;22,4;29,2;27,7;22,9;21,7;73;67;72;114;9,3;5;
2020/09/21;1700 UTC;0;1008;1008,4;1008;2815,6;28,1;22,2;28,9;27,6;22,8;21,3;73;66;70;119;8,7;4,7;
2020/09/21;1800 UTC;0;1007,8;1008;1007,7;2160;27,5;21,3;28,6;27,5;22,3;21,3;71;67;69;115;8,8;4,5;
2020/09/21;1900 UTC;0;1008,2;1008,2;1007,7;1236;27,3;21,5;28,2;27,1;22,1;21,2;72;69;71;118;9;3,9;
2020/09/21;2000 UTC;0;1008,3;1008,3;1008,1;349,4;26,5;21,8;27,4;26,5;21,9;21,4;75;71;75;118;7,2;3,6;
2020/09/21;2100 UTC;0;1008,6;1008,6;1008,3;20,2;26,1;21,4;26,6;26;21,8;21,4;76;75;75;114;6,8;3,9;
2020/09/21;2200 UTC;0;1009,2;1009,2;1008,6;;26;21,6;26,1;26;21,6;21,3;77;75;77;114;7,8;3,2;
2020/09/21;2300 UTC;0;1010,1;1010,1;1009,2;;25,9;21,5;26,1;25,9;21,7;21,5;78;76;76;116;8,2;4,3;
2020/09/22;0000 UTC;0;1010,3;1010,3;1010;;25,7;21,6;26;25,7;21,6;21,4;78;76;78;117;7,4;4,1;
2020/09/22;0100 UTC;0;1010,7;1010,7;1010,3;;25,8;21,8;25,8;25,7;21,9;21,6;79;78;79;123;7,3;4,4;
2020/09/22;0200 UTC;0;1010,3;1010,7;1010,2;;25,7;22;25,8;25,6;22,2;21,7;81;78;80;122;8,1;4,2;
2020/09/22;0300 UTC;0;1009,3;1010,3;1009,3;;25,6;21,7;25,7;25,6;22,1;21,7;81;79;79;122;9,2;4,5;
2020/09/22;0400 UTC;0;1008,8;1009,3;1008,8;;25,5;21,5;25,7;25,4;21,7;21,4;79;78;78;121;7,8;4,6;
2020/09/22;0500 UTC;0;1008,7;1008,9;1008,7;;25,4;21,8;25,5;25,4;21,9;21,5;81;78;80;119;8,6;3,6;
2020/09/22;0600 UTC;0;1008,7;1008,8;1008,7;;25,5;21,9;25,5;25,4;22,1;21,8;82;80;81;121;8,3;3,6;
2020/09/22;0700 UTC;0;1008,9;1008,9;1008,7;;25,4;22;25,5;25,4;22;21,7;81;80;81;126;7,5;3,8;
2020/09/22;0800 UTC;0;1009,2;1009,2;1008,9;;25,4;21,4;25,6;25,2;22,1;21,3;82;78;79;128;8,5;5;
2020/09/22;0900 UTC;0;1009,9;1009,9;1009,2;85,1;25,6;21,3;25,6;25,3;21,6;21,2;80;77;77;123;8,5;4,3;
2020/09/22;1000 UTC;0;1010,7;1010,7;1009,9;654,8;26,1;21,6;26,5;25,5;22,3;21,3;80;75;76;124;8,9;4,8;
2020/09/22;1100 UTC;0;1011,5;1011,5;1010,7;1538,5;27,1;21,5;27,2;26,1;22;21,1;77;70;71;117;10,3;5,7;
2020/09/22;1200 UTC;0;1012;1012;1011,4;2369,4;28,4;21,7;28,6;26,9;22,8;21,2;74;67;67;131;10,1;4,2;
2020/09/22;1300 UTC;0;1011,7;1012,1;1011,7;3007;27,6;21,9;28,9;27,5;22,5;21;71;67;71;130;9,4;5,2;
2020/09/22;1400 UTC;0;1011,2;1011,7;1011,2;3202,3;27,9;21,8;28,7;27,4;22,8;21,4;72;66;69;124;9,7;5,5;
2020/09/22;1500 UTC;0;1010,2;1011,2;1010,2;3085,1;28,3;22,1;29,1;27,5;23,1;21,7;73;68;69;116;10,3;5;
2020/09/22;1600 UTC;0;1009,3;1010,2;1009,3;3268,8;28,3;22,3;28,9;27,8;22,8;21,4;72;67;70;128;10,5;5,5;
2020/09/22;1700 UTC;0;1009;1009,3;1009;2889,6;28;21,8;29,3;27,9;23,1;21,6;72;67;69;130;9,5;5,5;
2020/09/22;1800 UTC;0;1008,8;1009;1008,7;2261,2;27,8;21,3;28,4;27,6;22,3;21;70;66;68;134;10,4;5,1;
2020/09/22;1900 UTC;0;1008,9;1008,9;1008,8;1260,9;27,2;21,4;28,4;27,1;22,1;21;71;66;71;137;9,8;6,1;
2020/09/22;2000 UTC;0;1009,2;1009,2;1008,9;395,4;26,5;21,6;27,4;26,5;22,1;21,3;75;70;75;136;10,1;5,3;
2020/09/22;2100 UTC;0;1009,3;1009,4;1009,2;27;26;21,6;26,5;26;21,7;21,4;77;74;77;139;9,6;5,1;
2020/09/22;2200 UTC;0;1009,9;1009,9;1009,3;;25,9;21,6;26,1;25,9;21,9;21,4;78;76;77;136;10,1;4,2;
2020/09/22;2300 UTC;0;1010,5;1010,5;1009,9;;25,9;21,5;26,1;25,9;21,7;21,3;77;76;77;140;8,5;4,7;
2020/09/23;0000 UTC;0;1010,8;1010,8;1010,5;;25,7;21,1;25,9;25,7;21,5;21,1;77;75;75;141;8,6;4,9;
2020/09/23;0100 UTC;0;1011,3;1011,3;1010,8;;25,7;21,2;25,8;25,6;21,4;20,8;77;74;76;150;8,4;4,5;
2020/09/23;0200 UTC;0;1011;1011,3;1011;;25,5;21;25,7;25,4;21,2;20,8;76;76;76;145;8;3,7;
2020/09/23;0300 UTC;0;1010,4;1011;1010,4;;25,4;20,7;25,7;25,4;21,2;20,7;77;75;75;151;8;4,6;
2020/09/23;0400 UTC;0;1009,7;1010,4;1009,7;;25,3;21;25,5;25,2;21;20,7;77;75;77;144;8,4;4,2;
2020/09/23;0500 UTC;0;1009,2;1009,7;1009,1;;25,1;21,1;25,4;25,1;21,4;21;79;77;78;146;8,9;3,8;
2020/09/23;0600 UTC;0;1009,4;1009,4;1009,1;;25;20,7;25,2;25;21,2;20,6;79;76;77;146;8,3;4,4;
2020/09/23;0700 UTC;0;1009,4;1009,5;1009,3;;25;20,7;25,1;24,8;20,9;20,5;78;76;77;144;9,3;4;
2020/09/23;0800 UTC;0;1009,9;1009,9;1009,4;;25,2;20,8;25,2;25;20,9;20,5;77;76;77;145;9,5;4,6;
2020/09/23;0900 UTC;0;1010,2;1010,2;1009,9;140,5;25,5;21,3;25,5;25,1;21,3;20,7;78;76;77;148;9;4,3;
2020/09/23;1000 UTC;0;1011;1011;1010,2;731,7;26,3;21,3;26,4;25,5;21,6;21,1;77;74;74;139;9,3;5,1;
2020/09/23;1100 UTC;0;1011,5;1011,5;1011;1463,6;27,1;21,5;27,3;26,1;22;21,2;76;71;72;146;10,9;6,1;
2020/09/23;1200 UTC;0;1011,9;1012;1011,5;2558,4;27,7;21,5;28,7;26,8;22,4;21,2;74;67;69;137;10,8;6,7;
2020/09/23;1300 UTC;0;1011,8;1012;1011,8;3236;28,2;21,2;28,9;27,5;22,3;21;70;66;66;136;12,4;6,9;
2020/09/23;1400 UTC;0;1011,5;1011,8;1011,5;3701,5;29;21,9;29,2;28;22,3;21,1;68;64;65;139;11,3;6,1;
2020/09/23;1500 UTC;0;1010,9;1011,5;1010,8;3531,8;28,4;21;29,3;28,1;22;20,8;68;63;65;137;12,2;6,8;
2020/09/23;1600 UTC;0;1009,9;1010,9;1009,9;3418,4;28,1;21,4;29,4;27,9;22,6;20,9;69;63;67;142;12,4;7,6;
2020/09/23;1700 UTC;0;1009,2;1010;1009,2;2626,3;27,9;21,2;29,2;27,9;22,4;21;68;64;67;135;12,9;6,6;
2020/09/23;1800 UTC;0;1009,2;1009,3;1009,1;2102,3;27,4;21,7;28,5;27,4;22;21,3;71;67;71;142;13,1;7,7;
2020/09/23;1900 UTC;0;1009,4;1009,4;1009,1;1274,2;27,4;21,7;28;27;22,1;21,5;73;69;71;149;13,1;7,4;
2020/09/23;2000 UTC;0;1009,7;1009,7;1009,4;401,5;26,6;21,7;27,4;26,5;21,8;21,5;75;71;74;146;11,8;6,5;
2020/09/23;2100 UTC;0;1010,1;1010,1;1009,7;26,4;26,2;21,9;26,6;26,2;21,9;21,4;77;74;77;151;11,5;5;
2020/09/23;2200 UTC;0;1010,7;1010,7;1010,1;;26,2;21,9;26,2;26,1;22,1;21,8;79;77;78;143;10,4;5,1;
2020/09/23;2300 UTC;0;1011,1;1011,1;1010,7;;25,9;21,1;26,2;25,9;22;21;78;74;75;144;9,8;5,1;
2020/09/24;0000 UTC;0;1011,4;1011,4;1011,1;;25,8;21,3;25,9;25,7;21,5;21,1;77;75;77;141;8,7;3,9;
2020/09/24;0100 UTC;0;1011,4;1011,5;1011,3;;25,6;21,4;25,8;25,6;21,5;21,1;78;76;78;142;7,8;4,5;
2020/09/24;0200 UTC;0;1011,2;1011,4;1011,1;;25,5;21,1;25,6;25,4;21,4;21,1;79;77;77;138;8;4,1;
2020/09/24;0300 UTC;0;1010,6;1011,3;1010,6;;25,3;20,9;25,5;25,2;21,3;20,9;78;76;77;141;8,2;4,1;
2020/09/24;0400 UTC;0;1010;1010,6;1010;;25,2;21,1;25,4;25,2;21,1;20,9;78;76;78;141;9,4;4,8;
2020/09/24;0500 UTC;0;1009,7;1010;1009,7;;25,2;21;25,2;25;21,3;21;79;78;78;146;9,4;3,8;
2020/09/24;0600 UTC;0;1010;1010;1009,7;;23,4;20,7;25,2;23,4;21;20;85;76;85;189;7,6;2,6;
2020/09/24;0700 UTC;0;1010;1010;1009,9;;23,1;20,8;23,4;23,1;20,9;20,7;87;85;87;178;4,4;2,1;
2020/09/24;0800 UTC;0;1010,2;1010,2;1009,8;;23,3;20,9;23,3;22,9;20,9;20,7;87;87;87;171;4;2,6;
2020/09/24;0900 UTC;0;1010,5;1010,5;1010,2;59,3;22,9;20,7;23,3;22,9;20,9;20,6;88;86;87;171;5,8;2,2;
2020/09/24;1000 UTC;0;1011;1011;1010,5;732,7;24,6;21,2;24,7;22,9;21,7;20,7;88;82;82;162;6,6;4;
2020/09/24;1100 UTC;0;1011,4;1011,4;1011;1379;26,4;21,2;26,6;24,6;21,9;21;82;73;73;148;7,6;4,7;
2020/09/24;1200 UTC;0;1011,5;1011,6;1011,3;2250,3;26,6;21,5;27,7;26,4;21,9;20,4;74;67;74;138;10;5,4;
2020/09/24;1300 UTC;0;1011,2;1011,5;1011,1;2482,8;27,8;20,8;28,5;26,6;21,4;20;74;63;66;135;11,8;6,8;
2020/09/24;1400 UTC;0;1010,5;1011,2;1010,5;3697;28,6;21;29;27,4;21,6;20;67;61;63;127;12,2;5,3;
2020/09/24;1500 UTC;0;1009,7;1010,6;1009,7;3743,4;27,8;21;29,1;27,7;21,6;20;67;61;66;131;10,7;6,6;
2020/09/24;1600 UTC;0;1008,7;1009,7;1008,7;3432,3;27,9;20,3;28,8;27,4;21,9;20,2;68;62;63;125;11,5;6,2;
2020/09/24;1700 UTC;0;1008,2;1008,7;1008,2;2934,5;27,9;20,9;28,7;27,5;21,7;20,2;68;62;66;130;11,9;6;
2020/09/24;1800 UTC;0;1007,8;1008,2;1007,8;2290,1;27,9;20,3;28,6;27,3;21,6;19,7;69;62;63;125;11;6,1;
2020/09/24;1900 UTC;0;1007,7;1007,8;1007,7;1373;26,8;20,9;28,2;26,8;21;19,4;70;61;70;128;11;5,9;
2020/09/24;2000 UTC;0;1008,1;1008,1;1007,7;367,1;26,3;21,1;26,9;26,3;21,4;20,8;74;70;73;132;10,8;5,8;
2020/09/24;2100 UTC;0;1008,5;1008,6;1008,1;20,5;25,7;21,7;26,3;25,6;21,7;20,9;79;73;79;129;10,8;5,4;
2020/09/24;2200 UTC;0;1009,1;1009,1;1008,5;;25,6;21,4;25,7;25,6;21,8;21,1;79;76;78;129;11;5,1;
2020/09/24;2300 UTC;0;1009,7;1009,7;1009,1;;25,6;21,6;25,6;25,4;21,8;21,2;80;77;78;135;10,9;5,7;
2020/09/25;0000 UTC;0;1010,2;1010,2;1009,7;;25,7;21,4;25,7;25,6;21,7;21,1;79;76;77;131;10,9;5,2;
2020/09/25;0100 UTC;0;1010,3;1010,3;1010,1;;25,6;21,2;25,7;25,6;21,6;21,2;78;77;77;128;9,4;4,7;
2020/09/25;0200 UTC;0;1010,2;1010,3;1010,1;;25,5;21,1;25,6;25,5;21,1;20,7;77;74;77;134;9,1;3,9;
2020/09/25;0300 UTC;0;1009,8;1010,2;1009,7;;25,4;21,1;25,6;25,4;21,2;20,9;77;76;77;136;9,6;4;
2020/09/25;0400 UTC;0;1009,3;1009,8;1009,3;;25,4;20,8;25,5;25,4;21,1;20,7;77;75;76;136;9,6;4,4;
2020/09/25;0500 UTC;0;1009,1;1009,4;1009;;25,4;21;25,4;25,3;21,2;20,8;78;76;77;135;9,2;4,6;
2020/09/25;0600 UTC;0;1009,1;1009,3;1009;;25,4;21,1;25,4;25,2;21,1;20,9;77;76;77;138;8,6;4,2;
2020/09/25;0700 UTC;,2;1009,4;1009,5;1009;;23,3;21,1;25,4;23,1;21,5;20,3;88;77;88;196;8,4;2,3;
2020/09/25;0800 UTC;0;1009,8;1009,8;1009,3;;23,5;21,9;23,5;22,9;21,9;20,7;91;88;91;181;6;2,9;
2020/09/25;0900 UTC;0;1010,4;1010,4;1009,8;164;25;22,1;25;23,5;22,3;21,7;91;84;84;156;7,2;3,3;
2020/09/25;1000 UTC;0;1010,8;1010,8;1010,4;955,3;26,5;21,8;26,5;25;22;21,2;84;75;75;138;8,4;3,7;
2020/09/25;1100 UTC;0;1011,1;1011,1;1010,7;1764,4;26,9;20,5;27,3;26,1;21,6;20,4;75;68;68;152;9;5,5;
2020/09/25;1200 UTC;0;1011,1;1011,3;1011,1;2579,1;28;21,4;28,5;26,6;22;20,4;72;66;67;135;9,8;5,1;
2020/09/25;1300 UTC;0;1010,7;1011,1;1010,6;2713,5;27,8;21,9;28,5;26,9;22,3;21,1;73;67;70;138;10,4;5,2;
2020/09/25;1400 UTC;0;1010,3;1010,7;1010,3;2437,9;25,8;21,7;28,6;25,6;22,7;21,2;79;69;79;176;9,8;4,4;
2020/09/25;1500 UTC;,2;1009,2;1010,3;1009,2;1713,4;26,4;22,9;27,9;25;22,9;20,5;83;70;81;148;9,1;3,4;
2020/09/25;1600 UTC;,2;1008,4;1009,2;1008,4;2457,8;27,5;21,3;27,8;25,2;22,9;21;83;68;69;130;9,6;5,1;
2020/09/25;1700 UTC;0;1007,9;1008,4;1007,9;2437,9;27,2;20,9;28,2;26,6;22,1;20,7;75;66;68;132;10,5;5,1;
2020/09/25;1800 UTC;0;1007,6;1007,9;1007,6;2192,4;26,7;20,9;28,2;26,5;22,4;20,9;74;67;71;128;10,6;5,3;
2020/09/25;1900 UTC;0;1007,4;1007,6;1007,2;1290,7;26,7;20,7;27,4;26,6;21,5;20,6;72;68;70;129;10,3;5,6;
2020/09/25;2000 UTC;0;1007,7;1007,7;1007,3;354,7;26,1;20,9;26,9;26,1;21,4;20,6;74;69;73;138;11,2;5,6;
2020/09/25;2100 UTC;0;1008,2;1008,2;1007,6;21,9;25,6;20,9;26,1;25,6;21,4;20,8;76;73;75;136;9,9;4,8;
2020/09/25;2200 UTC;0;1008,8;1008,8;1008,2;;25,6;20,9;25,6;25,5;21;20,8;76;75;75;135;9,9;5;
2020/09/25;2300 UTC;0;1009,3;1009,4;1008,7;;25,5;20,7;25,6;25,5;21;20,6;76;74;74;141;9,9;4,6;
2020/09/26;0000 UTC;0;1009,8;1009,8;1009,3;;25,6;20,4;25,6;25,5;20,7;20,1;75;72;73;144;10,5;4,9;
2020/09/26;0100 UTC;0;1009,9;1010;1009,8;;25,6;20,5;25,6;25,4;20,7;20,3;75;73;74;135;10,8;5,2;
2020/09/26;0200 UTC;0;1009,5;1010;1009,5;;25,4;20,6;25,6;25,4;20,7;20,4;75;73;75;138;11,6;4,8;
2020/09/26;0300 UTC;0;1008,8;1009,5;1008,8;;25,4;20,7;25,5;25,3;20,9;20,4;76;74;75;140;9,9;4,9;
2020/09/26;0400 UTC;0;1008,4;1008,8;1008,3;;25,2;20,7;25,5;25,2;20,8;20,5;76;75;76;132;9,3;4,6;
2020/09/26;0500 UTC;0;1008;1008,4;1007,9;;25,2;20,5;25,2;25,1;20,6;20,3;76;74;75;128;10;4,8;
2020/09/26;0600 UTC;0;1008;1008;1007,9;;25,2;20,6;25,2;25;20,7;20,3;76;74;76;133;9,3;4,4;
2020/09/26;0700 UTC;0;1008;1008,1;1008;;25,1;20,5;25,2;25,1;20,6;20,3;76;74;75;129;8,1;3,8;
2020/09/26;0800 UTC;0;1008,3;1008,3;1008;;24,9;20,6;25,2;24,7;21,1;20,4;80;75;77;123;8,2;4,8;
2020/09/26;0900 UTC;0;1008,8;1008,8;1008,3;100,6;25,5;21;25,5;24,9;21;20,6;78;76;76;125;7,6;3,8;
2020/09/26;1000 UTC;0;1009,3;1009,3;1008,8;768,2;26,7;20,9;26,7;25,4;21;20,5;76;70;71;128;8,9;4,2;
2020/09/26;1100 UTC;0;1009,7;1009,7;1009,2;1872,7;27,4;21,1;27,6;26,3;21,3;20,2;72;67;69;117;9,5;4,9;
2020/09/26;1200 UTC;0;1010;1010;1009,7;2588,9;27,3;20,9;28;26,6;21,1;20;69;65;68;133;9,2;5,1;
2020/09/26;1300 UTC;0;1009,6;1010;1009,6;3330,8;28;21,1;28,4;27,2;21,5;20,4;68;64;66;139;9,5;5;
2020/09/26;1400 UTC;0;1009;1009,6;1009;3723,3;27,9;21;28,8;27,4;22;20,8;69;64;66;121;9,1;5,4;
2020/09/26;1500 UTC;0;1008,1;1009,1;1008,1;3763,3;27,7;21;29,3;27,6;22;21;69;64;67;127;10,5;5;
2020/09/26;1600 UTC;0;1007,2;1008,1;1007,2;3500;28;21,6;28,9;27,5;22;20,9;69;65;68;129;9,8;5,9;
2020/09/26;1700 UTC;0;1005,9;1007,2;1005,9;2966,1;27,7;20,9;29,2;27,4;22,2;20,6;69;64;66;127;10,7;5,8;
2020/09/26;1800 UTC;0;1005,8;1006;1005,7;2276,5;27,2;21;28,5;27,1;21,7;20,6;70;65;69;129;10,5;6,2;
2020/09/26;1900 UTC;0;1005,9;1005,9;1005,7;1395,7;26,7;21;27,8;26,7;21,4;20,5;72;67;71;130;10,5;5,4;
2020/09/26;2000 UTC;0;1006,1;1006,2;1005,9;452;26,3;20,5;27,1;26,3;21,3;20,3;72;69;70;125;9,3;4,4;
2020/09/26;2100 UTC;0;1006,7;1006,7;1006,1;15,8;25,8;20,7;26,3;25,8;20,8;19,8;74;68;73;123;8,6;4,2;
2020/09/26;2200 UTC;0;1007,6;1007,6;1006,7;;25,6;20,8;25,8;25,6;21;20,6;75;73;75;126;8,6;5;
2020/09/26;2300 UTC;0;1008,1;1008,1;1007,6;;25,5;21,1;25,6;25,4;21,1;20,8;77;75;77;128;8,5;5;
2020/09/27;0000 UTC;0;1008,7;1008,7;1008,1;;25,2;21,3;25,5;25,2;21,3;21,1;79;77;79;133;8,4;3,9;
2020/09/27;0100 UTC;0;1009;1009;1008,7;;25,3;20,9;25,4;25,2;21,3;20,9;79;76;76;135;8,9;4,1;
2020/09/27;0200 UTC;0;1008,6;1009;1008,6;;25,1;21,1;25,4;25,1;21,1;20,8;78;76;78;141;7,9;3,7;
2020/09/27;0300 UTC;0;1008,1;1008,6;1008,1;;25,1;21,1;25,2;25;21,2;21;79;78;79;147;7,5;3,6;
2020/09/27;0400 UTC;0;1007,3;1008,1;1007,3;;24,9;21;25,1;24,9;21,2;20,9;80;78;79;145;6,6;2,9;
2020/09/27;0500 UTC;0;1006,8;1007,4;1006,8;;23,4;20,7;25;23,4;21;20,4;85;79;85;170;6;2,2;
2020/09/27;0600 UTC;0;1006,6;1006,9;1006,6;;22,9;20,5;23,4;22,9;20,8;20,5;86;85;86;183;3,9;2;
2020/09/27;0700 UTC;0;1006,6;1006,7;1006,5;;22,5;20,7;22,9;22,5;20,7;20,5;90;86;90;182;5,7;3,2;
2020/09/27;0800 UTC;0;1007;1007;1006,6;;22,2;20,7;22,5;22,2;20,7;20,6;91;90;91;183;6;3;
2020/09/27;0900 UTC;0;1007,6;1007,6;1007;149,5;22,7;21;22,7;22,1;21,1;20,6;91;91;91;185;6,4;2,8;
2020/09/27;1000 UTC;0;1008,3;1008,3;1007,6;914,6;24,3;21,7;24,3;22,7;21,7;20,9;91;85;85;189;7;3,1;
2020/09/27;1100 UTC;0;1008,9;1008,9;1008,3;1810,2;26,8;21,6;26,8;24,2;21,9;21,3;85;73;73;159;8,3;4,3;
2020/09/27;1200 UTC;0;1008,8;1009;1008,8;2496,5;28,1;20,8;28,3;26,3;22;20,2;73;63;64;148;9;5;
2020/09/27;1300 UTC;0;1008,5;1008,8;1008,5;3232;29,3;20,8;29,8;28;21,1;19,8;65;59;60;156;10,6;4,7;
2020/09/27;1400 UTC;0;1008,1;1008,6;1008;3643,8;29,3;20,4;29,9;28,5;21;19,7;61;56;59;138;10,6;6,3;
2020/09/27;1500 UTC;0;1006,9;1008,1;1006,9;3673,8;29,5;20,6;30,2;28,5;21,5;20;62;57;59;137;12;6,3;
2020/09/27;1600 UTC;0;1006,1;1007;1006,1;3383,7;28,5;21,6;29,6;27,9;22,4;20,5;68;59;66;143;12;5,9;
2020/09/27;1700 UTC;0;1005,6;1006,1;1005,6;2839,2;28,1;22,2;29,1;27,8;22,2;21,3;71;64;71;144;11,1;6,6;
2020/09/27;1800 UTC;0;1005,3;1005,6;1005,2;2215,8;27,4;22,3;29,2;27,2;22,7;21,4;74;66;74;135;11,1;6,3;
2020/09/27;1900 UTC;0;1005,5;1005,5;1005,1;1345;27,3;22,3;28,1;27,2;22,7;22;75;71;74;139;11;5,4;
2020/09/27;2000 UTC;0;1005,9;1005,9;1005,5;471,7;26,5;22,3;27,4;26,5;22,6;22,1;78;74;78;140;9,6;5,1;
2020/09/27;2100 UTC;0;1006,2;1006,2;1005,9;19;26,1;22,5;26,6;26,1;22,6;22,3;81;78;81;139;8,9;4,9;
2020/09/27;2200 UTC;0;1006,9;1006,9;1006,2;;26,2;22,7;26,2;26,1;22,7;22,3;82;80;81;144;8,7;4,7;
2020/09/27;2300 UTC;0;1007,6;1007,6;1006,9;;26;22,4;26,2;26;22,8;22,4;82;80;80;148;8,8;4,3;
2020/09/28;0000 UTC;0;1008,2;1008,2;1007,6;;26;22,6;26,1;25,9;22,9;22,4;83;80;82;143;8,5;4,4;
2020/09/28;0100 UTC;0;1008,3;1008,4;1008,2;;25,8;22,9;26;25,8;23,2;22,6;85;82;85;148;8,5;4,7;
2020/09/28;0200 UTC;0;1007,9;1008,3;1007,8;;25;23,2;25,8;24,6;23,3;22,7;90;85;90;148;7,9;2,5;
2020/09/28;0300 UTC;,4;1007,3;1007,9;1007,3;;24,7;23,4;25;24,5;23,5;22,9;93;89;93;147;7,4;3,6;
2020/09/28;0400 UTC;0;1006,6;1007,3;1006,6;;24,8;23,2;24,8;24,7;23,4;23,1;93;91;91;147;6,4;2,9;
2020/09/28;0500 UTC;0;1006;1006,6;1006;;24,1;22,6;24,9;24;23,2;22,4;91;90;91;152;9,2;2,3;
2020/09/28;0600 UTC;,2;1005,3;1006;1005,3;;24,4;23,1;24,6;24,1;23,3;22,6;93;91;93;131;7,8;3,3;
2020/09/28;0700 UTC;0;1005,4;1005,4;1005,3;;24,7;23;24,7;24,4;23,2;23;93;91;91;147;6,1;3,2;
2020/09/28;0800 UTC;0;1005,5;1005,5;1005,4;;24,8;23,1;24,9;24,6;23,2;22,8;91;90;90;142;5,8;3,1;
2020/09/28;0900 UTC;,2;1006,2;1006,2;1005,5;74,4;25,1;23,2;25,2;24,8;23,3;22,9;91;88;89;143;7;3,4;
2020/09/28;1000 UTC;0;1007,2;1007,2;1006,2;296,4;24,1;22,5;25,4;24,1;23,3;22,2;91;86;91;152;9,8;5,2;
2020/09/28;1100 UTC;,2;1007,9;1007,9;1007,2;1279;27,2;24;27,2;24;24;22,5;92;82;83;140;10,7;5,4;
2020/09/28;1200 UTC;0;1008,5;1008,5;1007,9;1779,3;27,4;23,2;27,6;26,9;23,9;22,9;83;77;78;138;10,5;5,5;
2020/09/28;1300 UTC;0;1008,5;1008,8;1008,5;1851,8;26,5;22,7;27,6;25,7;24,4;22,5;86;78;80;148;11,3;5,4;
2020/09/28;1400 UTC;0;1007,9;1008,5;1007,9;2649,8;28,2;23;28,6;26,2;23,8;22,4;81;73;73;129;11,4;6,3;
2020/09/28;1500 UTC;0;1006,9;1007,9;1006,9;3375;28,8;22,9;29,3;27,9;24;22,6;75;70;70;137;11,8;6,3;
2020/09/28;1600 UTC;0;1006,2;1006,9;1006,2;3180,4;28,5;22,5;29,1;28;23,9;22,1;74;70;70;133;12,2;6,1;
2020/09/28;1700 UTC;0;1005,6;1006,2;1005,6;2446,3;28,1;22,4;28,7;27,8;23,3;22,1;75;70;71;135;10,3;5,6;
2020/09/28;1800 UTC;0;1005,4;1005,6;1005,4;2163,7;27,7;22,4;28,7;27,5;23;22,2;74;70;73;128;9,6;5,6;
2020/09/28;1900 UTC;0;1005,7;1005,7;1005,4;1286,1;27,3;22,3;27,9;27;23;21,9;75;73;74;130;9,6;5,2;
2020/09/28;2000 UTC;0;1006;1006;1005,7;322,6;26,6;22,1;27,3;26,5;22,5;22;77;74;77;135;8,5;4,6;
2020/09/28;2100 UTC;0;1006,6;1006,6;1005,9;20,3;26,2;21,9;26,6;26,2;22,2;21,9;78;77;77;140;8,9;4,6;
2020/09/28;2200 UTC;0;1007,5;1007,5;1006,6;;26;21,9;26,2;25,9;22;21,7;79;77;78;137;9,2;4,4;
2020/09/28;2300 UTC;0;1008,3;1008,3;1007,5;;25,9;21,8;26,1;25,9;22,1;21,8;79;78;78;136;9,2;4,5;
2020/09/29;0000 UTC;0;1008,5;1008,6;1008,3;;25,9;22,3;26;25,8;22,4;21,8;81;78;81;143;8,9;4,4;
2020/09/29;0100 UTC;0;1009;1009;1008,5;;25,7;21,7;25,9;25,7;22,3;21,6;81;78;78;144;8,9;3,7;
2020/09/29;0200 UTC;0;1009;1009,1;1009;;25,8;22,1;25,8;25,7;22,2;21,7;81;78;80;159;7,7;3,7;
2020/09/29;0300 UTC;0;1008,2;1009;1008,2;;25,7;22;25,9;25,6;22,1;21,7;80;78;80;152;8,7;3,6;
2020/09/29;0400 UTC;0;1007,8;1008,2;1007,8;;25,4;21,5;25,8;25,4;22,2;21,4;81;78;79;158;9,5;3,4;
2020/09/29;0500 UTC;0;1007,4;1007,8;1007,4;;25,3;21,8;25,4;25,2;21,8;21,4;81;79;81;149;6,8;3,1;
2020/09/29;0600 UTC;0;1007,3;1007,4;1007,3;;25,2;21,7;25,5;25,2;21,9;21,6;81;80;81;159;8,7;2,9;
2020/09/29;0700 UTC;0;1007,5;1007,5;1007,3;;24,9;21,7;25,4;24,9;21,8;21,5;82;80;82;159;6,8;2,3;
2020/09/29;0800 UTC;0;1007,9;1007,9;1007,5;;25,3;21,3;25,4;24,9;21,9;21,3;83;78;78;141;8,9;4,7;
2020/09/29;0900 UTC;0;1008,4;1008,4;1007,9;139,1;25,5;21,5;25,5;25,1;21,5;21;79;77;78;144;8,8;4;
2020/09/29;1000 UTC;0;1008,8;1008,9;1008,4;907,4;26,5;21,4;26,5;25,5;21,8;21,3;78;74;74;145;8,6;5,2;
2020/09/29;1100 UTC;0;1009,5;1009,5;1008,8;1787,1;27,1;21,2;27,8;26,5;21,9;20,9;74;69;70;140;9,4;5,6;
2020/09/29;1200 UTC;0;1009,8;1009,9;1009,5;2499,2;27,4;21,8;28;27,1;22,1;21,2;72;69;71;148;10,5;6,1;
2020/09/29;1300 UTC;0;1009,7;1009,9;1009,6;3201;28,2;21,7;28,7;27,3;22,4;21,1;73;66;68;136;10,4;6,1;
2020/09/29;1400 UTC;0;1009,1;1009,7;1009,1;3404,5;28,6;21,5;29,6;27,8;22,4;21,1;69;63;65;140;10,7;6;
2020/09/29;1500 UTC;0;1008,2;1009,1;1008,2;3679,9;28,6;20,5;29,5;28,1;22,2;20,5;67;62;62;144;12,2;6,3;
2020/09/29;1600 UTC;0;1007,4;1008,2;1007,4;3358,9;28,3;21,4;29,7;28,2;22;20,7;67;61;67;130;11,2;5,8;
2020/09/29;1700 UTC;0;1007,2;1007,5;1007,2;2664,9;28,9;21,6;29,1;27,8;22,1;20,8;68;63;65;144;11,5;6,7;
2020/09/29;1800 UTC;0;1007,1;1007,2;1007;2143,3;28;21,2;29;27,6;22,5;20,8;70;64;67;137;11,8;6;
2020/09/29;1900 UTC;0;1007,1;1007,2;1007,1;1081;27,4;21,6;28;26,9;21,7;20,7;71;67;70;134;11,8;5,8;
2020/09/29;2000 UTC;0;1007,2;1007,3;1007;418,4;26,6;20,5;27,4;26,6;21,4;20,4;71;68;69;135;9,6;5,2;
2020/09/29;2100 UTC;0;1007,7;1007,7;1007,2;19,4;26;21,4;26,6;26;21,4;20,6;76;69;76;139;9,2;4,4;
2020/09/29;2200 UTC;0;1008,2;1008,2;1007,7;;25,9;21,1;26;25,9;21,3;21,1;76;75;75;143;8,5;4,6;
2020/09/29;2300 UTC;0;1008,8;1008,8;1008,2;;25,8;21,1;26;25,8;21,1;20,8;75;73;75;141;9,2;4,8;
2020/09/30;0000 UTC;0;1009,5;1009,5;1008,8;;25,7;21,3;25,8;25,7;21,3;21;77;75;77;145;8,9;3,7;
2020/09/30;0100 UTC;0;1009,8;1009,8;1009,5;;26;21,1;26;25,6;21,5;21;77;74;75;144;8,9;4,9;
2020/09/30;0200 UTC;0;1009,3;1009,8;1009,3;;25,6;21,1;26;25,6;21,4;21;77;75;76;140;9;4,3;
2020/09/30;0300 UTC;0;1009;1009,3;1009;;25,6;21,3;25,8;25,5;21,6;21;78;76;77;146;8,4;4,2;
2020/09/30;0400 UTC;0;1008,3;1009;1008,3;;25,7;21,1;25,7;25,4;21,7;21,1;80;76;76;145;8,6;4,1;
2020/09/30;0500 UTC;0;1007,9;1008,3;1007,8;;25,6;21,3;25,8;25,5;21,3;20,8;77;74;77;148;8,8;4;
2020/09/30;0600 UTC;0;1007,4;1007,9;1007,4;;24,7;21;25,6;24,7;21,4;21;80;77;80;177;7,5;2,7;
2020/09/30;0700 UTC;0;1007,7;1007,7;1007,4;;23,4;21;24,7;23,4;21;20,8;86;80;86;191;5,1;2,8;
2020/09/30;0800 UTC;0;1008,2;1008,2;1007,7;;23,3;21,1;23,4;23,1;21,1;20,8;88;86;87;172;5;2,1;
2020/09/30;0900 UTC;0;1008,8;1008,8;1008,2;105;24,1;21,5;24,1;23,2;21,5;21;88;85;85;171;5,2;2,4;
2020/09/30;1000 UTC;0;1009,5;1009,5;1008,8;750,7;25,6;22,2;26,4;24,1;22,4;20,9;85;76;82;173;9,7;3,5;
2020/09/30;1100 UTC;0;1010;1010;1009,4;1699,9;27,5;21,8;27,9;25,5;22,8;21,5;82;71;71;141;10;5,5;
2020/09/30;1200 UTC;0;1010,1;1010,2;1010;2613,9;28,4;20,9;28,6;27,4;22,3;20,9;71;64;64;145;10,2;5,7;
2020/09/30;1300 UTC;0;1009,7;1010,1;1009,6;3222,4;29,7;19,6;29,7;28,2;21,1;19;64;53;55;141;11,8;6,6;
2020/09/30;1400 UTC;0;1009,1;1009,7;1009,1;3639;28,9;19,7;30,2;28,6;21,5;19,4;64;54;58;143;12,1;6,8;
2020/09/30;1500 UTC;0;1007,7;1009,1;1007,7;3657,5;29,4;21,5;30,3;28,9;21,9;19,8;65;56;62;135;12,1;5,4;
2020/09/30;1600 UTC;0;1006,6;1007,7;1006,6;3403,1;28,7;21,5;30,4;28,5;21,9;20;66;56;65;145;12,7;7,4;
2020/09/30;1700 UTC;0;1005,9;1006,6;1005,8;2688,5;28,3;21,6;29,5;28,1;22;21;67;62;67;136;12,7;6,4;
2020/09/30;1800 UTC;0;1005,8;1005,9;1005,6;1558,8;27,8;22;29,2;27,7;22,3;21,5;71;65;71;132;12,5;5,7;
2020/09/30;1900 UTC;0;1006;1006,1;1005,7;1096,1;27,6;22,4;28,6;27,5;22,9;21,4;74;66;73;139;11,5;5,9;
2020/09/30;2000 UTC;0;1006,4;1006,4;1006;314,8;27;22,4;27,9;26,8;22,7;22;76;73;76;150;12,3;6,8;
2020/09/30;2100 UTC;0;1006,8;1006,8;1006,3;21;26,5;22,3;27;26,5;22,4;21,7;78;74;78;140;12,4;6,4;
2020/09/30;2200 UTC;0;1007,3;1007,3;1006,8;;26,3;22,3;26,5;26,3;22,6;22,1;79;77;79;144;12,4;5,1;
2020/09/30;2300 UTC;0;1007,8;1007,8;1007,3;;26,3;22,1;26,3;26,2;22,4;21,8;79;76;78;146;11,3;4,6;
2020/10/01;0000 UTC;0;1008,5;1008,5;1007,8;;26,2;22,1;26,4;26,2;22,4;21,9;79;77;78;146;11,5;4,7;
2020/10/01;0100 UTC;0;1008,6;1008,7;1008,5;;26,2;22,2;26,3;26,2;22,2;22;79;78;79;145;10;5,3;
2020/10/01;0200 UTC;0;1008,2;1008,6;1008,2;;26;22,1;26,2;25,9;22,3;21,9;79;78;79;144;10,3;5;
2020/10/01;0300 UTC;0;1007,3;1008,2;1007,3;;25,7;21,9;26;25,7;22,2;21,8;80;78;79;145;10,2;4,3;
2020/10/01;0400 UTC;0;1006,5;1007,3;1006,5;;25,9;21,9;25,9;25,7;22;21,7;80;79;79;145;10,3;5,2;
2020/10/01;0500 UTC;0;1005,9;1006,5;1005,9;;25,8;21,6;25,9;25,6;22;21,4;80;77;78;143;10,3;5,2;
2020/10/01;0600 UTC;0;1005,7;1006;1005,6;;25,8;21,4;25,9;25,8;21,6;21,1;78;75;77;159;9,4;4,4;
2020/10/01;0700 UTC;0;1005,9;1005,9;1005,6;;24,6;21,5;25,9;24,6;21,6;21,4;83;77;83;184;8,7;3,4;
2020/10/01;0800 UTC;0;1006;1006;1005,8;;24,3;21,6;24,7;24,3;21,6;21,5;85;83;85;170;6,3;3,1;
2020/10/01;0900 UTC;0;1006,9;1006,9;1006;32,1;24,3;21,6;24,4;24,3;21,6;21,5;85;84;85;186;6,2;2,9;
2020/10/01;1000 UTC;0;1007,2;1007,3;1006,9;331,1;25,1;21,7;25,1;24,3;21,8;21,5;85;82;82;170;6,8;3,7;
2020/10/01;1100 UTC;0;1007,8;1007,8;1007,2;944,7;26,1;21,8;26,3;24,7;22,9;21,5;85;77;77;160;9,4;5,8;
2020/10/01;1200 UTC;,6;1008,5;1008,5;1007,7;635,8;24,1;22,3;26,5;24,1;22,3;20,9;90;74;90;138;11,1;4,5;
2020/10/01;1300 UTC;,4;1007,8;1008,5;1007,8;1300,8;26,3;22,4;26,3;23,8;23,1;22,1;93;79;79;139;11,8;4,6;
2020/10/01;1400 UTC;,6;1007,2;1007,8;1007,2;1259,2;24,5;23,1;27;24,1;23,2;22,4;92;79;92;130;11;4,8;
2020/10/01;1500 UTC;0;1005,7;1007,2;1005,7;2458,2;28,5;20,5;28,8;24,5;24,5;20,5;93;62;62;152;12,6;6,9;
2020/10/01;1600 UTC;0;1004,8;1005,7;1004,8;3005,2;28,3;21,3;29,3;28,1;22,5;20,5;68;62;66;149;13,3;7,5;
2020/10/01;1700 UTC;0;1004;1004,8;1004;2714;28,1;22,1;29,1;27,8;22,4;21;70;65;70;145;15;8;
2020/10/01;1800 UTC;0;1003,7;1004;1003,7;2155,9;28,2;21,7;28,8;27,5;22,7;21,3;72;67;68;151;15;6,9;
2020/10/01;1900 UTC;0;1003,8;1003,8;1003,6;1594,2;27,6;20,4;28,4;27,4;22,4;20,4;70;65;65;148;15,3;8,2;
2020/10/01;2000 UTC;0;1004;1004,1;1003,8;594,6;26,7;21,5;27,8;26,7;21,5;20,3;73;64;73;150;15,3;7,8;
2020/10/01;2100 UTC;0;1004,8;1004,8;1004;20,5;26,5;21,8;26,7;26,5;21,8;21,2;76;72;76;157;13,9;5,7;
2020/10/01;2200 UTC;0;1005,5;1005,5;1004,8;;26,4;21,5;26,5;26,4;21,8;21,3;76;73;74;160;13,6;5,5;
2020/10/01;2300 UTC;0;1006,3;1006,3;1005,4;;26,3;21,4;26,4;26,3;21,5;21,1;75;73;74;158;12,2;5,6;
2020/10/02;0000 UTC;0;1007,1;1007,1;1006,3;;26,2;21,3;26,4;26,1;21,4;21;75;73;75;157;10,4;5;
2020/10/02;0100 UTC;0;1007,7;1007,7;1007,1;;26,1;21,3;26,2;26,1;21,4;21,1;75;73;75;161;10,2;4,4;
2020/10/02;0200 UTC;0;1007,4;1007,8;1007,3;;25,9;21,3;26,2;25,9;21,4;21,3;76;75;76;167;10;3,7;
2020/10/02;0300 UTC;0;1006,8;1007,4;1006,8;;25;21,1;25,9;25;21,3;20,9;79;76;79;173;7,1;2,9;
2020/10/02;0400 UTC;0;1005,8;1006,8;1005,8;;24,5;21,7;25;24,3;21,7;21,2;85;79;85;176;6,7;2,5;
2020/10/02;0500 UTC;0;1005,3;1005,8;1005,3;;23,9;21,4;24,5;23,9;21,7;21,4;86;84;86;206;5,6;2,9;
2020/10/02;0600 UTC;0;1005,1;1005,4;1005,1;;23,9;21,7;24;23,7;21,7;21,3;87;86;87;173;5,6;2,8;
2020/10/02;0700 UTC;0;1005,5;1005,5;1005,1;;23,8;21,8;24;23,8;21,9;21,7;89;87;89;184;5,6;2,3;
2020/10/02;0800 UTC;0;1005,8;1005,9;1005,5;;25,2;21,8;25,2;23,8;22,4;21,8;89;82;82;140;9,5;4,1;
2020/10/02;0900 UTC;0;1006,2;1006,2;1005,7;86,2;24,7;22,3;25,4;24,4;22,5;21,7;87;81;86;183;8,3;2,6;
2020/10/02;1000 UTC;0;1007,1;1007,1;1006,2;803,7;26,7;21,6;27;24,7;22,7;21,6;86;73;74;143;10;5,3;
2020/10/02;1100 UTC;0;1007,6;1007,7;1007,1;1807,7;27,1;21,6;28,2;26,7;22,7;21,3;75;68;72;140;12,2;6,6;
2020/10/02;1200 UTC;0;1007,8;1007,9;1007,6;2331,6;28,2;20,8;28,4;26,8;22,9;20,7;76;64;65;143;12,8;7,1;
2020/10/02;1300 UTC;0;1007,6;1007,9;1007,5;2917,6;29,9;20,7;29,9;28,1;22;19,1;68;54;58;152;12,1;6,3;
2020/10/02;1400 UTC;0;1007;1007,6;1007;3609,5;29,7;22,4;30,1;28,4;22,4;18,9;67;53;65;133;11,9;5,9;
2020/10/02;1500 UTC;0;1005,8;1007;1005,8;3644,1;28,9;21,9;29,8;28,4;22,6;21,3;68;63;66;145;14,5;7,7;
2020/10/02;1600 UTC;0;1005,1;1005,8;1005,1;3182,7;28,7;22,1;29,6;28,3;22,8;21,2;70;63;68;139;14,9;7,8;
2020/10/02;1700 UTC;0;1004,7;1005,1;1004,7;2188;27,3;22,1;29,3;26,5;23,3;21,7;80;68;73;135;14,5;8;
2020/10/02;1800 UTC;0;1004,4;1004,7;1004,4;1735,4;27,3;21,8;28,4;27,3;22,5;20,5;73;64;72;145;14,1;7,3;
2020/10/02;1900 UTC;0;1004,6;1004,6;1004,3;952,9;27,1;21,7;28,1;26,8;22,3;21,5;74;68;73;141;12,9;4,7;
2020/10/02;2000 UTC;0;1004,8;1004,8;1004,4;319,4;26,7;22,6;27,1;26,5;22,8;21,7;79;73;78;146;11,7;4,8;
2020/10/02;2100 UTC;0;1005,6;1005,6;1004,8;18,9;26,5;21,9;26,7;26,5;22,5;21,6;78;74;76;156;12,5;5,1;
2020/10/02;2200 UTC;0;1006,4;1006,4;1005,6;;26,5;21,6;26,6;26,4;21,9;21,5;76;74;74;153;12;4,9;
2020/10/02;2300 UTC;0;1007;1007;1006,4;;26,3;21,3;26,6;26,2;21,5;21,1;74;73;74;144;11,8;5,3;
2020/10/03;0000 UTC;0;1007,6;1007,7;1007;;26,2;21,5;26,3;26,2;21,5;21;75;73;75;157;10;4,3;
2020/10/03;0100 UTC;0;1007,8;1007,8;1007,6;;26,3;21,2;26,3;26,2;21,8;21,2;76;74;74;147;11,4;6,1;
2020/10/03;0200 UTC;0;1007,3;1007,9;1007,2;;26,1;21,6;26,3;26,1;21,8;21;77;73;76;155;11,6;5,7;
2020/10/03;0300 UTC;0;1006,8;1007,3;1006,8;;25,8;21,6;26,1;25,7;22,1;21,5;80;76;78;142;11,1;4,8;
2020/10/03;0400 UTC;0;1006,1;1006,8;1006,1;;25,5;21;25,9;25,5;21,7;21;78;75;76;147;9,4;4,2;
2020/10/03;0500 UTC;0;1006;1006,2;1006;;25;22,2;25,6;24,8;22,2;20,9;85;76;84;144;8,7;4,3;
2020/10/03;0600 UTC;0;1006,2;1006,2;1005,9;;24,8;21,9;25,4;24,5;22,3;21,6;84;82;84;172;8,9;2,9;
2020/10/03;0700 UTC;0;1006,4;1006,4;1006,1;;25,5;21,1;25,6;24,8;22,1;20,9;84;76;77;138;9,4;5,1;
2020/10/03;0800 UTC;0;1006,8;1006,8;1006,4;;25,3;21,7;25,5;25,3;21,8;21,1;81;77;80;141;9,3;3,9;
2020/10/03;0900 UTC;0;1007,1;1007,2;1006,7;154,1;25;21,8;25,3;24,3;21,8;21,1;83;80;82;191;6,9;2,3;
2020/10/03;1000 UTC;0;1007,7;1007,7;1007,1;930,8;25,9;22,1;26;24,8;22,3;21,5;83;79;80;195;4,9;2,9;
2020/10/03;1100 UTC;0;1007,8;1007,9;1007,6;1867,4;27,8;21,1;28,1;25,9;22,5;20,9;80;66;67;153;8,9;5,1;
2020/10/03;1200 UTC;0;1008,1;1008,1;1007,8;2741,5;28,8;21,6;29,6;27,9;21,8;19,6;67;60;65;145;13,1;6,9;
2020/10/03;1300 UTC;0;1008;1008,2;1007,9;3274,2;28,6;20,8;29,9;28,3;22,5;20,5;69;60;63;146;13,7;7;
2020/10/03;1400 UTC;0;1007,5;1008;1007,5;3717,8;28,6;21,8;29,4;28,4;22;20,6;67;61;67;140;13,7;8,2;
2020/10/03;1500 UTC;0;1006,7;1007,6;1006,6;3558,7;28,6;21,7;29,8;27,9;22,5;20,6;69;61;66;141;14,1;8,1;
2020/10/03;1600 UTC;0;1005,8;1006,7;1005,8;3336,1;28,9;20,9;29,5;28,3;22;19,9;67;58;62;139;13,2;6,8;
2020/10/03;1700 UTC;0;1005,5;1005,8;1005,4;2811,3;28,7;21,5;29,5;28;22;20,1;68;59;65;143;11,8;6,5;
2020/10/03;1800 UTC;0;1005,1;1005,5;1005,1;2144,8;28,1;21,2;28,8;27,9;21,9;20,6;67;63;66;141;11,9;6,6;
2020/10/03;1900 UTC;0;1005,5;1005,5;1005;1368;27,4;21,2;28,4;27,4;21,8;20,5;69;65;69;142;10,8;6,8;
2020/10/03;2000 UTC;0;1005,9;1005,9;1005,5;526;26,8;21,8;27,6;26,7;22;21;75;68;74;142;11,4;5,1;
2020/10/03;2100 UTC;0;1006,5;1006,5;1005,9;28,2;26,8;21,4;27;26,5;21,6;21,2;74;71;73;148;9,8;5,5;
2020/10/03;2200 UTC;0;1007,2;1007,2;1006,5;;26,3;21,5;26,8;26,3;21,7;21,2;75;72;75;150;8,9;3,7;
2020/10/03;2300 UTC;0;1007,8;1007,8;1007,1;;26,2;22;26,3;26,2;22,1;21,5;78;75;78;167;8,4;4,1;
2020/10/04;0000 UTC;0;1008,6;1008,6;1007,8;;24,8;21,9;26,4;24,8;22;21,7;84;75;84;147;9,9;3,5;
2020/10/04;0100 UTC;0;1009,1;1009,1;1008,6;;25,7;22;25,7;24,8;22,4;21,6;84;79;80;147;9,7;4,2;
2020/10/04;0200 UTC;1,4;1008,9;1009,2;1008,9;1,4;23,7;22,3;25,7;23,7;22,7;21,3;93;80;92;126;11,7;5;
2020/10/04;0300 UTC;,4;1008,2;1008,9;1008,2;,2;23,7;22,1;24,7;23,7;22,5;21,9;92;86;91;153;10,6;4,1;
2020/10/04;0400 UTC;1,8;1007,5;1008,2;1007,5;;23,5;22,4;23,7;23,3;22,5;22,1;94;91;94;166;8,3;3,2;
2020/10/04;0500 UTC;,2;1007,2;1007,5;1007,2;;23,6;22,6;23,6;23,3;22,6;22,3;94;93;94;180;6,6;2,3;
2020/10/04;0600 UTC;0;1006,9;1007,2;1006,8;;23,4;22,5;23,6;23,3;22,7;22,4;95;94;95;176;4,6;2,3;
2020/10/04;0700 UTC;0;1007;1007;1006,9;;23,2;22,4;23,4;23,1;22,6;22,3;95;95;95;179;3,9;1,7;
2020/10/04;0800 UTC;,6;1007,4;1007,4;1006,9;;23,3;22,6;23,3;23,1;22,6;22,3;96;95;96;209;4,1;2,1;
2020/10/04;0900 UTC;,6;1007,7;1007,7;1007,3;73,1;24,3;23,4;24,3;23,1;23,4;22,4;96;95;95;147;7,2;2,5;
2020/10/04;1000 UTC;0;1008,4;1008,4;1007,7;942,6;26,6;23,2;26,6;24,3;23,5;22,3;95;82;82;152;7,2;3,4;
2020/10/04;1100 UTC;0;1008,6;1008,6;1008,4;1678,1;26,8;22,8;26,8;26,2;23,1;21,8;82;75;79;140;8,8;4,8;
2020/10/04;1200 UTC;0;1008,8;1008,8;1008,5;2768,3;27,3;22,2;28;26,5;23,5;21,7;80;71;73;136;8,4;5,2;
2020/10/04;1300 UTC;0;1008,4;1008,8;1008,4;3386,9;27,7;21,9;28,5;27,2;23;21,5;75;69;71;139;9,3;5,5;
2020/10/04;1400 UTC;0;1007,9;1008,5;1007,9;3717,3;28,7;21,3;28,8;27,6;22,6;21,1;72;64;64;134;9,4;4,7;
2020/10/04;1500 UTC;0;1007;1007,9;1007;3731,6;29,2;21,7;29,5;28,3;22,4;20,8;68;62;64;135;8,3;4,8;
2020/10/04;1600 UTC;0;1006,2;1007;1006,2;3433,3;28,5;21,9;29,6;27,8;22,7;20,5;70;61;68;124;9,4;4,7;
2020/10/04;1700 UTC;0;1005,7;1006,2;1005,6;2918,4;28;21,3;29,4;28;22,6;20,8;69;63;67;132;10;5,1;
2020/10/04;1800 UTC;0;1005,6;1005,8;1005,6;2258,6;28,4;22,7;28,6;27,5;22,7;21,6;73;67;71;145;9,5;5,8;
2020/10/04;1900 UTC;0;1005,6;1005,7;1005,6;1288,3;27,5;22;28,4;27,1;22,4;21,6;74;70;72;146;10;5,1;
2020/10/04;2000 UTC;0;1006,2;1006,2;1005,6;535,6;26,5;22,1;27,6;26,5;22,2;21,6;77;72;77;143;9,5;4,1;
2020/10/04;2100 UTC;0;1006,6;1006,7;1006,2;18,9;26,1;22,3;26,6;26;22,4;21,9;80;77;80;143;8,6;4,2;
2020/10/04;2200 UTC;0;1007,6;1007,6;1006,6;;26,2;22,3;26,2;26;22,4;22;80;78;79;142;8,1;4,8;
2020/10/04;2300 UTC;0;1008,5;1008,5;1007,6;;26,1;22,1;26,2;26;22,3;21,9;80;78;78;144;8,9;4,3;
2020/10/05;0000 UTC;0;1009,3;1009,3;1008,5;;26,1;21,8;26,2;25,9;22,1;21,8;79;77;77;146;8,8;3,8;
2020/10/05;0100 UTC;0;1009,6;1009,6;1009,3;;26,2;21,8;26,3;26,1;22,2;21,6;79;75;77;151;9,5;4,8;
2020/10/05;0200 UTC;0;1009,2;1009,6;1009,2;;25,6;21,5;26,2;25,6;21,8;21,3;78;76;78;150;9;3,1;
2020/10/05;0300 UTC;0;1008,5;1009,2;1008,5;;25,3;21,7;25,6;25,3;21,8;21,5;80;78;80;153;6;2,7;
2020/10/05;0400 UTC;0;1007,8;1008,5;1007,8;;24,3;21,8;25,4;24,3;21,8;21,3;86;80;86;172;4,8;2,4;
2020/10/05;0500 UTC;0;1007,3;1007,9;1007,3;;24;21,9;24,3;23,9;21,9;21,7;88;86;88;170;7,8;4,1;
2020/10/05;0600 UTC;0;1007,1;1007,3;1007;;23,8;21,9;24,1;23,8;22,1;21,9;89;88;89;172;7,8;3,2;
2020/10/05;0700 UTC;0;1007,3;1007,4;1007,1;;23,6;21,9;23,8;23,5;22;21,8;91;89;91;177;5,6;2,4;
2020/10/05;0800 UTC;0;1007,5;1007,6;1007,3;;23,6;22;23,7;23,4;22,1;21,9;91;91;91;166;4,6;2,6;
2020/10/05;0900 UTC;0;1007,8;1007,8;1007,5;157,6;24,2;22,5;24,2;23,6;22,5;22;91;90;90;164;6,8;4;
2020/10/05;1000 UTC;0;1008,3;1008,3;1007,8;845,6;25,7;22,6;25,8;24,2;22,9;22,3;90;83;83;172;7,2;3,7;
2020/10/05;1100 UTC;0;1009;1009;1008,3;1589,1;26,7;22,4;27,4;25,7;22,9;21,9;83;74;77;145;9,5;5,4;
2020/10/05;1200 UTC;0;1009,1;1009,2;1009;2116,9;27,1;22,7;27,5;25,6;23,5;22,3;86;76;77;144;10,2;6,4;
2020/10/05;1300 UTC;0;1009;1009,1;1008,9;3085,9;28;23,4;28,5;27;23,4;22,5;78;72;76;137;10,6;5,6;
2020/10/05;1400 UTC;0;1008,7;1009;1008,7;2570,7;27;23;28,8;26,3;23,8;22,4;82;72;79;125;11,1;4,9;
2020/10/05;1500 UTC;0;1008;1008,7;1008;2936,1;28;23,4;28,9;26,3;23,9;21,8;82;72;76;128;10,4;5,4;
2020/10/05;1600 UTC;0;1007,1;1008;1007,1;2837,8;28;23,3;28,9;27,4;24,3;22,7;78;73;76;125;9,5;5,3;
2020/10/05;1700 UTC;0;1006,5;1007,1;1006,5;2251,2;28,3;22,5;28,9;27,7;23,3;22,2;76;70;71;127;10,4;5,7;
2020/10/05;1800 UTC;0;1006,2;1006,5;1006,1;2144,6;28,2;21,9;29,2;27,7;22,8;21,4;71;65;69;133;11,4;6,2;
2020/10/05;1900 UTC;0;1006,4;1006,4;1006,1;934,4;27,2;22,1;28,7;27,1;22,6;21,5;74;67;74;138;11,2;6;
2020/10/05;2000 UTC;0;1007,1;1007,1;1006,4;258,9;26,7;22,1;27,3;26,6;22,3;21,7;77;73;76;137;10;5,4;
2020/10/05;2100 UTC;0;1007,5;1007,5;1007;14,3;26,3;21,7;26,7;26,3;22;21,6;76;75;76;144;10;5,1;
2020/10/05;2200 UTC;0;1008,4;1008,4;1007,5;;26,2;21,6;26,4;26,2;21,8;21,5;77;75;76;145;11,1;5,4;
2020/10/05;2300 UTC;0;1009,1;1009,1;1008,4;;26;21,3;26,3;26;21,6;21,3;76;75;75;142;9,9;5,2;
2020/10/06;0000 UTC;0;1009,5;1009,5;1009;;25,8;21,4;26,1;25,8;21,4;21,1;76;75;76;143;9,7;4,3;
2020/10/06;0100 UTC;0;1009,8;1009,9;1009,5;;25,8;21,5;25,9;25,8;21,9;21,4;79;76;77;143;9,2;4,9;
2020/10/06;0200 UTC;0;1009,3;1009,8;1009,3;;25,7;21,3;25,8;25,6;21,8;21,3;79;77;77;142;8,5;5;
2020/10/06;0300 UTC;0;1008,8;1009,4;1008,8;;25,5;21,3;25,7;25,5;21,5;21;78;76;77;145;8,6;4,9;
2020/10/06;0400 UTC;0;1008,4;1008,8;1008,4;;25,3;21,3;25,5;25,3;21,5;21,1;79;77;78;143;8,2;3,9;
2020/10/06;0500 UTC;0;1008,1;1008,4;1008,1;;24,4;21,2;25,5;24,4;21,5;21;82;77;82;181;7,2;2,8;
2020/10/06;0600 UTC;0;1008,1;1008,2;1008;;23,4;21,2;24,4;23,4;21,3;21,1;87;82;87;183;4,9;2,4;
2020/10/06;0700 UTC;0;1008;1008,2;1007,9;;23,1;21,3;23,5;23,1;21,3;21,2;89;87;89;185;4,9;2,1;
2020/10/06;0800 UTC;0;1008,3;1008,4;1008;;23,2;21,4;23,2;23,1;21,5;21,3;90;89;90;184;5,3;2,6;
2020/10/06;0900 UTC;0;1008,9;1008,9;1008,3;159,9;23,8;21,7;23,8;23,1;21,8;21,3;90;88;88;169;5;2,3;
2020/10/06;1000 UTC;0;1009,1;1009,1;1008,9;1007,8;25,2;21,8;25,3;23,8;22,1;21,6;89;81;81;184;6,2;3,7;
2020/10/06;1100 UTC;0;1009,6;1009,7;1009,1;1533;27;22,5;27;25,2;22,5;21,7;81;75;76;164;9;4,7;
2020/10/06;1200 UTC;0;1009,6;1009,8;1009,5;2732,9;28,5;21,8;28,9;27;22,7;21,7;76;67;67;146;10,4;6,2;
2020/10/06;1300 UTC;0;1009,5;1009,7;1009,4;3042,8;27,9;21,9;29,4;27,6;23,1;21,5;72;66;70;143;11,9;6,7;
2020/10/06;1400 UTC;0;1008,9;1009,5;1008,9;3345,5;28,7;22,1;29,8;27,8;22,9;21,7;70;66;68;132;12,6;6,5;
2020/10/06;1500 UTC;0;1008,4;1008,9;1008,4;3384,6;29,1;22,6;29,6;28,3;23;21,8;70;65;68;144;11,9;6,6;
2020/10/06;1600 UTC;0;1007,8;1008,4;1007,8;2929,4;28,6;22,3;29,5;28;23,2;21,6;72;66;69;136;12,3;6,8;
2020/10/06;1700 UTC;0;1007,3;1007,9;1007,3;2685,6;28,4;22,3;29,8;28,1;23,3;22;71;66;70;143;11,3;5,6;
2020/10/06;1800 UTC;0;1006,9;1007,4;1006,9;2073,2;27,9;22,7;29;27,6;22,9;22;74;68;73;142;10,1;6,4;
2020/10/06;1900 UTC;0;1007,2;1007,2;1006,9;1047,5;27,6;22,5;28,4;27,3;23;22,2;75;71;74;143;10,9;5,9;
2020/10/06;2000 UTC;0;1007,5;1007,6;1007,2;383,9;26,7;22,3;27,5;26,6;22,4;21,8;77;73;77;142;9,9;5,5;
2020/10/06;2100 UTC;0;1008;1008;1007,4;17,5;26,4;22,1;26,7;26,3;22,3;22;78;76;77;151;9;4,5;
2020/10/06;2200 UTC;0;1008,7;1008,7;1008;;26,3;22,5;26,5;26,2;22,6;22;80;77;80;148;8,9;4,3;
2020/10/06;2300 UTC;0;1009,1;1009,1;1008,7;;25,9;22;26,3;25,9;22,4;21,8;80;77;79;140;8,9;3,6;
2020/10/07;0000 UTC;0;1009,9;1009,9;1009,1;;25,9;22,3;25,9;25,8;22,3;21,9;81;79;80;139;8,2;3,9;
2020/10/07;0100 UTC;0;1010,2;1010,2;1009,9;;25,9;22,1;26;25,8;22,3;22;80;79;79;148;8,4;4;
2020/10/07;0200 UTC;0;1009,9;1010,3;1009,9;;25,9;22,2;26;25,8;22,5;22;81;79;80;144;8,1;3,4;
2020/10/07;0300 UTC;0;1008,9;1009,8;1008,9;;26,1;22,2;26,2;25,9;22,6;21,8;81;77;79;143;7,2;3,4;
2020/10/07;0400 UTC;0;1008,4;1008,9;1008,4;;24,7;22;26,2;24,7;22,3;21,8;85;79;85;181;7,2;1,8;
2020/10/07;0500 UTC;0;1008,2;1008,4;1008,1;;24,6;22,2;24,7;24,6;22,2;22;86;85;86;177;3,9;2,3;
2020/10/07;0600 UTC;3,6;1008,3;1008,5;1008,2;;23,9;22,6;24,6;23,8;22,7;22,1;93;86;93;187;5,3;1,9;
2020/10/07;0700 UTC;0;1008,5;1008,6;1008,3;;24,2;23,1;24,2;23,8;23,1;22,6;94;92;94;154;5,7;2,4;
2020/10/07;0800 UTC;0;1008,9;1008,9;1008,5;;24,4;23,1;24,5;24,2;23,3;23,1;94;92;92;150;5,5;3,1;
2020/10/07;0900 UTC;,2;1009,3;1009,3;1008,9;75,6;24,9;23,5;24,9;24,3;23,5;22,9;92;92;92;157;6,6;2,9;
2020/10/07;1000 UTC;0;1009,8;1009,8;1009,3;620,3;25,9;23,5;26,3;24,9;24,3;23,5;93;87;87;126;6,6;3,4;
2020/10/07;1100 UTC;0;1010,3;1010,3;1009,7;1573,9;27,1;23,4;27,5;25,9;24,3;23,4;87;80;80;133;8,7;4,7;
2020/10/07;1200 UTC;0;1010,7;1010,7;1010,3;2614,1;27,7;23,6;28,1;26,9;24,1;23,1;81;77;79;135;9,1;4,8;
2020/10/07;1300 UTC;0;1010,7;1010,8;1010,7;3200,7;28,8;24,3;28,8;27,7;24,3;23,3;80;75;77;132;9;4,6;
2020/10/07;1400 UTC;0;1010,5;1010,8;1010,5;3532,4;28,7;23,9;29,4;27,9;24,6;23,1;78;73;75;129;9,2;5,1;
2020/10/07;1500 UTC;0;1009,6;1010,5;1009,6;3747,4;28,5;23,4;29,5;28;24,6;22,9;77;72;74;115;8,1;4,9;
2020/10/07;1600 UTC;0;1009;1009,6;1008,9;3395,4;28,4;23;29,9;28,2;23,7;22,3;75;67;73;122;10,3;5,3;
2020/10/07;1700 UTC;0;1008,2;1009;1008,2;2550,1;28,4;22,7;29,1;27,9;23,7;22,5;75;70;72;110;9,2;4,3;
2020/10/07;1800 UTC;0;1008;1008,2;1008;2174,4;28,4;23,2;28,7;27,6;23,5;22,5;75;71;74;117;8,4;4,3;
2020/10/07;1900 UTC;0;1008,4;1008,4;1008;1441,6;27,8;22,6;28,5;27,6;23,5;22,4;76;72;73;134;8,4;5,1;
2020/10/07;2000 UTC;0;1008,7;1008,7;1008,3;495,6;26,8;22,8;27,8;26,7;22,8;22,3;79;73;79;129;8,7;4,4;
2020/10/07;2100 UTC;0;1009,1;1009,1;1008,7;18,7;26,5;22,8;26,8;26,4;23,1;22,6;82;79;81;131;7,5;3,6;
2020/10/07;2200 UTC;0;1009,8;1009,8;1009,1;;26,3;22,3;26,5;26,3;22,8;22,2;81;78;79;124;6,6;3,1;
2020/10/07;2300 UTC;0;1010,2;1010,3;1009,8;;26,1;22,7;26,3;26,1;22,7;22,3;82;78;82;124;6,6;3,3;
2020/10/08;0000 UTC;0;1010,6;1010,6;1010,2;;25,9;22,7;26,1;25,9;22,7;22,6;82;82;82;119;5,9;2,7;
2020/10/08;0100 UTC;0;1010,6;1010,7;1010,5;;25,9;22,8;26;25,8;22,9;22,7;84;82;83;124;5,9;3,1;
2020/10/08;0200 UTC;0;1009,8;1010,5;1009,8;;25,6;22,9;25,9;25,6;22,9;22,8;85;83;85;132;5,1;2,6;
2020/10/08;0300 UTC;0;1009,1;1009,8;1009,1;;25,5;22,7;25,7;25,5;22,9;22,7;85;84;85;129;5,2;2,7;
2020/10/08;0400 UTC;0;1008,6;1009,1;1008,6;;25,5;22,4;25,6;25,4;22,7;22,4;85;83;83;130;5,6;3,2;
2020/10/08;0500 UTC;0;1008;1008,6;1008;;25,5;22,4;25,5;25,3;22,5;22,2;84;83;83;139;6,2;2,9;
2020/10/08;0600 UTC;0;1008;1008;1007,9;;24,1;21,8;25,5;24,1;22,4;21,8;87;82;87;202;6,2;1,3;
2020/10/08;0700 UTC;0;1008,1;1008,1;1008;;23,6;21,9;24,2;23,6;22,2;21,8;90;87;90;202;3,6;1,3;
2020/10/08;0800 UTC;0;1008,8;1008,8;1008,1;;23,6;22,2;23,8;23,6;22,2;21,9;92;90;92;200;2,7;1,2;
2020/10/08;0900 UTC;0;1009,3;1009,3;1008,8;145,7;24;22,5;24;23,6;22,6;22,2;92;91;91;194;3,5;2,1;
2020/10/08;1000 UTC;0;1009,8;1009,8;1009,3;382,4;24,9;23,1;24,9;23,9;23,1;22,4;92;90;90;182;4,3;2;
2020/10/08;1100 UTC;0;1010,2;1010,3;1009,7;708;26,1;23,4;26,2;24,9;23,8;23;90;84;85;137;5,5;3,4;
2020/10/08;1200 UTC;0;1010,5;1010,5;1010,2;1796,1;27,6;23;27,8;26,2;24,2;22,4;85;75;76;116;7,9;4,2;
2020/10/08;1300 UTC;0;1010,1;1010,5;1010,1;3017;28,7;22,7;29,1;27,2;23,5;22,2;77;70;70;123;7,6;4,1;
2020/10/08;1400 UTC;0;1009,6;1010,2;1009,6;3514,7;29;23,8;29,7;28,2;23,8;22,3;74;68;74;116;7,6;3,7;
2020/10/08;1500 UTC;0;1008,4;1009,6;1008,4;3644,3;28,6;22,1;29,5;28,2;23,6;21,9;74;66;68;116;7,9;4;
2020/10/08;1600 UTC;0;1007,6;1008,4;1007,6;3399;28,5;21,5;30,3;28,2;23,5;21,1;71;61;66;110;8;3,6;
2020/10/08;1700 UTC;0;1007,1;1007,6;1007;2903,9;28,2;22,8;29,5;27,8;23,2;21,1;73;64;73;108;7,1;3,7;
2020/10/08;1800 UTC;0;1006,9;1007,1;1006,8;2259,5;27,9;22,4;28,8;27,8;23,3;22,1;73;69;72;125;8,1;4,6;
2020/10/08;1900 UTC;0;1007,2;1007,2;1006,9;1318,6;27,7;22,7;28,3;27,2;23,1;22,3;76;72;74;113;7,7;4,1;
2020/10/08;2000 UTC;0;1007,8;1007,8;1007,2;497,9;26,7;22,5;27,7;26,7;22,8;22,3;78;74;78;120;7,7;3,7;
2020/10/08;2100 UTC;0;1008,4;1008,4;1007,8;24,2;26,3;22,4;26,8;26,3;22,8;22,4;80;78;79;129;6,3;3,2;
2020/10/08;2200 UTC;0;1009,3;1009,3;1008,4;;26,2;22,6;26,4;26,2;22,6;22,4;81;79;81;117;5,3;2,2;
2020/10/08;2300 UTC;0;1009,8;1009,8;1009,3;;26,2;22,7;26,2;26,2;22,8;22,6;82;81;81;123;6,3;2,9;
2020/10/09;0000 UTC;0;1010;1010;1009,8;;26,1;22,5;26,3;26,1;22,8;22,4;82;79;81;117;6,3;2,9;
2020/10/09;0100 UTC;0;1010,4;1010,4;1010;;26,1;22,4;26,2;26,1;22,5;22,3;81;80;80;120;6,1;2,8;
2020/10/09;0200 UTC;0;1010;1010,4;1010;;26;22,8;26,1;25,9;22,8;22,4;83;80;83;121;5,1;2,4;
2020/10/09;0300 UTC;0;1009,2;1010;1009,2;;25,7;22,6;26;25,6;22,8;22,4;83;81;83;123;5,5;2,2;
2020/10/09;0400 UTC;0;1008,5;1009,2;1008,5;;25,6;22,2;25,8;25,6;22,7;22,2;83;82;82;122;5;2,7;
2020/10/09;0500 UTC;0;1008,3;1008,5;1008,3;;25,5;22,4;25,6;25,4;22,5;22,2;83;81;83;128;4,9;2,4;
2020/10/09;0600 UTC;0;1008,2;1008,4;1008,2;;25,6;22,5;25,6;25,5;22,7;22,4;84;83;83;132;6;3,1;
2020/10/09;0700 UTC;0;1008,6;1008,6;1008,2;;25,9;22,4;25,9;25,5;22,9;22,4;85;81;81;132;6;2,8;
2020/10/09;0800 UTC;0;1008,8;1008,9;1008,6;;25,5;22,6;25,9;25,5;22,7;22,4;84;81;84;127;6;2,8;
2020/10/09;0900 UTC;0;1009,4;1009,4;1008,8;178,9;26,4;23,3;26,4;25,4;23,3;22,6;85;83;83;109;5,9;3,4;
2020/10/09;1000 UTC;0;1009,7;1009,8;1009,4;959,3;26,7;23,3;27;26,1;23,6;22,6;84;80;82;108;7,6;3,8;
2020/10/09;1100 UTC;0;1010,1;1010,1;1009,7;1989,3;27,5;23,3;28,2;26,6;24;22,8;83;75;78;109;6,9;4;
2020/10/09;1200 UTC;0;1010,4;1010,4;1010,1;2681;28,6;23,2;29,3;27,2;24,3;23,1;79;72;72;85;8,7;4,6;
2020/10/09;1300 UTC;0;1010,4;1010,5;1010,3;3377,2;28,2;23,1;29,5;27,9;24,2;22,7;75;71;74;100;8,7;4,2;
2020/10/09;1400 UTC;0;1009,8;1010,4;1009,8;3612,3;28,4;22,9;30,3;28,1;24,5;22,8;76;68;72;77;8,1;3,8;
2020/10/09;1500 UTC;0;1008,7;1009,8;1008,7;3531,1;29,8;23,6;30,3;28,3;24,4;22,7;74;67;69;85;8,3;3,3;
2020/10/09;1600 UTC;0;1007,3;1008,7;1007,3;3298,5;29,5;23,4;30,7;28,1;24,4;22,5;75;67;70;80;7,3;3,3;
2020/10/09;1700 UTC;0;1006,7;1007,4;1006,6;2695,1;28,4;23,2;30;28;23,8;22,6;74;68;73;92;7;3,7;
2020/10/09;1800 UTC;0;1006,6;1006,7;1006,4;1851,6;28,3;23,6;29,6;27,7;24,4;22,7;77;71;76;93;7,2;3,6;
2020/10/09;1900 UTC;0;1006,9;1006,9;1006,5;899,7;27,2;23,2;28,3;27,1;23,7;22,9;79;75;79;98;7,2;3,4;
2020/10/09;2000 UTC;0;1007,1;1007,1;1006,9;346,5;26,7;23;27,5;26,7;23,5;22,9;81;77;80;93;6;2,5;
2020/10/09;2100 UTC;0;1007,4;1007,5;1007,1;17,7;26,3;23,2;26,7;26,3;23,3;22,9;83;80;83;92;5,4;2,5;
2020/10/09;2200 UTC;0;1008;1008;1007,4;;26,3;23,1;26,4;26,2;23,3;23,1;84;83;83;107;5,3;2,3;
2020/10/09;2300 UTC;0;1008,5;1008,6;1008;;26,3;23,3;26,3;26;23,3;22,9;84;83;84;98;5,3;2,1;
2020/10/10;0000 UTC;0;1009,1;1009,1;1008,5;;26;22,9;26,3;25,9;23,4;22,9;84;83;83;94;5,6;2,4;
2020/10/10;0100 UTC;0;1009,3;1009,4;1009,1;;25,9;22,8;26;25,8;22,9;22,5;83;82;83;92;6,1;2,5;
2020/10/10;0200 UTC;0;1009,3;1009,4;1009,2;;25,6;22,8;26;25,6;23;22,7;85;83;84;93;5,2;2,2;
2020/10/10;0300 UTC;0;1008,3;1009,3;1008,3;;25,3;22,6;25,6;25,3;22,8;22,6;85;84;85;80;4,3;2;
2020/10/10;0400 UTC;0;1007,6;1008,3;1007,6;;25,2;22,8;25,5;25,2;23,1;22,6;87;85;87;90;3,9;1,7;
2020/10/10;0500 UTC;0;1007,3;1007,6;1007,3;;25,4;23;25,4;25,2;23;22,7;87;86;87;113;3,3;1,4;
2020/10/10;0600 UTC;0;1007,8;1007,8;1007,3;;25,6;23;25,6;25,4;23,2;22,9;87;86;86;116;4,1;2,3;
2020/10/10;0700 UTC;0;1008,2;1008,2;1007,7;;25,3;22,8;25,6;25,3;23;22,8;86;85;86;112;4;1,6;
2020/10/10;0800 UTC;0;1008,6;1008,6;1008,2;;25,5;22,9;25,7;25,3;23;22,8;86;85;85;102;4,2;2;
2020/10/10;0900 UTC;0;1009,1;1009,1;1008,6;204,2;26,3;23,1;26,3;25,5;23,2;22,8;86;82;83;106;6,2;3;
2020/10/10;1000 UTC;0;1009,9;1009,9;1009,1;908,1;27,2;23,2;27,2;26,3;23,4;22,7;83;79;79;106;6,8;2,9;
2020/10/10;1100 UTC;0;1010,5;1010,5;1009,9;1951,9;28;23;28,6;27,1;23,5;22,3;79;72;74;129;6,5;3,8;
2020/10/10;1200 UTC;0;1010,6;1010,7;1010,5;2453,6;28,2;22,9;28,7;27,4;23,8;22,5;77;73;73;112;6,5;4;
2020/10/10;1300 UTC;0;1010,4;1010,7;1010,4;3419,4;28,1;22,6;29,2;28;23,7;22,4;74;69;72;119;7,3;4,2;
2020/10/10;1400 UTC;0;1009,8;1010,4;1009,8;3625,7;29,1;23,4;29,8;28,1;23,6;22,2;73;66;71;126;7,5;3,8;
2020/10/10;1500 UTC;0;1009;1009,8;1009;3621,9;28,7;22,9;29,6;28,2;23,6;22,4;72;68;71;110;7,7;3,7;
2020/10/10;1600 UTC;0;1008;1009;1008;3155,5;29,5;23,2;30,2;28,1;23,7;22,4;73;67;69;92;8,2;4,1;
2020/10/10;1700 UTC;0;1007,1;1008;1007,1;2645,1;29;23,4;29,7;28;23,6;22,3;73;68;72;109;8;3,9;
2020/10/10;1800 UTC;0;1006,7;1007,1;1006,7;2156;28,4;23,3;29,6;27,9;23,5;22,5;75;68;74;110;7,9;3,8;
2020/10/10;1900 UTC;0;1006,7;1007;1006,7;1159,8;27,7;23;28,5;27,4;23,5;22,6;76;73;76;105;7;3,9;
2020/10/10;2000 UTC;0;1007,2;1007,2;1006,7;469,7;27,2;23,3;27,8;27,1;23,3;22,7;79;75;79;114;6,3;3;
2020/10/10;2100 UTC;0;1007,5;1007,5;1007,2;19,7;26,3;22,7;27,2;26,3;23,3;22,7;82;79;81;87;5,7;2,4;
2020/10/10;2200 UTC;0;1007,9;1007,9;1007,5;;26,2;22,9;26,4;26,1;23;22,7;82;81;82;94;5,2;2,3;
2020/10/10;2300 UTC;0;1008,6;1008,6;1007,9;;26,2;22,7;26,3;26;23;22,6;83;81;81;100;6,1;3;
2020/10/11;0000 UTC;0;1009,1;1009,1;1008,6;;26,1;22,7;26,3;26,1;22,9;22,6;82;81;82;90;6,4;3;
2020/10/11;0100 UTC;0;1008,8;1009,2;1008,8;;26,1;22,9;26,2;25,9;22,9;22,5;83;81;83;97;6,4;2,7;
2020/10/11;0200 UTC;0;1008,2;1008,8;1008,2;;25,6;22,1;26,1;25,6;22,9;22,1;83;80;81;98;6,9;2,7;
2020/10/11;0300 UTC;0;1007,5;1008,2;1007,5;;25,8;22,5;25,9;25,6;22,6;22,1;82;81;82;97;5,3;2,2;
2020/10/11;0400 UTC;0;1007,2;1007,5;1007,1;;25,8;22,5;25,9;25,7;22,6;22,3;82;81;82;103;5,7;2,3;
2020/10/11;0500 UTC;0;1006,7;1007,2;1006,7;;25,6;22,3;25,8;25,5;22,5;22,2;82;81;82;112;5,6;2,5;
2020/10/11;0600 UTC;0;1007;1007;1006,7;;25,4;21,8;25,7;25,4;22,2;21,8;82;80;81;115;5,1;1,9;
2020/10/11;0700 UTC;0;1007,2;1007,2;1007;;25,3;21,8;25,4;25,1;22;21,7;82;81;81;112;4,6;2,5;
2020/10/11;0800 UTC;0;1007,9;1007,9;1007,2;;25,3;22;25,4;25,2;22,1;21,7;82;81;82;118;4,3;2;
2020/10/11;0900 UTC;0;1008,7;1008,7;1007,9;211,1;26,3;22,1;26,3;25,1;22,2;21,8;82;78;78;104;5,1;2,2;
2020/10/11;1000 UTC;0;1009,2;1009,2;1008,7;1062,8;27,3;22,1;27,4;26,2;22,8;22;78;73;73;98;6,1;3,6;
2020/10/11;1100 UTC;0;1009,8;1009,8;1009,1;1645,4;27,5;22,6;28,6;26,7;23,1;21,7;76;70;75;100;6,1;3,5;
2020/10/11;1200 UTC;0;1010,2;1010,2;1009,8;2518,1;28,8;22,5;29,2;27,5;23,2;21,8;75;67;69;104;7,3;3,1;
2020/10/11;1300 UTC;0;1010,4;1010,4;1010,1;2997;28,5;22;29,6;27,6;23,1;21,5;71;66;68;112;7;3,8;
2020/10/11;1400 UTC;0;1009,9;1010,5;1009,9;3421,6;28,9;22,4;29,9;28;23;21,6;72;63;68;114;7,5;4;
2020/10/11;1500 UTC;0;1008,9;1009,9;1008,9;3563,9;29;22,2;29,7;28,1;23,2;21,4;71;65;67;109;7,5;3,8;
2020/10/11;1600 UTC;0;1008,1;1008,9;1008,1;3317,3;28,8;20,5;29,8;28,3;22,9;20,5;68;60;61;96;7,3;3,8;
2020/10/11;1700 UTC;0;1007,5;1008,1;1007,5;2830,2;28,7;21,7;29,7;28,2;22;20,5;67;61;66;112;7,3;3,6;
2020/10/11;1800 UTC;0;1007,3;1007,5;1007,2;2177,5;28,3;21,5;29;27,9;22;20,8;68;64;67;107;8,2;3,3;
2020/10/11;1900 UTC;0;1007,6;1007,7;1007,3;1356;27,6;21,5;28,7;27,5;21,9;21,1;69;66;69;121;6,6;3,5;
2020/10/11;2000 UTC;0;1007,9;1007,9;1007,5;479,6;26,9;21;27,9;26,9;21,5;20,6;71;67;70;127;6,1;3;
2020/10/11;2100 UTC;0;1008,1;1008,1;1007,8;15,1;26,3;21,3;27;26,3;21,3;20,8;74;69;74;129;5,2;2,3;
2020/10/11;2200 UTC;0;1008,8;1008,8;1008,1;;26,1;21,6;26,4;26,1;21,7;21,2;76;73;76;128;5,1;2,4;
2020/10/11;2300 UTC;0;1009,5;1009,5;1008,8;;26;21,7;26,2;26;21,7;21,6;77;76;77;130;4,4;2,5;
2020/10/12;0000 UTC;0;1009,7;1009,7;1009,5;;25,8;21,9;26;25,6;22;21,6;79;77;79;122;4,3;1,9;
2020/10/12;0100 UTC;0;1009,8;1009,9;1009,7;;25,7;21,8;25,9;25,6;21,9;21,7;79;78;79;124;4,5;2,1;
2020/10/12;0200 UTC;0;1009,3;1009,8;1009,3;;25,5;21,8;25,7;25,5;22;21,8;81;79;80;128;5,1;2,4;
2020/10/12;0300 UTC;0;1008,6;1009,3;1008,6;;25,5;21,7;25,6;25,4;21,9;21,7;80;80;80;123;5,5;2,6;
2020/10/12;0400 UTC;0;1008;1008,6;1008;;25,4;21,7;25,5;25,3;21,9;21,6;81;79;80;134;5;2,6;
2020/10/12;0500 UTC;0;1007,7;1008;1007,7;;25,2;21,3;25,4;25,1;21,7;21,2;81;79;79;135;4,7;2,4;
2020/10/12;0600 UTC;0;1007,5;1007,7;1007,5;;25,3;21,3;25,3;24,3;21,5;20,8;81;79;79;128;4,8;2,6;
2020/10/12;0700 UTC;0;1007,5;1007,5;1007,4;;25,3;21,2;25,4;25,1;21,6;21,1;80;78;78;121;5,2;2,5;
2020/10/12;0800 UTC;0;1008;1008;1007,5;;25;21,3;25,3;24;21,6;20,6;83;78;80;129;3,8;2,1;
2020/10/12;0900 UTC;0;1008,9;1008,9;1008;90,8;25,5;21,6;25,5;23,6;21,9;20,2;85;79;79;119;4,3;2,4;
2020/10/12;1000 UTC;0;1009,7;1009,7;1008,9;702,1;26,5;21,7;27,1;25,5;22,7;21,6;79;75;75;125;5,9;3,7;
2020/10/12;1100 UTC;0;1010,6;1010,6;1009,7;1869,5;27,9;21,3;28;26,5;22,2;21,2;75;67;67;126;8;4,9;
2020/10/12;1200 UTC;0;1010,6;1010,7;1010,5;2433,3;29;21,3;29;27,1;22,4;20,8;72;63;63;136;10,6;5,6;
2020/10/12;1300 UTC;0;1010,3;1010,6;1010,2;3319,2;28,9;21,9;29,5;28;21,9;20,4;67;62;66;128;10,6;4,8;
2020/10/12;1400 UTC;0;1009,5;1010,3;1009,5;3652,5;28,4;21;29,7;28,4;22;20,5;66;61;64;128;10;4,9;
2020/10/12;1500 UTC;0;1008,7;1009,5;1008,7;3655,5;28,6;21,3;29,9;28,1;22,3;21;67;61;65;122;8,9;4,6;
2020/10/12;1600 UTC;0;1007,9;1008,7;1007,9;3362,8;28,9;21,6;29,6;28,4;22,4;21,3;67;63;65;132;8,4;4,7;
2020/10/12;1700 UTC;0;1007,1;1007,9;1007,1;2820,9;28;21,8;29,8;27,9;22,6;21,6;69;64;69;127;8,3;5,2;
2020/10/12;1800 UTC;0;1006,6;1007,1;1006,6;2074,4;28,9;22,1;29,5;27,7;22,7;21,4;70;65;67;130;8,2;4,1;
2020/10/12;1900 UTC;0;1006,7;1006,7;1006,4;1002,5;27,4;22,1;28,8;27,3;22,5;21,8;73;67;73;127;8,3;4,1;
2020/10/12;2000 UTC;0;1007,1;1007,1;1006,6;310,5;27;22;27,5;26,9;22,5;22;76;73;74;135;8,7;4,1;
2020/10/12;2100 UTC;0;1007,6;1007,6;1007,1;14,9;26,5;21,6;27;26,5;22,1;21,6;75;74;75;136;7,9;3,9;
2020/10/12;2200 UTC;0;1008,2;1008,3;1007,6;;26,5;21,5;26,6;26,4;21,7;21,5;75;74;74;130;8,2;4,2;
2020/10/12;2300 UTC;0;1009,1;1009,1;1008,2;;26,4;21,4;26,6;26,4;21,7;21,3;75;73;74;132;9,4;4,7;
2020/10/13;0000 UTC;0;1009,7;1009,7;1009,1;;26,3;21,3;26,5;26,3;21,4;21;74;72;74;140;8,9;5,1;
2020/10/13;0100 UTC;0;1009,6;1009,7;1009,6;;26,3;21,2;26,4;26,2;21,7;21,2;76;73;74;142;9,4;5;
2020/10/13;0200 UTC;0;1009,2;1009,6;1009,2;;26,2;21,7;26,4;26,1;21,8;21,2;77;73;76;139;9,6;4,4;
2020/10/13;0300 UTC;0;1008,4;1009,2;1008,4;;26,1;21,3;26,2;26;21,9;21,3;78;75;75;132;9;4,6;
2020/10/13;0400 UTC;0;1007,6;1008,4;1007,6;;25,9;21,4;26,1;25,8;21,6;21,4;77;75;76;140;9,3;4,5;
2020/10/13;0500 UTC;0;1007,1;1007,7;1007,1;;25,9;21,7;25,9;25,8;21,7;21,3;78;76;78;140;7,8;4,1;
2020/10/13;0600 UTC;0;1007;1007,1;1006,9;;25,8;21,7;25,9;25,7;21,8;21,4;78;77;78;141;7,4;3,9;
2020/10/13;0700 UTC;0;1007,1;1007,2;1006,9;;25,7;21,5;26;25,7;21,7;21,3;78;76;78;143;8,6;4,5;
2020/10/13;0800 UTC;0;1007,6;1007,6;1007,1;;25,8;21,5;26;24,7;21,9;21;81;74;77;142;9,1;3,7;
2020/10/13;0900 UTC;0;1007,9;1007,9;1007,6;149,2;26;21,3;26,1;25,8;21,7;21,2;78;75;75;142;9,1;4,1;
2020/10/13;1000 UTC;0;1008,5;1008,5;1007,9;853,5;27,4;21,8;27,4;26;22;21,2;76;71;72;138;10,1;5,3;
2020/10/13;1100 UTC;0;1009,2;1009,2;1008,5;1853,1;27,9;21,5;28,7;27;22,1;20,9;73;65;68;138;10,5;5,2;
2020/10/13;1200 UTC;0;1009,3;1009,4;1009,2;2694,7;28,4;21,7;28,8;27,7;22,2;21,2;70;67;67;141;11;6,5;
2020/10/13;1300 UTC;0;1008,9;1009,3;1008,9;3203;28,6;21,7;29,3;27,9;22,3;20,9;68;65;66;140;11,2;5,9;
2020/10/13;1400 UTC;0;1008,2;1008,9;1008,2;3290,7;29,1;21,8;29,6;27,9;22,3;21,1;70;62;65;135;11,2;6,2;
2020/10/13;1500 UTC;0;1007,2;1008,2;1007,2;3532,4;28,3;21,2;30,3;28,3;22,6;20,9;68;62;65;127;11,1;5,7;
2020/10/13;1600 UTC;0;1006,4;1007,2;1006,4;3233,5;29,7;21,4;29,9;28,1;22,4;20,8;67;61;61;131;10,9;5,7;
2020/10/13;1700 UTC;0;1005,6;1006,4;1005,6;2615,7;28,9;21,4;30;27,9;22;20,8;68;60;64;135;10,9;6;
2020/10/13;1800 UTC;0;1005,6;1005,7;1005,5;2146,7;28,1;21,3;29,3;27,9;22;20,6;67;62;67;130;10,8;5,6;
2020/10/13;1900 UTC;0;1006,2;1006,2;1005,6;1298,5;27,5;20,7;28,5;27,5;21,5;20,7;68;64;67;145;11,1;6,4;
2020/10/13;2000 UTC;0;1006,8;1006,8;1006,2;419,8;27,2;21,1;27,7;27,1;21,3;20,5;71;67;70;144;10,1;5;
2020/10/13;2100 UTC;0;1007,4;1007,4;1006,8;18,4;26,7;21,1;27,2;26,7;21,4;20,9;72;69;71;140;9,5;5;
2020/10/13;2200 UTC;0;1008,1;1008,2;1007,4;;26,7;20,8;26,8;26,6;21,3;20,8;72;71;71;152;10,5;5;
2020/10/13;2300 UTC;0;1008,7;1008,7;1008,2;;26,6;21,6;26,7;26,5;21,6;20,7;74;70;74;142;8,3;3,5;
2020/10/14;0000 UTC;0;1009,2;1009,2;1008,6;;26,5;21,8;26,8;26,4;21,9;21,4;76;73;75;142;9;4,8;
2020/10/14;0100 UTC;0;1009,4;1009,4;1009,1;;25,2;22,5;26,5;24,9;22,9;21,7;88;75;85;123;11,9;5,8;
2020/10/14;0200 UTC;0;1009,1;1009,4;1009;;24,3;22,2;25,3;24,1;22,7;21,8;90;84;88;132;12,2;5,7;
2020/10/14;0300 UTC;0;1008;1009,1;1008;;25,3;21,9;25,3;24,1;22,2;21,4;89;81;82;143;12,5;3,7;
2020/10/14;0400 UTC;0;1007,3;1008;1007,3;;25,7;22,1;25,7;25,3;22,1;21,6;82;79;80;143;7,9;4,4;
2020/10/14;0500 UTC;,2;1007;1007,4;1007;;25,2;21,4;25,7;24;22,4;21,4;90;79;79;130;12;3,7;
2020/10/14;0600 UTC;0;1006,6;1007;1006,6;;25,8;21,7;25,9;25,2;22,2;21,5;82;77;78;141;10,3;6;
2020/10/14;0700 UTC;0;1006,8;1006,8;1006,6;;25,6;21,3;25,9;25,6;21,8;21;78;75;77;139;10,7;5,1;
2020/10/14;0800 UTC;0;1007,4;1007,4;1006,8;;25,5;21,3;25,8;25,4;21,9;20,8;80;74;78;143;9;4;
2020/10/14;0900 UTC;0;1007,8;1007,8;1007,3;211,3;26,1;21,6;26,1;25,5;21,7;21,1;78;75;76;133;8,9;4,4;
2020/10/14;1000 UTC;0;1008,4;1008,4;1007,8;1055,1;26,4;22,1;27,2;26,1;22,2;21;77;70;77;138;11,8;6,3;
2020/10/14;1100 UTC;0;1009,2;1009,2;1008,4;1955;28,2;20,6;28,3;26,2;22,4;20,2;78;63;63;148;11,8;6,1;
2020/10/14;1200 UTC;0;1009;1009,2;1009;2335,6;28,8;20;29,1;27,5;21,2;19,5;65;58;59;154;10,4;5,5;
2020/10/14;1300 UTC;0;1008,7;1009,1;1008,6;3111,3;30,4;19,7;30,7;28,5;20,6;19,2;61;52;53;147;9,7;5,7;
2020/10/14;1400 UTC;0;1008,6;1008,8;1008,5;3642,3;28,9;22,2;31,5;28,8;22,5;18,8;67;48;67;131;10;5,9;
2020/10/14;1500 UTC;0;1007,7;1008,6;1007,7;3654,5;29;22,2;30;28,6;22,8;21,1;68;62;67;136;10,6;6,1;
2020/10/14;1600 UTC;0;1006,7;1007,7;1006,7;3404,5;29,1;22,7;30,1;28,4;23;21,8;70;64;69;131;11;6,6;
2020/10/14;1700 UTC;0;1006,2;1006,7;1006,2;2870,7;28,5;22,3;29,7;28,3;23,3;21,9;72;66;69;133;10,8;6,2;
2020/10/14;1800 UTC;0;1006,2;1006,3;1006;2018;28;22,5;29,5;28;23,5;22,4;73;69;72;133;10,9;6,2;
2020/10/14;1900 UTC;0;1006,5;1006,5;1006,1;881,3;27,6;22,4;28,2;27,6;22,8;22;74;70;73;137;10,1;5,1;
2020/10/14;2000 UTC;0;1007,1;1007,1;1006,4;393,7;27,2;22,2;27,9;27,1;22,7;22;76;73;74;138;10,9;5,7;
2020/10/14;2100 UTC;0;1007,7;1007,7;1007,1;19,8;26,8;22,1;27,2;26,8;22,5;22;77;74;76;138;10,9;5,3;
2020/10/14;2200 UTC;0;1008,5;1008,5;1007,7;;26,7;22,2;26,9;26,7;22,5;22,1;77;75;76;142;10,5;5;
2020/10/14;2300 UTC;0;1009,1;1009,1;1008,5;;26,7;22,6;26,9;26,7;22,7;21,7;79;73;78;150;11,5;5,8;
2020/10/15;0000 UTC;0;1009,5;1009,5;1009,1;;26,5;22;26,7;26,5;22,7;22;79;76;76;143;11,5;5,2;
2020/10/15;0100 UTC;0;1009,5;1009,6;1009,5;;26,4;21,9;26,5;26,3;22,1;21,7;77;76;76;145;9,5;5;
2020/10/15;0200 UTC;0;1009,2;1009,6;1009,2;;26,3;22,1;26,4;26,2;22,2;21,9;78;76;78;141;9,5;4,1;
2020/10/15;0300 UTC;0;1008,3;1009,2;1008,3;;26,3;22;26,3;26,1;22,1;21,6;79;76;77;144;9,6;5,1;
2020/10/15;0400 UTC;0;1007,4;1008,3;1007,4;;25,9;21,8;26,3;25,9;22,1;21,7;78;77;78;159;9,6;3,5;
2020/10/15;0500 UTC;0;1006,7;1007,4;1006,6;;25,5;21,7;25,9;25,5;21,9;21,6;80;78;79;174;8;3,7;
2020/10/15;0600 UTC;0;1006,7;1006,8;1006,6;;24,4;21,7;25,5;24,4;21,7;21,4;85;79;85;188;6,7;2,3;
2020/10/15;0700 UTC;0;1006,6;1006,7;1006,6;;24,1;21,6;24,5;24,1;21,8;21,5;86;85;86;179;4,3;2,1;
2020/10/15;0800 UTC;0;1007;1007;1006,6;;23,7;21,5;24,1;23,7;21,6;21,4;88;86;88;188;5;2,7;
2020/10/15;0900 UTC;0;1007,3;1007,4;1007;116,6;24,1;22;24,1;23,6;22;21,5;89;88;88;175;5,1;2,5;
2020/10/15;1000 UTC;0;1007,7;1007,7;1007,3;868,1;26,6;22,8;26,6;24,1;22,8;22;88;79;80;193;5,2;2,9;
2020/10/15;1100 UTC;0;1008,3;1008,3;1007,7;1751,3;27,9;22,1;28,3;26,6;23;21,8;80;71;71;134;9,8;4,7;
2020/10/15;1200 UTC;0;1008,6;1008,6;1008,3;2422,4;28,4;23,1;29;27,3;23,3;21,9;74;69;73;134;10,1;5,9;
2020/10/15;1300 UTC;0;1008,5;1008,6;1008,5;3075;28,8;23,2;29,1;28;23,4;22,1;73;69;72;126;10,5;5,6;
2020/10/15;1400 UTC;0;1008,1;1008,5;1008,1;3443,9;29,4;23,5;29,9;28;23,5;22,2;73;66;71;137;10,6;5,4;
2020/10/15;1500 UTC;0;1007,3;1008,1;1007,3;3700,3;29,3;22,6;29,7;28,5;23,3;21,8;71;65;67;139;11,1;6;
2020/10/15;1600 UTC;0;1006,4;1007,3;1006,3;3308;29,7;22,4;30,2;28,4;23,5;21,9;71;64;65;138;9,9;5,6;
2020/10/15;1700 UTC;0;1005,9;1006,4;1005,9;2834,7;28,8;22,8;29,7;28,2;23,2;21,8;71;65;70;143;10,5;5,6;
2020/10/15;1800 UTC;0;1005,7;1005,9;1005,7;2155,9;28;21,6;29,4;27,8;23,2;21,6;73;67;68;126;10,5;5,6;
2020/10/15;1900 UTC;0;1005,6;1005,7;1005,6;1406,8;27,7;22,6;28,7;27,5;22,9;21,8;74;69;74;126;9,5;5,1;
2020/10/15;2000 UTC;0;1006,1;1006,1;1005,6;463,4;27;22,4;27,7;27;22,7;22,1;76;73;76;137;8,9;4,9;
2020/10/15;2100 UTC;0;1006,9;1006,9;1006,1;19,4;26,7;22,5;27;26,6;22,5;22,2;78;76;78;134;8,9;3,5;
2020/10/15;2200 UTC;0;1007,7;1007,7;1006,9;;26,4;22,5;26,8;26,4;22,6;22,1;79;77;79;128;8,3;3,9;
2020/10/15;2300 UTC;0;1008,5;1008,5;1007,7;;26,4;22,5;26,5;26,4;22,6;22,2;79;77;79;140;7,6;3,8;
2020/10/16;0000 UTC;0;1009,3;1009,3;1008,5;;26,4;22,7;26,5;26,3;22,8;22,2;80;78;80;136;8,7;4;
2020/10/16;0100 UTC;0;1009,2;1009,5;1009,2;;26,3;21,7;26,4;26,3;22,8;21,7;81;76;76;124;8,9;3,8;
2020/10/16;0200 UTC;0;1009,2;1009,3;1009,1;;26,1;21,7;26,4;26,1;22;21,5;77;75;77;129;8,1;4,4;
2020/10/16;0300 UTC;0;1008,5;1009,2;1008,5;;26;21,7;26,2;25,9;22;21,7;79;77;77;132;8,1;4,3;
2020/10/16;0400 UTC;0;1007,7;1008,5;1007,7;;25,8;21,8;26;25,8;22;21,6;80;77;79;138;7;4,1;
2020/10/16;0500 UTC;0;1007,3;1007,7;1007,3;;25,6;21,8;25,9;25,6;22,2;21,4;80;77;79;134;7,2;3,4;
2020/10/16;0600 UTC;0;1007,1;1007,3;1006,9;;25,6;21,5;25,7;25,6;22,1;21,5;81;78;78;139;6,9;3,9;
2020/10/16;0700 UTC;0;1007,3;1007,3;1007,1;;25,5;21,6;25,7;25,4;21,7;21,4;80;78;79;129;6,5;3,5;
2020/10/16;0800 UTC;0;1007,6;1007,6;1007,3;;25,5;22,1;25,7;25,5;22,1;21,5;81;79;81;132;6,7;3,3;
2020/10/16;0900 UTC;0;1007,9;1007,9;1007,5;253,8;26,3;21,6;26,3;25,5;22,3;21,5;82;75;75;131;7,2;4;
2020/10/16;1000 UTC;0;1008,4;1008,4;1007,8;1069,4;27;21,8;27,4;26,3;22,5;21,6;77;72;73;128;8,4;4,8;
2020/10/16;1100 UTC;0;1009;1009;1008,4;1810,7;27,7;22,1;28;26,9;22,8;21,6;75;70;72;132;8,9;5,4;
2020/10/16;1200 UTC;0;1009,5;1009,5;1008,9;2611,5;28,1;21,6;28,6;27,3;22,6;21,5;75;67;68;122;9,5;5,5;
2020/10/16;1300 UTC;0;1009,4;1009,6;1009,4;3509;29,3;22,2;29,6;28,1;22,5;21,1;69;63;66;134;9,3;5;
2020/10/16;1400 UTC;0;1008,9;1009,5;1008,9;3778,9;29,1;21,4;29,7;28,3;22,6;21,2;69;62;63;131;8,9;5,1;
2020/10/16;1500 UTC;0;1008,1;1008,9;1008,1;3677,1;29,3;21,8;30;28,6;22,1;20,3;65;59;64;134;10,7;4,8;
2020/10/16;1600 UTC;0;1007,2;1008,1;1007,2;3439,2;29;21,5;29,9;28,5;22,5;20,8;66;61;64;127;9,3;5,1;
2020/10/16;1700 UTC;0;1006,6;1007,2;1006,6;2919,1;28,3;21,4;29,9;28,3;22;20,7;66;59;66;124;9,6;4,9;
2020/10/16;1800 UTC;0;1006,1;1006,6;1006,1;2280,6;27,6;21,5;29,3;27,5;22,6;21,4;71;63;70;129;9,8;5,8;
2020/10/16;1900 UTC;0;1006,5;1006,5;1006,1;1419,5;27,9;22,4;28,4;27,5;22,4;21,7;73;68;72;132;9,8;4,7;
2020/10/16;2000 UTC;0;1006,7;1006,8;1006,5;546,4;27,1;22;27,9;27;22,4;21,7;74;71;74;123;8,6;3,6;
2020/10/16;2100 UTC;0;1007,2;1007,2;1006,7;15,9;26,4;22,2;27,1;26,4;22,2;21,6;78;73;78;121;7,8;4,1;
2020/10/16;2200 UTC;0;1008,1;1008,1;1007,2;;26,3;22,3;26,5;26,3;22,3;21,9;79;76;79;131;8,5;4,9;
2020/10/16;2300 UTC;0;1008,9;1008,9;1008,1;;26,2;22,1;26,3;26,1;22,3;22,1;80;78;78;128;9,4;5;
2020/10/17;0000 UTC;0;1009,4;1009,4;1008,9;;26,2;21,8;26,3;26,2;22,1;21,6;78;76;76;125;9,1;4;
2020/10/17;0100 UTC;0;1009,5;1009,6;1009,3;;26,1;21,7;26,3;26,1;21,8;21,4;77;75;77;126;8,3;4,5;
2020/10/17;0200 UTC;0;1008,9;1009,5;1008,9;;25,9;22,1;26,1;25,9;22,1;21,6;79;76;79;131;8,2;3,3;
2020/10/17;0300 UTC;0;1007,7;1008,9;1007,7;;25,8;22,2;26,1;25,8;22,2;22;80;78;80;143;6,3;3,1;
2020/10/17;0400 UTC;0;1006,9;1007,7;1006,9;;25,4;22,4;25,9;25,3;22,5;22;84;79;84;134;7,1;3,3;
2020/10/17;0500 UTC;0;1006,3;1006,9;1006,3;;25,4;22,1;25,5;25,3;22,7;22,1;85;82;82;151;5,9;2,1;
2020/10/17;0600 UTC;0;1006,2;1006,3;1006,2;;24,6;21,5;25,5;24,6;22,1;21,4;83;80;83;192;4,8;1,8;
2020/10/17;0700 UTC;0;1006,2;1006,2;1006,1;;24,3;21,6;24,8;24,3;22;21,5;85;83;85;197;4,5;1,8;
2020/10/17;0800 UTC;0;1006,4;1006,5;1006,2;;24,1;22,1;24,3;24;22,1;21,5;88;85;88;172;4,9;2,8;
2020/10/17;0900 UTC;0;1007,1;1007,1;1006,4;287,3;25,8;23;25,8;23,9;23;22;89;84;84;156;5,6;2,6;
2020/10/17;1000 UTC;0;1007,8;1007,8;1007,1;1090,6;27,7;22,5;27,8;25,9;23;21,6;84;73;73;143;10,4;5,1;
2020/10/17;1100 UTC;0;1008,4;1008,4;1007,8;2002,7;28,8;22;28,8;27,1;22,7;21,5;73;67;67;133;10,3;5,2;
2020/10/17;1200 UTC;0;1008,8;1008,9;1008,4;2774,5;29,1;21,6;29,1;28,1;22;21;67;63;64;141;11,2;6,2;
2020/10/17;1300 UTC;0;1008,8;1008,9;1008,7;3409,2;29;21,4;30,3;28,6;22,5;20,9;67;61;64;140;11,8;6,9;
2020/10/17;1400 UTC;0;1008,3;1008,9;1008,3;3464,7;29,6;22,8;30,1;28,6;22,8;20,9;68;61;67;137;11,3;5,5;
2020/10/17;1500 UTC;0;1007,5;1008,4;1007,5;3596,7;30,2;22,7;30,4;29;22,7;21,8;67;61;64;139;11,9;5,5;
2020/10/17;1600 UTC;0;1006,5;1007,5;1006,5;3425,5;29,5;22,7;30,4;28,7;22,9;21,7;68;63;67;135;11,8;6,1;
2020/10/17;1700 UTC;0;1006,1;1006,5;1006;2572,5;28,9;22,4;29,7;28,6;23,1;21,7;70;64;68;131;13,1;6,3;
2020/10/17;1800 UTC;0;1005,8;1006,1;1005,7;2029,7;28,6;21,9;29,3;28,1;22,9;21,5;69;65;67;130;11,4;5,5;
2020/10/17;1900 UTC;0;1006,1;1006,1;1005,8;1249,2;28;21,6;29,1;27,8;22,4;21,1;71;66;68;134;10,9;5,6;
2020/10/17;2000 UTC;0;1006,3;1006,3;1006;469,2;27,2;21,7;28,1;27,1;22,2;20,9;72;67;72;141;10,3;5;
2020/10/17;2100 UTC;0;1006,8;1006,8;1006,2;17,5;26,6;21,2;27,2;26,6;21,7;20,8;73;69;72;137;9,8;5,2;
2020/10/17;2200 UTC;0;1007,3;1007,3;1006,7;;26,5;21,3;26,7;26,4;21,8;20,9;76;71;73;142;10,8;6,1;
2020/10/17;2300 UTC;0;1008;1008;1007,3;;26,4;21,5;26,5;26,4;21,5;20,8;74;71;74;141;10,1;4,9;
2020/10/18;0000 UTC;0;1008,7;1008,8;1008;;26,4;21,3;26,5;26,3;21,5;20,9;75;72;74;141;10,1;5,4;
2020/10/18;0100 UTC;0;1008,7;1008,9;1008,7;;26,3;20,9;26,4;26,2;21,4;20,3;74;70;72;149;9,9;4,9;
2020/10/18;0200 UTC;0;1008,1;1008,7;1008,1;;26,2;21;26,3;26,1;21,2;20,8;74;72;73;148;9,6;5;
2020/10/18;0300 UTC;0;1007,1;1008,1;1007,1;;26;21,2;26,2;26;21,2;21;75;73;75;160;9,7;3,7;
2020/10/18;0400 UTC;0;1006,3;1007,1;1006,3;;24,3;20,9;26;24,3;21,2;20,6;81;75;81;189;7,3;2,9;
2020/10/18;0500 UTC;0;1005,8;1006,3;1005,7;;23,9;21,1;24,3;23,9;21,1;20,9;84;81;84;183;7,1;3,2;
2020/10/18;0600 UTC;0;1005,3;1005,8;1005,3;;23,7;20,9;23,9;23,6;21,1;20,9;85;84;85;183;6;2,9;
2020/10/18;0700 UTC;0;1005,2;1005,4;1005,2;;23,3;20,8;23,7;23,3;20,9;20,8;86;85;86;179;6;3,2;
2020/10/18;0800 UTC;0;1005,6;1005,6;1005,2;;23,4;20,8;23,4;23,3;20,9;20,7;86;85;85;180;7,4;2,9;
2020/10/18;0900 UTC;0;1006,2;1006,3;1005,6;105,2;24;20,9;24;23,4;20,9;20,8;85;83;83;177;6,9;3,5;
2020/10/18;1000 UTC;0;1006,7;1006,7;1006,2;885;26;21,3;26,1;23,9;21,5;20,8;83;75;75;167;8;3,8;
2020/10/18;1100 UTC;0;1007,2;1007,3;1006,7;1059,7;27,2;21,9;27,2;25,8;22;21,1;76;73;73;157;10,6;4,7;
2020/10/18;1200 UTC;0;1007,4;1007,5;1007,2;1636,4;27,4;21,7;27,7;26,4;22,4;21,4;77;70;71;150;11,4;6,8;
2020/10/18;1300 UTC;0;1007,4;1007,4;1007,2;3065,9;28,4;21,5;29;27,3;22,7;21,5;72;66;66;140;12,2;6,7;
2020/10/18;1400 UTC;0;1007;1007,4;1007;3697,6;28,9;22,2;29,4;28,3;22,4;21,4;68;65;67;141;12,1;6,7;
2020/10/18;1500 UTC;0;1006,6;1007;1006,6;2522;26,1;23;29,2;26,1;23;21,8;83;66;83;128;12;6,8;
2020/10/18;1600 UTC;0;1005,5;1006,6;1005,5;2217,3;28,2;22,2;28,3;26,1;23,9;21,6;84;70;70;156;13,2;5,9;
2020/10/18;1700 UTC;0;1005;1005,6;1005;2331;27,8;22,7;28,7;27,7;23,3;22;74;69;74;135;10,3;6,1;
2020/10/18;1800 UTC;0;1005;1005,1;1005;1655,1;27,7;22,7;28,2;27,3;23,4;22,2;76;71;74;143;10,1;5,1;
2020/10/18;1900 UTC;0;1005;1005,1;1004,9;833,8;27,8;22,1;28,3;27,2;23,1;22;77;71;71;144;11,1;5,3;
2020/10/18;2000 UTC;0;1005,6;1005,6;1005;565,9;26,8;22,7;27,9;26,6;22,7;22;78;71;78;126;11,2;4,5;
2020/10/18;2100 UTC;0;1006,1;1006,1;1005,5;14,2;26,5;22,2;26,8;26,5;22,7;22,1;79;76;77;130;10,6;4,8;
2020/10/18;2200 UTC;0;1006,9;1006,9;1006,1;;26,4;22;26,6;26,4;22,5;22;78;77;77;135;9,2;5,2;
2020/10/18;2300 UTC;0;1007,6;1007,6;1006,9;;26,2;22;26,4;26,2;22,3;22;79;77;78;139;9,1;4,9;
2020/10/19;0000 UTC;0;1008,2;1008,2;1007,6;;26,4;21,8;26,4;26,2;22,2;21,8;78;76;76;132;9,9;4,9;
2020/10/19;0100 UTC;0;1008,3;1008,5;1008,2;;26,3;21,8;26,4;26,3;22;21,6;77;75;76;131;9,3;4,8;
2020/10/19;0200 UTC;0;1008;1008,3;1008;;26,2;21,4;26,3;26,2;21,9;21,4;77;75;75;132;10,1;6;
2020/10/19;0300 UTC;0;1007,2;1008;1007,2;;26;21,1;26,2;26;21,4;21;75;73;75;136;10,1;4,7;
2020/10/19;0400 UTC;0;1006,1;1007,2;1006,1;;25,8;20,4;26;25,7;21,2;20,4;75;72;72;138;10,1;5,6;
2020/10/19;0500 UTC;0;1005,8;1006,2;1005,8;;25,7;20,6;25,8;25,7;20,6;20,1;74;71;74;132;9,9;5,3;
2020/10/19;0600 UTC;0;1005,4;1005,8;1005,4;;25,4;20,9;25,7;25,3;21;20;77;71;76;135;9,6;3,6;
2020/10/19;0700 UTC;0;1005,5;1005,5;1005,3;;25,6;21,3;25,6;25,4;21,3;20,8;77;76;77;135;8,4;4,4;
2020/10/19;0800 UTC;0;1006,3;1006,3;1005,7;;25,6;21,6;25,6;25,5;21,6;20,8;79;75;79;135;;3,7;
2020/10/19;0900 UTC;0;1006,9;1006,9;1006,3;207,1;26,2;21,7;26,3;25,5;21,9;20,8;79;75;76;138;7,5;4,3;
2020/10/19;1000 UTC;0;1007,6;1007,6;1006,9;745,5;26,7;22;27,3;26,1;22,3;21,1;77;73;76;144;9;4,5;
2020/10/19;1100 UTC;0;1008,1;1008,1;1007,6;1331,1;27,4;22,2;27,6;25,8;23,1;21,6;82;72;73;121;8,9;4,9;
2020/10/19;1200 UTC;0;1008,5;1008,5;1008;2718,6;28,2;21,5;28,9;27,3;22,3;21;73;64;67;122;9,4;5;
2020/10/19;1300 UTC;0;1008,2;1008,5;1008,2;2750,7;28,2;21,4;29,3;27,9;22,2;21;69;63;67;128;9,5;5,3;
2020/10/19;1400 UTC;0;1007,8;1008,2;1007,8;3564,7;28,3;21,6;30,4;27,9;22,6;20,8;69;61;67;129;9,7;5,8;
2020/10/19;1500 UTC;0;1007;1007,9;1007;3341,3;29,4;22,4;29,4;27,9;22,5;21,4;69;65;66;126;9,8;5,6;
2020/10/19;1600 UTC;0;1006,1;1007;1006;3367,2;28,6;21,8;29,9;28,1;22,4;20,7;68;62;67;132;9,7;5,5;
2020/10/19;1700 UTC;0;1005,5;1006,1;1005,5;2958;28,1;21,6;29,6;28,1;22,5;21,3;68;64;68;125;9,9;5,8;
2020/10/19;1800 UTC;0;1005,5;1005,5;1005,3;2102,7;28,1;21,8;29,3;27,8;22,4;21,5;70;65;69;136;10,3;5,6;
2020/10/19;1900 UTC;0;1005,5;1005,5;1005,4;1189,9;27,4;22,1;28,2;27,2;22,5;21,6;73;69;73;127;10,5;5,2;
2020/10/19;2000 UTC;0;1005,7;1005,7;1005,4;300,4;27,1;22,3;27,4;26,9;22,5;21,9;76;72;75;133;8,9;3,9;
2020/10/19;2100 UTC;0;1006,2;1006,3;1005,7;9,3;26,6;22,1;27,1;26,6;22,2;21,9;76;74;76;139;9,3;5;
2020/10/19;2200 UTC;0;1007,1;1007,1;1006,2;;26,4;21,9;26,7;26,4;22;21,8;76;75;76;139;9;4,6;
2020/10/19;2300 UTC;0;1007,8;1007,8;1007,1;;26,5;21,9;26,5;26,4;22;21,7;77;75;76;139;8,8;4,5;
2020/10/20;0000 UTC;0;1008,2;1008,3;1007,8;;26,4;21,8;26,5;26,3;22,1;21,7;78;76;76;139;8,6;4,7;
2020/10/20;0100 UTC;0;1008,7;1008,7;1008,2;;26,2;21,7;26,4;26,1;22,3;21,6;78;76;76;135;9;4,2;
2020/10/20;0200 UTC;0;1008,6;1008,8;1008,6;;26,2;21,6;26,3;26,2;21,9;21,5;77;75;76;130;10,4;4,8;
2020/10/20;0300 UTC;0;1008,2;1008,6;1008,2;;26,1;21,3;26,2;26;21,6;21,3;76;75;75;129;9,8;5,3;
2020/10/20;0400 UTC;0;1007,7;1008,2;1007,7;;25,9;21,4;26,1;25,9;21,6;21,2;77;75;76;133;9;4,4;
2020/10/20;0500 UTC;0;1007,7;1007,7;1007,6;;25,8;21,6;26;25,7;21,6;20,9;78;74;78;148;10,2;4,2;
2020/10/20;0600 UTC;;;;;;;;;;;;;;;;;;
2020/10/20;0700 UTC;;;;;;;;;;;;;;;;;;
2020/10/20;0800 UTC;;;;;;;;;;;;;;;;;;
2020/10/20;0900 UTC;0;1008,6;1008,6;1008,1;222,2;26,3;21,4;26,4;25,6;21,6;21,2;77;75;75;139;7,7;3,4;
2020/10/20;1000 UTC;0;1008,8;1008,8;1008,6;740,7;26,9;21,7;26,9;26,1;21,8;21,2;75;73;73;138;9,4;5,2;
2020/10/20;1100 UTC;0;1009,5;1009,6;1008,7;1368,5;27,2;21,6;27,9;26,9;21,7;21,1;73;69;71;136;10,9;5,8;
2020/10/20;1200 UTC;0;1009,5;1009,6;1009,4;2521,2;28,3;21,4;29,4;27,1;23;21,2;73;64;66;134;10,6;6,6;
2020/10/20;1300 UTC;0;1009;1009,5;1009;2898,1;29,3;22,5;29,4;27,9;22,5;20,9;69;63;67;130;10,8;5,5;
2020/10/20;1400 UTC;0;1008,5;1009;1008,5;3440,5;28,9;22;30,2;28,3;22,5;21,1;68;61;66;135;11,1;6,5;
2020/10/20;1500 UTC;0;1007,7;1008,5;1007,6;2968,2;28,3;22,2;29,5;28;22,5;21,1;69;63;69;130;11,3;6;
2020/10/20;1600 UTC;0;1007,2;1007,7;1007,1;3182,1;29,2;21,9;30;28,2;22,4;21,3;69;63;65;131;11,9;5,6;
2020/10/20;1700 UTC;0;1006,5;1007,2;1006,4;2850,9;28,6;21,5;29,9;28,1;22,2;21,2;67;62;66;133;11;5,6;
2020/10/20;1800 UTC;0;1006,4;1006,5;1006,2;2024,5;28,5;21,3;29,6;27,7;22,5;21,2;70;64;65;139;11,1;6;
2020/10/20;1900 UTC;0;1006,5;1006,6;1006,3;895,9;27,5;21,1;28,6;27,5;22,5;20,8;73;65;68;131;11,1;4,8;
2020/10/20;2000 UTC;0;1006,6;1006,6;1006,4;393,3;27,1;21,6;27,7;27;21,9;21,1;72;68;72;142;9;4,5;
2020/10/20;2100 UTC;0;1007,1;1007,1;1006,6;21,8;26,6;21,7;27,1;26,6;21,7;21,4;75;71;75;137;8,2;3,7;
2020/10/20;2200 UTC;0;1007,7;1007,7;1007,1;;26,4;21,7;26,6;26,4;22;21,7;76;74;75;146;8,2;3,8;
2020/10/20;2300 UTC;0;1008,3;1008,3;1007,7;;26,4;21,7;26,4;26,3;21,7;21,5;76;74;76;142;7,4;3,6;
2020/10/21;0000 UTC;0;1009;1009;1008,3;;26,5;21,9;26,6;26,4;21,9;21,6;76;75;76;143;7,4;3,4;
2020/10/21;0100 UTC;0;1009,4;1009,4;1009;;26,3;22,7;26,5;26,3;22,7;21,9;80;76;80;139;7,6;3,6;
2020/10/21;0200 UTC;0;1009;1009,4;1009;;25,8;22,8;26,4;25,8;23;22,6;84;80;84;167;7,1;3,3;
2020/10/21;0300 UTC;0;1008,4;1009;1008,4;;25,5;22,8;25,8;25,5;22,9;22,7;85;84;85;172;5,5;2,5;
2020/10/21;0400 UTC;0;1007,6;1008,4;1007,6;;24,6;22,4;25,5;24,6;22,8;22,3;87;85;87;188;5,5;1,8;
2020/10/21;0500 UTC;2,6;1007,4;1007,6;1007,3;;23,9;22,6;24,6;23,8;22,6;22,2;92;87;92;189;6;1,9;
2020/10/21;0600 UTC;;;;;;;;;;;;;;;;;;
2020/10/21;0700 UTC;;;;;;;;;;;;;;;;;;
2020/10/21;0800 UTC;;;;;;;;;;;;;;;;;;
2020/10/21;0900 UTC;0;1008,3;1008,3;1007,9;82,7;23,4;22,5;23,5;23,3;22,5;22,3;94;94;94;189;6,3;3,4;
2020/10/21;1000 UTC;,2;1008,9;1008,9;1008,3;437,1;24,3;23,1;24,4;23,4;23,4;22,5;95;93;93;183;6,7;3,5;
2020/10/21;1100 UTC;,2;1009,5;1009,5;1008,9;917,3;24,7;23,3;25,7;24,3;24,3;22,9;94;89;92;170;7,5;4,3;
2020/10/21;1200 UTC;,2;1009,5;1009,6;1009,4;1545,2;25,9;23,9;26,4;24,5;24,6;23;93;88;89;166;7,5;4;
2020/10/21;1300 UTC;,6;1009,3;1009,6;1009,2;2471,2;27,1;24,1;28;25,7;25,4;23,8;92;81;83;134;10,5;5,2;
2020/10/21;1400 UTC;0;1008,8;1009,3;1008,8;2266,3;27,4;24;27,5;25,9;25,1;23,8;90;81;82;142;11,5;6,6;
2020/10/21;1500 UTC;,2;1008,3;1008,8;1008,2;2245;26,2;24,4;28,6;26,1;24,6;23,7;90;78;90;127;11,5;5,1;
2020/10/21;1600 UTC;1,2;1007,4;1008,3;1007,4;1732,3;25,8;24,7;27,5;24,7;25;23,3;95;83;94;141;12,3;5,2;
2020/10/21;1700 UTC;,6;1006,9;1007,4;1006,8;1992,5;26,2;24,7;27,1;24,8;25,4;23,3;94;86;92;130;12,7;5,1;
2020/10/21;1800 UTC;1,4;1006,4;1006,9;1006,3;1024,4;25,6;24,4;26,5;24,9;25;23,7;95;90;93;148;10,3;5;
2020/10/21;1900 UTC;0;1006,6;1006,6;1006,3;915;26,1;24,1;26,4;25,5;24,7;23,8;93;88;89;144;10,5;4,3;
2020/10/21;2000 UTC;1,4;1007;1007;1006,5;150,7;25,3;24,1;26,1;24,4;24,3;23,3;95;88;93;150;11,7;4,7;
2020/10/21;2100 UTC;,2;1007,6;1007,6;1007;14,4;25,4;24,1;25,6;25,3;24,3;24;93;92;92;167;9,6;3,5;
2020/10/21;2200 UTC;0;1008,3;1008,3;1007,6;1;25,8;23,9;25,8;25,4;24,2;23,7;93;89;89;154;6,9;2,9;
2020/10/21;2300 UTC;,2;1009;1009;1008,3;0;25,6;23,5;25,8;25,3;23,9;23,4;90;88;88;166;7,4;3,6;
2020/10/22;0000 UTC;0;1009,7;1009,7;1009;1;25,7;23,6;26;25,6;23,9;23,5;89;88;88;173;6,2;3,2;
2020/10/22;0100 UTC;,2;1009,4;1009,6;1009,4;;25,4;23,6;25,9;25,3;23,7;23,5;90;88;90;169;6,4;3,3;
2020/10/22;0200 UTC;1,4;1009;1009,4;1008,9;;25;23,6;25,5;25;23,7;23,4;92;89;92;161;9,5;3,3;
2020/10/22;0300 UTC;,4;1008,1;1009;1008,1;1,2;25;23,5;25,3;24,9;24,1;23,4;94;91;91;158;9,5;3,7;
2020/10/22;0400 UTC;,8;1007,3;1008,1;1007,3;;25,2;24;25,2;24,8;24;23,4;94;91;93;135;7;3,4;
2020/10/22;0500 UTC;;;;;;;;;;;;;;;;;;
2020/10/22;0600 UTC;;;;;;;;;;;;;;;;;;
2020/10/22;0700 UTC;;;;;;;;;;;;;;;;;;
2020/10/22;0800 UTC;;;;;;;;;;;;;;;;;;
2020/10/22;0900 UTC;1,2;1007,4;1007,4;1006,8;132,9;24,4;23,4;24,9;23,9;23,9;22,8;95;93;95;147;9,2;4,1;
2020/10/22;1000 UTC;0;1008,1;1008,1;1007,4;883;25,3;23,3;26,4;24,4;24,5;23,3;95;87;88;131;11,5;5,8;
2020/10/22;1100 UTC;0;1009;1009;1008,1;905,5;26,6;23,8;26,6;25,3;24,4;23,3;89;84;85;116;11,5;4,5;
2020/10/22;1200 UTC;0;1009,2;1009,2;1008,9;1222,5;27,1;23,6;27,1;26,5;24,1;23,2;85;81;81;119;9,1;4,5;
2020/10/22;1300 UTC;,8;1009,1;1009,2;1009;1921,2;26,3;24,1;27,9;26,1;24,2;23,3;88;79;88;120;10,2;4,9;
2020/10/22;1400 UTC;,4;1008,6;1009,2;1008,6;2084,6;27;24,2;27,7;25,2;25,4;23,3;92;82;85;135;10,9;6,4;
2020/10/22;1500 UTC;0;1007,9;1008,7;1007,9;3471,4;28;24,1;28,8;26,9;24,8;22,6;86;73;79;128;10,9;5,5;
2020/10/22;1600 UTC;0;1006,9;1008;1006,9;2883,7;28;24;28,8;26,9;24,8;23,6;85;76;79;141;10,1;6,1;
2020/10/22;1700 UTC;0;1006,4;1007;1006,4;2336,5;27,9;22,9;28,7;27,8;24,5;22,3;80;71;74;130;9,7;5,5;
2020/10/22;1800 UTC;0;1006,3;1006,4;1006,2;1865,9;27,6;22,8;28,5;27,6;24;22,7;78;74;75;134;9;4,7;
2020/10/22;1900 UTC;0;1006,4;1006,4;1006,1;1005,4;27,3;23;27,9;27,2;23,4;22,6;78;74;77;133;7,7;4,7;
2020/10/22;2000 UTC;0;1006,9;1006,9;1006,4;430,4;26,6;23,4;27,7;26,6;23,5;22,9;83;77;83;142;8;4,1;
2020/10/22;2100 UTC;0;1007,3;1007,3;1006,9;14,4;26,6;23,3;26,7;26,5;23,6;23;83;81;82;143;6,9;3,5;
2020/10/22;2200 UTC;0;1007,9;1007,9;1007,3;;25,5;23,5;26,7;25,5;23,6;22,8;89;80;89;115;7,8;4,6;
2020/10/22;2300 UTC;0;1008,6;1008,6;1007,9;;25,7;23,5;25,7;25,1;23,8;23,2;91;88;88;138;8,9;2,4;
2020/10/23;0000 UTC;0;1009,3;1009,3;1008,6;;25,7;23,6;25,8;25,6;23,6;23,3;88;87;88;138;6,2;3,1;
2020/10/23;0100 UTC;0;1009,4;1009,5;1009,2;;25,3;23,7;25,9;25,3;23,9;23,6;91;88;91;173;7,7;2,9;
2020/10/23;0200 UTC;0;1008,8;1009,4;1008,8;;25,3;23,9;25,3;25,1;23,9;23,6;92;91;92;167;4,9;2,2;
2020/10/23;0300 UTC;0;1007,7;1008,8;1007,7;;25,9;23,3;25,9;25,3;23,9;23,3;92;86;86;132;5,5;3,1;
2020/10/23;0400 UTC;;;;;;;;;;;;;;;;;;
2020/10/23;0500 UTC;;;;;;;;;;;;;;;;;;
2020/10/23;0600 UTC;;;;;;;;;;;;;;;;;;
2020/10/23;0700 UTC;;;;;;;;;;;;;;;;;;
2020/10/23;0800 UTC;;;;;;;;;;;;;;;;;;
2020/10/23;0900 UTC;0;1007,9;1007,9;1007,4;94,5;25,3;23,5;25,3;24,4;23,5;23;92;90;90;139;6,5;3,5;
2020/10/23;1000 UTC;0;1008,6;1008,6;1007,9;429,2;26;23,5;26;25,3;23,8;23,5;90;86;86;134;7,6;4,4;
2020/10/23;1100 UTC;0;1009;1009;1008,6;1287,5;27,2;23,8;27,5;26;24,5;23,5;87;81;81;130;8,9;4;
2020/10/23;1200 UTC;0;1008,8;1009;1008,8;2164,7;27,5;23,5;27,8;26,5;24,5;23,5;86;79;79;125;8,9;5;
2020/10/23;1300 UTC;0;1008,5;1008,9;1008,5;3090,9;28,7;24,1;28,7;27,3;24,9;23,2;82;75;76;120;9,5;5,3;
2020/10/23;1400 UTC;0;1008;1008,5;1008;3574;28;23,6;29;27,9;24,3;23,2;79;74;77;133;10;5,9;
2020/10/23;1500 UTC;0;1007,2;1008;1007,2;3517,3;28,9;24,4;29,8;27,9;24,8;23,3;79;72;77;127;10,3;5,5;
2020/10/23;1600 UTC;0;1006,2;1007,2;1006,2;3396,3;28,5;23,3;29,3;28,1;24,5;22,9;78;72;73;126;10,4;5,3;
2020/10/23;1700 UTC;0;1005,7;1006,2;1005,6;2638,8;27,4;23,5;29,3;27,3;24,4;23,1;80;72;79;135;10,5;6,3;
2020/10/23;1800 UTC;0;1005,5;1005,7;1005,5;1527,7;27,3;23,8;28,7;27,2;24,7;23,5;82;76;81;131;10,5;5,4;
2020/10/23;1900 UTC;,2;1005,4;1005,5;1005,3;500,8;26,1;23,7;27,3;25,6;24,7;23,1;90;81;87;165;10,6;5,1;
2020/10/23;2000 UTC;,2;1005,7;1005,8;1005,4;459;26,1;24;26,5;26;24,5;23,6;89;87;88;147;9,2;4,7;
2020/10/23;2100 UTC;,4;1006,2;1006,2;1005,7;17;25,9;24;26,2;25,2;24,1;23,2;91;87;89;137;9,4;4,8;
2020/10/23;2200 UTC;0;1006,7;1006,8;1006,2;;26;23,5;26,1;25,7;24,2;23,5;90;86;86;140;8,7;5,2;
2020/10/23;2300 UTC;0;1007,4;1007,4;1006,7;;25,7;23,4;26,4;25,7;24;23,2;87;85;87;155;10,3;5,8;
2020/10/24;0000 UTC;1,4;1007,8;1007,9;1007,4;;25,7;24;25,7;24,9;24,3;23,4;93;87;90;137;10,6;5,1;
2020/10/24;0100 UTC;,2;1007,9;1008;1007,8;,6;25,5;23,9;25,9;25,4;24,1;23,4;91;89;91;141;9,4;3,7;
2020/10/24;0200 UTC;0;1007,6;1008;1007,6;;25,5;23,7;25,9;25,5;24,1;23,7;91;89;90;143;8,8;3,9;
2020/10/24;0300 UTC;0;1006,9;1007,6;1006,9;;25,8;23,4;25,9;25,5;24;23,1;90;86;87;140;10,4;4,3;
2020/10/24;0400 UTC;;;;;;;;;;;;;;;;;;
2020/10/24;0500 UTC;;;;;;;;;;;;;;;;;;
2020/10/24;0600 UTC;;;;;;;;;;;;;;;;;;
2020/10/24;0700 UTC;;;;;;;;;;;;;;;;;;
2020/10/24;0800 UTC;;;;;;;;;;;;;;;;;;
2020/10/24;0900 UTC;0;1006,9;1006,9;1006,5;239,2;26,3;23;26,3;25,7;23,3;22,8;85;82;82;139;8,7;4,3;
2020/10/24;1000 UTC;0;1007,4;1007,4;1006,8;1016;27,2;22,9;27,4;26,3;23,3;22,8;82;77;77;146;10,4;5,3;
2020/10/24;1100 UTC;0;1007,9;1007,9;1007,4;1848;27,6;23,2;28;26,9;23,6;22,7;79;74;77;135;10,5;6,3;
2020/10/24;1200 UTC;0;1008,2;1008,2;1007,9;2405,1;28,3;23,4;28,8;27,3;24,2;22,7;79;73;75;128;10,9;5,8;
2020/10/24;1300 UTC;0;1008,1;1008,3;1007,9;2573,2;28,6;23,5;29,2;27,7;24,3;22,9;77;73;74;135;11;5,4;
2020/10/24;1400 UTC;0;1007,7;1008,1;1007,7;3488,1;28,7;23,4;29,8;28;24,2;22,9;77;70;73;134;11,2;6,5;
2020/10/24;1500 UTC;0;1006,8;1007,7;1006,8;3656,8;28,9;23,5;29,5;28,4;24,2;22,3;75;68;73;136;11,2;6,1;
2020/10/24;1600 UTC;0;1005,8;1006,8;1005,8;3315;28,8;22,9;29,8;28,5;23,9;22,2;73;68;70;134;11,1;6,1;
2020/10/24;1700 UTC;0;1005,1;1005,8;1005;2873,6;28,4;23,3;29,4;28,3;23,7;22,7;74;69;74;131;11,4;5,6;
2020/10/24;1800 UTC;0;1005;1005,1;1004,9;2093,5;28,2;23,1;29;28;23,9;22;75;68;74;134;11,3;5,9;
2020/10/24;1900 UTC;0;1005,4;1005,4;1004,9;775,6;27,5;23,1;28,3;27,4;23,3;22,6;77;73;77;138;10,3;4,7;
2020/10/24;2000 UTC;0;1005,6;1005,6;1005,4;426,5;27,3;23,4;27,7;27,2;23,4;22,9;79;77;79;132;9,7;4,7;
2020/10/24;2100 UTC;0;1006;1006;1005,6;19,9;26,6;23,1;27,3;26,6;23,4;22,7;81;78;81;135;9,8;4,2;
2020/10/24;2200 UTC;0;1006,6;1006,6;1006;;26,6;23,1;26,7;26,6;23,3;23;82;80;81;141;8,5;4;
2020/10/24;2300 UTC;0;1007;1007;1006,5;;26,6;22,9;26,6;26,5;23,5;22,9;83;80;80;136;8,2;4,2;
2020/10/25;0000 UTC;0;1007,6;1007,6;1007;;26,5;23;26,6;26,5;23,3;22,8;82;80;81;140;8,2;4,6;
2020/10/25;0100 UTC;0;1007,3;1007,6;1007,3;;26,3;22,9;26,5;26,3;23;22,8;82;81;81;140;8,6;4,1;
2020/10/25;0200 UTC;0;1006,5;1007,3;1006,5;;26,2;22,8;26,3;26,2;23,1;22,8;83;81;81;133;8,6;4,4;
2020/10/25;0300 UTC;0;1005,8;1006,5;1005,8;;26,1;22,7;26,3;26,1;22,9;22,7;82;81;82;138;8,6;4;
2020/10/25;0400 UTC;;;;;;;;;;;;;;;;;;
2020/10/25;0500 UTC;;;;;;;;;;;;;;;;;;
2020/10/25;0600 UTC;;;;;;;;;;;;;;;;;;
2020/10/25;0700 UTC;;;;;;;;;;;;;;;;;;
2020/10/25;0800 UTC;;;;;;;;;;;;;;;;;;
2020/10/25;0900 UTC;0;1006,1;1006,1;1005,2;104,6;26,3;22,8;26,3;25,9;23,1;22,6;84;81;81;139;8,4;4,1;
2020/10/25;1000 UTC;0;1006,6;1006,6;1006,1;736,3;27,4;23,1;27,6;26,3;23,5;22,8;81;77;77;138;8,9;4,3;
2020/10/25;1100 UTC;0;1007,3;1007,3;1006,6;1831,3;27,9;23,3;28,3;27,4;23,6;22,7;78;74;76;133;10,2;5,3;
2020/10/25;1200 UTC;0;1007,7;1007,7;1007,3;2640,5;28,7;23,3;29,1;27,8;23,7;22,9;77;72;73;134;10,2;4,9;
2020/10/25;1300 UTC;0;1007,6;1007,8;1007,6;3273,4;29,1;23,3;29,5;28,2;23,9;22,9;74;71;71;135;9,2;4,9;
2020/10/25;1400 UTC;0;1007,1;1007,6;1007;3551,7;29,2;23,5;29,9;28,6;24,6;23,1;75;70;72;126;9,1;5,3;
2020/10/25;1500 UTC;0;1006;1007,1;1006;3645,8;29,3;23,8;30;28,6;24,3;23,1;75;69;72;131;9;4,9;
2020/10/25;1600 UTC;0;1005,4;1006;1005,4;3257,4;29,9;24,4;29,9;28,6;24,5;23,1;75;70;72;123;9;4,5;
2020/10/25;1700 UTC;0;1004,8;1005,4;1004,8;2314,9;28,5;23,7;30;27,9;24,5;23,2;77;70;75;130;8,7;4,9;
2020/10/25;1800 UTC;0;1004,8;1004,8;1004,6;1507,1;28,1;23,6;29,6;27,7;24,5;23,3;78;74;77;115;9,8;5,3;
2020/10/25;1900 UTC;0;1004,8;1004,8;1004,7;808,4;28;23,4;28,3;27,5;23,8;23,1;78;75;76;121;8,9;3,7;
2020/10/25;2000 UTC;0;1005,4;1005,4;1004,8;267;27,1;23;28;27,1;23,7;22,7;80;76;79;120;8,1;4,3;
2020/10/25;2100 UTC;0;1006;1006;1005,4;11,1;26,9;23;27,1;26,9;23,2;22,9;80;78;79;122;7,4;3,4;
2020/10/25;2200 UTC;0;1006,5;1006,5;1006;;26,8;22,8;26,9;26,7;23,1;22,7;80;78;79;118;7,1;3,7;
2020/10/25;2300 UTC;0;1007,2;1007,2;1006,5;;26,7;22,9;26,8;26,7;23;22,7;80;79;80;117;7,1;3,4;
2020/10/26;0000 UTC;0;1007,5;1007,5;1007,2;;26,6;22,8;26,7;26,6;23;22,6;80;79;79;119;7,1;3,7;
2020/10/26;0100 UTC;0;1007,3;1007,6;1007,3;;26,5;22,9;26,7;26,5;22,9;22,5;81;78;81;107;7,4;2,5;
2020/10/26;0200 UTC;0;1006,7;1007,3;1006,7;;26,5;23;26,5;26,4;23,1;22,7;82;80;81;120;7,3;3,5;
2020/10/26;0300 UTC;;;;;;;;;;;;;;;;;;
2020/10/26;0400 UTC;;;;;;;;;;;;;;;;;;
2020/10/26;0500 UTC;;;;;;;;;;;;;;;;;;
2020/10/26;0600 UTC;;;;;;;;;;;;;;;;;;
2020/10/26;0700 UTC;;;;;;;;;;;;;;;;;;
2020/10/26;0800 UTC;;;;;;;;;;;;;;;;;;
2020/10/26;0900 UTC;0;1006;1006;1005,4;258,9;26,7;23;26,7;25,8;23;22,6;83;79;80;122;5,9;2,8;
2020/10/26;1000 UTC;0;1006,6;1006,6;1006;873,6;28;23,6;28;26,6;23,8;22,5;80;76;77;109;6,4;2,9;
2020/10/26;1100 UTC;0;1007,1;1007,1;1006,6;1623,7;28,3;23,1;28,5;27,1;23,5;22,6;78;73;74;97;7,8;3,9;
2020/10/26;1200 UTC;0;1007;1007,1;1007;2590,3;28;23;29,7;28;23,7;22,7;74;69;74;104;7,8;3,7;
2020/10/26;1300 UTC;0;1006,7;1007,1;1006,7;2806,1;29,1;23;29,6;27,9;24,2;23;77;69;70;103;7,5;3,5;
2020/10/26;1400 UTC;0;1006;1006,7;1006;3582,8;29,3;23;30,3;28,4;24,1;22,7;72;67;69;90;7,8;4,1;
2020/10/26;1500 UTC;0;1005,1;1006;1005;3632,6;28,9;23;30,3;28,4;24,1;22,6;73;67;71;99;7,3;3,7;
2020/10/26;1600 UTC;0;1004,3;1005,1;1004,3;2619,1;28,9;23,7;30,2;28,6;24,1;22,9;74;69;74;80;7,1;3,7;
2020/10/26;1700 UTC;0;1003,8;1004,4;1003,8;2662,4;28,6;22,2;29,8;28,5;24,3;22,2;74;66;68;88;7,8;4,3;
2020/10/26;1800 UTC;0;1003,8;1003,9;1003,7;2082,4;27,9;23;29,4;27,9;23,5;22,4;75;67;75;101;7;3,9;
2020/10/26;1900 UTC;0;1003,9;1003,9;1003,7;1046,5;27,9;22,9;28,6;27,6;23,5;22,7;76;73;74;94;7,4;3,2;
2020/10/26;2000 UTC;0;1003,8;1003,9;1003,7;493,4;27,3;23;28,1;27,3;23,2;22,7;78;74;77;102;6,4;2,8;
2020/10/26;2100 UTC;0;1004,3;1004,3;1003,8;17,7;26,5;22,8;27,3;26,5;23,1;22,8;81;77;80;93;6,2;2,9;
2020/10/26;2200 UTC;0;1005;1005;1004,3;;26,4;22,6;26,6;26,3;23;22,6;81;80;80;88;5,6;2,8;
2020/10/26;2300 UTC;0;1006,1;1006,1;1005;;26,4;22,9;26,5;26,3;22,9;22,6;81;80;81;100;5,5;2,3;
2020/10/27;0000 UTC;0;1006,7;1006,7;1006,1;;26,4;22,7;26,6;26,3;23,2;22,7;82;80;80;97;6,5;3,2;
2020/10/27;0100 UTC;0;1007,1;1007,2;1006,7;;26,6;23,2;26,7;26,4;23,2;22,7;82;80;82;117;6,5;2,9;
2020/10/27;0200 UTC;0;1006,7;1007,1;1006,7;;26,4;23,1;26,6;26,2;23,2;22,8;83;81;82;100;6,6;2,7;
2020/10/27;0300 UTC;0;1006,4;1006,7;1006,4;;25,9;22,7;26,4;25,9;23,1;22,7;83;82;82;84;5,8;2,4;
2020/10/27;0400 UTC;;;;;;;;;;;;;;;;;;
2020/10/27;0500 UTC;;;;;;;;;;;;;;;;;;
2020/10/27;0600 UTC;;;;;;;;;;;;;;;;;;
2020/10/27;0700 UTC;;;;;;;;;;;;;;;;;;
2020/10/27;0800 UTC;;;;;;;;;;;;;;;;;;
2020/10/27;0900 UTC;0;1005,7;1005,7;1005,5;173,3;26;22,5;26,1;25,5;22,6;22,2;83;80;81;84;5;1,7;
2020/10/27;1000 UTC;0;1006,4;1006,4;1005,7;761,9;27,6;22,7;27,7;26;23,2;22,4;82;75;75;110;5,4;2,3;
2020/10/27;1100 UTC;0;1006,5;1006,6;1006,3;1497,9;28,1;22,8;28,8;27,2;24,1;22,3;77;73;73;90;6;2,8;
2020/10/27;1200 UTC;0;1006,7;1006,7;1006,5;2736,6;29;23;29,5;27,8;23,6;22,3;75;69;70;95;6,9;3,1;
2020/10/27;1300 UTC;0;1006,6;1006,8;1006,5;3028,6;29;22,9;29,9;27,7;23,6;22;74;67;70;103;7,2;3,7;
2020/10/27;1400 UTC;0;1006,3;1006,6;1006,3;3389,2;29,8;22,7;30;28,2;23,6;21,7;74;64;66;88;7,4;3,9;
2020/10/27;1500 UTC;0;1005,4;1006,3;1005,4;3320,4;29;22,2;30,4;28,6;23,6;22,1;71;64;67;95;8,9;4,4;
2020/10/27;1600 UTC;0;1004,7;1005,4;1004,7;3093,7;28,7;22,7;29,9;28,4;23,3;22,1;72;66;70;107;8,5;4,1;
2020/10/27;1700 UTC;0;1004,2;1004,7;1004,2;2398,6;29,7;23;29,8;28,1;23,3;21,9;73;67;67;97;7,8;3,4;
2020/10/27;1800 UTC;0;1003,8;1004,2;1003,8;2075,6;29,1;23,1;29,7;28,3;23,3;22,2;72;67;70;86;7,6;3,5;
2020/10/27;1900 UTC;0;1003,7;1003,9;1003,7;1391,3;27,8;22,1;29,1;27,8;23;21,9;74;69;71;87;7,4;4,1;
2020/10/27;2000 UTC;0;1003,8;1003,9;1003,7;369,2;26,7;22,2;27,9;26,7;22,6;22;76;71;76;92;7,9;3,1;
2020/10/27;2100 UTC;0;1004,2;1004,2;1003,7;10;26,4;22,7;26,6;26,4;22,8;22,1;80;76;80;99;7,2;3,9;
2020/10/27;2200 UTC;0;1004,7;1004,7;1004,2;;26,2;22,5;26,6;26,2;22,8;22,2;80;78;80;91;7,9;3;
2020/10/27;2300 UTC;0;1005,5;1005,5;1004,6;;26,3;22,7;26,3;26,1;22,7;22,3;81;79;80;98;6,9;3,6;
2020/10/28;0000 UTC;0;1006;1006;1005,5;;26,3;22,5;26,4;26,1;22,8;22,3;81;79;80;96;7,2;2,8;
2020/10/28;0100 UTC;0;1006,2;1006,2;1006;;26,2;22,6;26,3;26,1;22,6;22,3;80;79;80;97;6,5;2,4;
2020/10/28;0200 UTC;0;1006,2;1006,4;1006,2;;26,4;22,4;26,4;26,2;22,6;22,4;80;78;79;115;5,6;2,7;
2020/10/28;0300 UTC;0;1005,2;1006,2;1005,2;;26;22,2;26,4;25,9;22,8;22,2;82;79;80;106;5,6;2,7;
2020/10/28;0400 UTC;;;;;;;;;;;;;;;;;;
2020/10/28;0500 UTC;;;;;;;;;;;;;;;;;;
2020/10/28;0600 UTC;;;;;;;;;;;;;;;;;;
2020/10/28;0700 UTC;;;;;;;;;;;;;;;;;;
2020/10/28;0800 UTC;;;;;;;;;;;;;;;;;;
2020/10/28;0900 UTC;0;1005,3;1005,3;1004,8;284,4;26,6;22,1;26,6;25,9;22,3;21,9;81;76;76;109;6,3;3,1;
2020/10/28;1000 UTC;0;1006,2;1006,2;1005,3;966,9;27,1;22,2;27,8;26,6;23,2;22;78;73;75;109;7;3,4;
2020/10/28;1100 UTC;0;1006,8;1006,8;1006,1;1671;28,5;22,7;28,7;27,1;23,5;22,1;76;71;71;94;7,5;3,6;
2020/10/28;1200 UTC;0;1006,8;1007;1006,7;2480,4;28,5;22,6;29,1;27,6;23,3;22,1;74;68;70;108;8,7;4,3;
2020/10/28;1300 UTC;0;1006,6;1006,8;1006,5;2813,3;28;22,4;29,9;27,8;23,1;22,1;72;65;72;104;8,8;3,9;
2020/10/28;1400 UTC;0;1006;1006,7;1006;3246,2;29;22,2;29,9;27,8;23,3;22;73;66;67;109;10,5;4,8;
2020/10/28;1500 UTC;0;1005,2;1006;1005,2;3717;29,4;22,5;30,2;28,6;23,3;21,6;69;63;67;116;8,4;4,4;
2020/10/28;1600 UTC;0;1004,3;1005,2;1004,3;2980,6;28,5;22,4;29,9;28,2;23,3;21,7;71;65;70;109;8,4;4,8;
2020/10/28;1700 UTC;0;1003,8;1004,4;1003,7;2637,8;28,2;22;29,6;28,2;23,3;21,9;70;66;69;118;9,3;4,6;
2020/10/28;1800 UTC;0;1003,7;1003,8;1003,6;1999,8;29;22,5;29,8;27,7;23;22;72;66;68;125;8,4;4;
2020/10/28;1900 UTC;0;1003,7;1003,8;1003,7;1233,2;27,9;21,7;29;27,8;22,6;21,5;71;67;69;129;8,9;4,5;
2020/10/28;2000 UTC;0;1003,9;1003,9;1003,7;497,8;27,3;22,2;28;27,1;22,5;21,6;75;69;74;124;7,6;3,8;
2020/10/28;2100 UTC;0;1004,5;1004,5;1003,9;19;26,7;22;27,3;26,7;22,4;21,9;76;73;75;128;7,3;4,4;
2020/10/28;2200 UTC;0;1005,1;1005,1;1004,5;;26,6;22,2;26,8;26,6;22,3;22;77;75;77;126;7,5;3,8;
2020/10/28;2300 UTC;0;1006;1006;1005,1;;26,6;22;26,7;26,6;22,4;21,7;78;74;76;120;8,4;3,8;
2020/10/29;0000 UTC;0;1006,7;1006,7;1006;;26,5;22,2;26,6;26,5;22,5;21,9;78;76;77;121;7,9;3,5;
2020/10/29;0100 UTC;0;1006,7;1006,9;1006,7;;26,5;22,2;26,5;26,4;22,5;22,1;79;77;77;122;8,4;3,9;
2020/10/29;0200 UTC;0;1006,4;1006,8;1006,4;;26,3;21,7;26,6;26,3;22,5;21,3;79;74;76;104;8,4;3,7;
2020/10/29;0300 UTC;0;1005,6;1006,4;1005,6;;26,2;21,8;26,4;26,1;22,1;21,8;78;76;77;107;7,3;3,4;
2020/10/29;0400 UTC;;;;;;;;;;;;;;;;;;
2020/10/29;0500 UTC;;;;;;;;;;;;;;;;;;
2020/10/29;0600 UTC;;;;;;;;;;;;;;;;;;
2020/10/29;0700 UTC;;;;;;;;;;;;;;;;;;
2020/10/29;0800 UTC;;;;;;;;;;;;;;;;;;
2020/10/29;0900 UTC;0;1005,8;1005,8;1005,6;253;26,5;21,6;26,5;25,9;21,9;21,3;78;74;75;127;7;3,4;
2020/10/29;1000 UTC;0;1006,8;1006,8;1005,8;900,4;27,1;21,8;27,4;26,5;22,1;21,3;75;71;73;122;7,5;3,2;
2020/10/29;1100 UTC;0;1007,7;1007,7;1006,8;1698,7;28;21,8;28,3;27,1;22,3;21,1;73;68;69;130;7,4;4,8;
2020/10/29;1200 UTC;0;1007,6;1007,7;1007,5;2486,5;28,4;22,3;29;27,5;23,1;21,4;74;66;70;133;7,5;4,8;
2020/10/29;1300 UTC;,4;1007,5;1007,7;1007,4;2168,6;25,8;22;29,3;25,8;22,7;21,5;80;65;80;108;8,7;4,2;
2020/10/29;1400 UTC;,6;1007,1;1007,6;1007,1;1212,3;26,3;24,2;26,5;25,2;24,9;22,3;91;80;88;127;8,7;2,2;
2020/10/29;1500 UTC;0;1006,2;1007,1;1006,2;3298,7;28,6;23;28,8;26,3;25,1;22,1;90;70;72;116;8,7;4,9;
2020/10/29;1600 UTC;0;1005,3;1006,2;1005,3;3367,4;28,9;22,1;29,8;28,3;23,5;21,6;73;64;67;118;8,4;4,1;
2020/10/29;1700 UTC;0;1004,3;1005,3;1004,2;2657;29,2;22,2;29,6;28;23;21,8;71;65;66;128;9,3;4,6;
2020/10/29;1800 UTC;0;1004,1;1004,3;1004,1;2155,9;28,2;22;29,3;27,8;22,9;21,7;71;66;69;127;9;5,4;
2020/10/29;1900 UTC;0;1004,3;1004,3;1004,1;1188,5;27,8;22,3;28,6;27,6;22,6;21,8;72;69;72;127;8,6;3,9;
2020/10/29;2000 UTC;0;1004,5;1004,5;1004,2;328,7;27,1;22,3;27,8;27,1;22,6;22,1;75;72;75;135;8,2;3,8;
2020/10/29;2100 UTC;0;1004,9;1005;1004,5;21,3;26,7;22,7;27,1;26,7;22,7;22,2;79;75;79;129;7,8;3,6;
2020/10/29;2200 UTC;0;1005,4;1005,4;1004,9;;26,5;22,1;26,8;26,5;22,7;22,1;79;77;77;132;7,7;3,9;
2020/10/29;2300 UTC;0;1005,9;1005,9;1005,4;;26,4;21,8;26,5;26,4;22,1;21,3;77;73;76;125;8,6;3,9;
2020/10/30;0000 UTC;0;1006,6;1006,6;1005,9;;26,4;22;26,4;26,3;22,1;21,8;78;76;77;123;7,7;4,4;
2020/10/30;0100 UTC;0;1006,9;1006,9;1006,6;;26,2;22;26,4;26,2;22,2;21,9;79;77;78;129;8,4;3,9;
2020/10/30;0200 UTC;0;1006,2;1007;1006,2;;26,2;22,1;26,3;26,2;22,6;22;80;78;78;130;8,1;4,5;
2020/10/30;0300 UTC;0;1005,8;1006,2;1005,8;;26,1;21,8;26,2;26,1;22,3;21,7;79;77;77;122;8,1;4,4;
2020/10/30;0400 UTC;;;;;;;;;;;;;;;;;;
2020/10/30;0500 UTC;;;;;;;;;;;;;;;;;;
2020/10/30;0600 UTC;;;;;;;;;;;;;;;;;;
2020/10/30;0700 UTC;;;;;;;;;;;;;;;;;;
2020/10/30;0800 UTC;;;;;;;;;;;;;;;;;;
2020/10/30;0900 UTC;0;1006,4;1006,4;1005,8;189,8;26,4;22,2;26,6;25,9;22,5;22;81;77;77;136;7,6;4,3;
2020/10/30;1000 UTC;0;1007,1;1007,1;1006,4;513,6;26,8;22,1;27,3;26,5;22,9;22,1;79;74;76;149;8,2;4,1;
2020/10/30;1100 UTC;0;1007,9;1008;1007,2;1131,4;27,9;22,3;28,2;26,2;23,3;22,1;81;71;72;136;9,5;5;
2020/10/30;1200 UTC;0;1008,2;1008,2;1007,9;2509,2;28,7;22,5;29,2;27,7;23,2;22;73;67;69;132;9,4;5,1;
2020/10/30;1300 UTC;0;1008,1;1008,3;1008,1;3293,9;29,2;22,4;30;28,2;23,1;21,9;71;64;67;135;9,3;4,7;
2020/10/30;1400 UTC;0;1007,9;1008,1;1007,8;3651,5;29,7;22,4;30,2;28,8;23,3;21,8;70;63;65;129;9,3;4,6;
2020/10/30;1500 UTC;0;1006,8;1007,9;1006,8;3577,8;29,6;22;30,3;28,9;23,1;21,6;68;63;64;137;9,7;5,1;
2020/10/30;1600 UTC;0;1006,2;1006,8;1006,1;3261,5;29,3;22,1;30,1;28,7;23,3;21,9;70;63;65;130;8,8;4,9;
2020/10/30;1700 UTC;0;1005,3;1006,1;1005,3;2827,1;29,2;22,4;29,7;28,6;23,3;22,1;70;66;67;132;9,2;5,3;
2020/10/30;1800 UTC;0;1004,9;1005,3;1004,8;2184,5;28,8;22,7;29,6;28,2;23,2;22,4;72;67;70;128;9,8;5,8;
2020/10/30;1900 UTC;0;1005;1005,1;1004,8;983,1;27,9;22,7;29;27,7;23;22,3;75;69;73;134;10,7;5,3;
2020/10/30;2000 UTC;0;1005,4;1005,4;1005;346,4;27,4;22,7;28;27,4;23;22,5;76;74;75;136;10,2;4,5;
2020/10/30;2100 UTC;0;1006;1006;1005,3;16,9;27,1;22,5;27,5;27;22,7;22,5;76;75;76;137;9,2;4,7;
2020/10/30;2200 UTC;0;1006,7;1006,7;1006;;26,9;22,7;27,1;26,9;22,8;22,4;79;76;78;136;7,7;4,2;
2020/10/30;2300 UTC;0;1007,1;1007,2;1006,7;;26,7;22,6;26,9;26,7;22,7;22,4;78;76;78;135;7,5;3,7;
2020/10/31;0000 UTC;0;1007,5;1007,5;1007,1;;26,7;22,8;26,7;26,6;23;22,6;80;78;79;137;7,2;3,9;
2020/10/31;0100 UTC;0;1007,5;1007,6;1007,5;;26,8;22,8;26,8;26,7;22,9;22,7;80;78;79;128;7,6;4,2;
2020/10/31;0200 UTC;0;1006,8;1007,5;1006,8;;26,5;22,8;26,8;26,5;22,9;22,8;81;79;80;127;7,4;3,1;
2020/10/31;0300 UTC;0;1006,3;1006,8;1006,3;;26,5;23;26,5;26,4;23;22,7;82;80;82;125;6,6;2,6;
2020/10/31;0400 UTC;0;1005,6;1006,3;1005,6;;26,3;23,1;26,5;26,3;23,1;23;82;81;82;136;5,6;2,6;
2020/10/31;0500 UTC;;;;;;;;;;;;;;;;;;
2020/10/31;0600 UTC;;;;;;;;;;;;;;;;;;
2020/10/31;0700 UTC;;;;;;;;;;;;;;;;;;
2020/10/31;0800 UTC;;;;;;;;;;;;;;;;;;
2020/10/31;0900 UTC;0;1006,6;1006,6;1006,1;186,9;25;24,1;25;24,8;24,1;23,8;95;94;95;193;5,4;1,5;
2020/10/31;1000 UTC;0;1007,1;1007,1;1006,6;791,8;26,7;24,5;26,8;24,9;25,3;24;95;87;88;146;5,7;3,4;
2020/10/31;1100 UTC;6,4;1007,9;1008;1007,1;542,2;24,3;23,5;26,8;23,6;24,4;22,1;95;85;95;141;9,4;3,9;
2020/10/31;1200 UTC;0;1008;1008;1007,8;1817,9;27,6;24,9;27,7;24,2;25,7;23,3;96;85;85;115;7,3;3,9;
2020/10/31;1300 UTC;0;1007,8;1008;1007,8;2653,7;28,1;24,7;28,5;27,4;25,1;23,9;85;79;82;118;7,3;4,4;
2020/10/31;1400 UTC;5,4;1007,4;1007,8;1007,4;1761,8;26;24,9;29;24,6;25,3;22,9;93;79;93;111;8,6;2,8;
2020/10/31;1500 UTC;0;1006,7;1007,4;1006,7;3316,2;28,1;24,2;28,8;26;26,3;24,2;94;79;79;117;8,5;4,4;
2020/10/31;1600 UTC;0;1005,7;1006,7;1005,7;3268,8;28,9;23,9;29,4;28,1;24,9;23,6;80;74;74;117;8,5;4,1;
2020/10/31;1700 UTC;0;1005;1005,7;1004,9;2704,9;28,5;24;29,4;28,3;24,6;23,6;78;74;76;122;8;4,5;
2020/10/31;1800 UTC;0;1004,8;1005;1004,8;2018,8;28,4;23,7;29,3;28,1;24,8;23,5;79;74;76;120;7,2;4,5;
2020/10/31;1900 UTC;0;1004,9;1004,9;1004,8;1010,3;28;23,8;28,4;27,6;24;23,3;79;75;78;120;7,6;3,7;
2020/10/31;2000 UTC;0;1005,3;1005,3;1004,9;416,5;27,2;23,3;28,3;27,2;23,8;23,2;79;75;79;124;6,9;3,7;
2020/10/31;2100 UTC;0;1005,9;1005,9;1005,3;17,6;26,9;23,3;27,2;26,8;23,5;23,2;81;79;81;118;6,7;3,4;
2020/10/31;2200 UTC;0;1006,5;1006,5;1005,9;;26,8;23,3;26,9;26,7;23,4;23,1;82;80;81;119;6,3;3,8;
2020/10/31;2300 UTC;0;1006,7;1006,7;1006,5;;26,6;23,3;26,8;26,5;23,5;23,2;83;81;82;110;6,3;3,5;
2020/11/01;0000 UTC;0;1007;1007;1006,7;;26,5;23,3;26,6;26,4;23,5;23,1;83;82;83;110;6,5;2,9;
2020/11/01;0100 UTC;0;1007,2;1007,3;1007;;26,6;23,1;26,6;26,4;23,4;22,9;83;81;82;120;6;3,2;
2020/11/01;0200 UTC;0;1006,7;1007,2;1006,7;;26,5;23,2;26,6;26,4;23,5;23,1;84;82;82;112;6,2;3,4;
2020/11/01;0300 UTC;;;;;;;;;;;;;;;;;;
2020/11/01;0400 UTC;;;;;;;;;;;;;;;;;;
2020/11/01;0500 UTC;;;;;;;;;;;;;;;;;;
2020/11/01;0600 UTC;;;;;;;;;;;;;;;;;;
2020/11/01;0700 UTC;;;;;;;;;;;;;;;;;;
2020/11/01;0800 UTC;;;;;;;;;;;;;;;;;;
2020/11/01;0900 UTC;0;1005,6;1005,6;1005,5;247,7;26,7;22,6;27;26,1;23;22,3;83;78;78;117;6,8;3,2;
2020/11/01;1000 UTC;0;1006,2;1006,2;1005,6;716,8;27,2;23,3;27,4;26,5;23,7;22,5;82;78;79;112;8,8;4,7;
2020/11/01;1100 UTC;0;1006,7;1006,8;1006,2;1564,2;27,8;23,3;28,3;27,2;23,8;22,9;79;75;77;119;9;4,3;
2020/11/01;1200 UTC;0;1007;1007;1006,7;1894,1;28,5;23,1;28,8;27,4;23,8;22,9;79;72;73;115;7,8;4,7;
2020/11/01;1300 UTC;0;1006,8;1007,1;1006,8;3222,6;29,5;24,2;29,5;28,3;24,2;22,8;75;70;73;114;7,8;3,6;
2020/11/01;1400 UTC;0;1006,3;1006,9;1006,2;2710,8;29,2;23,1;30;28;24;22;76;68;70;105;8,2;4,3;
2020/11/01;1500 UTC;0;1005,4;1006,3;1005,4;2936,8;29;23,6;29,6;28,3;24,3;22,9;76;70;73;121;8,8;5,2;
2020/11/01;1600 UTC;0;1004,3;1005,4;1004,3;2356,5;28,9;23,6;29,8;27,8;24,7;23;77;72;73;116;8,8;4,4;
2020/11/01;1700 UTC;0;1003,2;1004,3;1003,2;2764,6;28,9;23,4;29,5;28,4;23,8;22,8;74;69;72;109;8,5;4,6;
2020/11/01;1800 UTC;0;1002,8;1003,2;1002,8;1930,6;28,2;23,3;29,6;28,1;24,3;22,9;76;71;75;117;8,7;4,8;
2020/11/01;1900 UTC;0;1002,8;1002,8;1002,7;1246,3;27,9;23,1;28,7;27,7;23,7;23;77;73;75;110;8,4;4,1;
2020/11/01;2000 UTC;0;1002,6;1002,8;1002,6;494,8;27;23;28,3;27;23,7;22,7;79;75;79;105;8,9;4,2;
2020/11/01;2100 UTC;0;1003;1003;1002,6;11,6;26,8;22,7;27;26,7;23,2;22,6;80;78;78;108;8,1;3,6;
2020/11/01;2200 UTC;0;1003,5;1003,5;1003;;26,7;22,9;26,8;26,6;23;22,6;80;78;80;108;7,4;3,9;
2020/11/01;2300 UTC;0;1004,1;1004,1;1003,5;;26,6;23;26,7;26,6;23,2;22,6;81;79;81;119;7,9;3;
2020/11/02;0000 UTC;0;1004,8;1004,8;1004,1;;26,6;23;26,7;26,5;23,2;22,9;82;80;80;99;6,5;3,5;
2020/11/02;0100 UTC;0;1004,9;1005;1004,8;;26,5;22,9;26,7;26,5;23,3;22,9;82;80;80;103;7,1;3,5;
2020/11/02;0200 UTC;0;1004,5;1004,9;1004,5;;26,4;22,6;26,5;26,4;22,9;22,5;81;79;80;94;7,4;3,7;
2020/11/02;0300 UTC;;;;;;;;;;;;;;;;;;
2020/11/02;0400 UTC;0;1003,7;1004,2;1003,7;;26,3;22,7;26,3;26,2;22,9;22,5;81;80;81;99;6,5;2,7;
2020/11/02;0500 UTC;;;;;;;;;;;;;;;;;;
2020/11/02;0600 UTC;;;;;;;;;;;;;;;;;;
2020/11/02;0700 UTC;;;;;;;;;;;;;;;;;;
2020/11/02;0800 UTC;;;;;;;;;;;;;;;;;;
2020/11/02;0900 UTC;0;1004,2;1004,2;1003,8;237,4;26,5;22,3;26,6;25,8;22,9;22,3;82;78;78;81;6;3,2;
2020/11/02;1000 UTC;0;1004,5;1004,5;1004,2;945,6;27,3;22,7;27,9;26,5;23,3;22,3;78;74;76;93;5,7;3;
2020/11/02;1100 UTC;0;1005;1005;1004,4;1774;28,4;23,1;28,6;27,3;23,6;22,5;77;72;73;102;6,4;3,2;
2020/11/02;1200 UTC;0;1005,3;1005,3;1005;2395,1;29,4;23,3;29,4;27,6;23,8;22,4;75;69;70;108;6,7;3,5;
2020/11/02;1300 UTC;0;1005;1005,3;1005;3193;29;22,8;29,9;28,4;23,8;22,2;73;66;69;92;7,7;3,5;
2020/11/02;1400 UTC;0;1004,8;1005;1004,7;3331;29,3;23,2;30,3;28,6;23,6;22,4;72;66;70;79;7,3;3,9;
2020/11/02;1500 UTC;0;1004,2;1004,8;1004,2;3506,2;29,3;22,9;30,6;28,5;24,5;22,6;72;66;68;91;8,1;3,5;
2020/11/02;1600 UTC;0;1003,5;1004,2;1003,5;3025,9;29,2;23,4;30,4;28,7;23,9;22,6;72;67;71;98;7,4;3,9;
2020/11/02;1700 UTC;0;1002,9;1003,5;1002,9;2199,9;28,9;23;30,3;28,3;23,8;22,2;73;67;71;87;7,2;3,4;
2020/11/02;1800 UTC;0;1002,6;1002,9;1002,5;1868,7;28,2;22,6;29,5;28,1;23,4;22,4;73;69;72;100;7,7;3,9;
2020/11/02;1900 UTC;0;1002,4;1002,7;1002,4;1164,6;27,9;22,6;28,8;27,9;23,2;22,5;74;71;73;96;8,1;3,9;
2020/11/02;2000 UTC;0;1002,5;1002,6;1002,4;428,8;27;22,6;28,1;27;23,2;22,4;77;73;77;85;7,1;3,7;
2020/11/02;2100 UTC;0;1003;1003;1002,4;9,5;26,5;22,7;27;26,5;22,9;22,5;80;77;80;89;6,9;3,5;
2020/11/02;2200 UTC;0;1003,7;1003,8;1003;;26,3;22,7;26,6;26,3;22,8;22,4;81;79;81;82;7,6;2,9;
2020/11/02;2300 UTC;0;1004,6;1004,6;1003,7;;26,5;22,8;26,5;26,3;22,8;22,5;81;79;80;84;9,8;4;
2020/11/03;0000 UTC;0;1005,3;1005,3;1004,6;;26,5;22,8;26,6;26,4;22,9;22,6;80;80;80;89;8;3,1;
2020/11/03;0100 UTC;0;1005,6;1005,6;1005,3;;26,5;22,9;26,6;26,4;23;22,7;81;80;81;90;7,4;3,4;
2020/11/03;0200 UTC;0;1005,4;1005,7;1005,3;;26,4;22,8;26,6;26,3;23;22,6;81;79;80;94;6,5;3;
2020/11/03;0300 UTC;;;;;;;;;;;;;;;;;;
2020/11/03;0400 UTC;;;;;;;;;;;;;;;;;;
2020/11/03;0500 UTC;;;;;;;;;;;;;;;;;;
2020/11/03;0600 UTC;;;;;;;;;;;;;;;;;;
2020/11/03;0700 UTC;;;;;;;;;;;;;;;;;;
2020/11/03;0800 UTC;;;;;;;;;;;;;;;;;;
2020/11/03;0900 UTC;0;1006,3;1006,3;1005,4;297,8;27,1;23,2;27,1;25,9;23,4;22,6;82;79;79;90;4,2;1,8;
2020/11/03;1000 UTC;0;1007,1;1007,1;1006,3;1034,5;28;23;28,5;26,9;23,9;22,8;80;74;74;103;5;2,3;
2020/11/03;1100 UTC;0;1007,6;1007,6;1007,1;1589,6;28;23,2;28,5;27,3;23,6;22,6;77;73;75;107;6;3,6;
2020/11/03;1200 UTC;0;1007,9;1008;1007,6;2402,5;29,2;23,6;29,2;27,8;24;23;76;71;72;114;6,1;3,5;
2020/11/03;1300 UTC;0;1007,9;1008,1;1007,9;3141,7;29,6;23,6;29,7;28,5;23,9;22,8;73;69;70;101;7,3;4;
2020/11/03;1400 UTC;0;1007,2;1008;1007,2;3524,7;29,5;23,5;30,1;28,7;24;22,4;72;67;70;101;8,9;4,4;
2020/11/03;1500 UTC;0;1006,5;1007,2;1006,5;3551,9;29,2;23,2;30;28,9;23,6;22,4;70;67;70;108;8,9;4,3;
2020/11/03;1600 UTC;0;1005,8;1006,5;1005,8;3308,8;29;23,2;30,1;28,7;23,8;22,6;72;67;71;115;7,7;4,7;
2020/11/03;1700 UTC;0;1005,3;1005,8;1005,3;2837,8;29,4;23,4;30,1;28,6;23,8;22,8;72;68;70;107;8,2;3,6;
2020/11/03;1800 UTC;0;1004,9;1005,3;1004,9;1978,5;29,2;23,4;29,8;28,5;23,8;22,7;74;68;71;97;7,8;3,4;
2020/11/03;1900 UTC;0;1004,9;1005,1;1004,9;1217,1;27,9;23,1;29,2;27,9;23,4;22,7;75;71;75;93;8,4;3,6;
2020/11/03;2000 UTC;0;1005;1005;1004,9;453,4;27,2;22,9;28;27,2;23,4;22,7;77;75;77;95;9;3,7;
2020/11/03;2100 UTC;0;1005,4;1005,4;1005;12,6;26,8;23,1;27,2;26,7;23,2;22,8;81;77;80;94;8,6;3,8;
2020/11/03;2200 UTC;0;1006,2;1006,2;1005,4;;26,7;23,1;26,8;26,6;23,2;22,9;81;79;81;96;8,5;3,8;
2020/11/03;2300 UTC;0;1007;1007;1006,2;;26,7;23;26,7;26,6;23,1;22,9;81;80;80;85;9,8;4,3;
2020/11/04;0000 UTC;0;1007,6;1007,6;1007;;26,7;22,8;26,8;26,6;23,2;22,8;81;79;79;87;8,5;4,4;
2020/11/04;0100 UTC;0;1007,7;1007,7;1007,5;;26,5;23;26,7;26,4;23,2;22,8;82;79;81;91;8,1;3,1;
2020/11/04;0200 UTC;0;1007,7;1007,8;1007,7;;26,5;23;26,6;26,5;23,1;22,8;82;80;81;99;7,6;2,9;
2020/11/04;0300 UTC;;;;;;;;;;;;;;;;;;
2020/11/04;0400 UTC;;;;;;;;;;;;;;;;;;
2020/11/04;0500 UTC;;;;;;;;;;;;;;;;;;
2020/11/04;0600 UTC;;;;;;;;;;;;;;;;;;
2020/11/04;0700 UTC;;;;;;;;;;;;;;;;;;
2020/11/04;0800 UTC;;;;;;;;;;;;;;;;;;
2020/11/04;0900 UTC;0;1007,4;1007,4;1006,8;213,9;26,6;22,6;26,7;26;23;22,3;82;79;79;102;6,4;3;
2020/11/04;1000 UTC;0;1008,2;1008,2;1007,4;820,6;27,1;22,7;28,4;26,4;23,5;22,4;80;73;77;95;5,8;3,2;
2020/11/04;1100 UTC;0;1008,7;1008,7;1008,2;1727,9;29;23,1;29;27,1;23,5;22,6;77;70;70;86;6,9;3,5;
2020/11/04;1200 UTC;0;1009,2;1009,2;1008,7;2588;29;23;29,5;28,2;23,8;22,5;73;69;70;116;8;3,7;
2020/11/04;1300 UTC;0;1009,2;1009,3;1009,1;2416,4;29,2;23,4;29,8;28;24,1;22,3;74;68;71;100;7;3,5;
2020/11/04;1400 UTC;0;1008,8;1009,2;1008,8;3638,4;30,7;23,5;30,7;29,3;23,8;22,6;71;65;66;101;7,1;3,4;
2020/11/04;1500 UTC;0;1008,2;1008,8;1008,2;3458,2;29,5;22,9;30,9;29;23,9;22,6;71;64;68;95;7,6;4,1;
2020/11/04;1600 UTC;0;1007,5;1008,2;1007,5;3339,8;30,7;23,6;30,8;29,3;24,1;22,7;69;65;66;73;7,4;3,3;
2020/11/04;1700 UTC;0;1007;1007,5;1006,9;2809,5;29,8;23;30,7;28,9;23,8;22,3;70;64;67;91;7,9;3,3;
2020/11/04;1800 UTC;0;1006,5;1007;1006,5;2210,7;29,3;23,6;29,8;28,7;23,6;22,6;72;67;72;100;7,6;3,1;
2020/11/04;1900 UTC;0;1006,4;1006,6;1006,4;1387,8;28,3;23,3;29,6;28,2;23,6;22,7;75;69;74;110;6,4;3,3;
2020/11/04;2000 UTC;0;1006,3;1006,4;1006,2;512,2;27,3;23;28,5;27,3;23,4;22,8;77;73;77;98;7;3,3;
2020/11/04;2100 UTC;0;1006,4;1006,4;1006,2;13,3;26,8;23,2;27,3;26,8;23,2;22,9;81;77;80;100;6,5;3,5;
2020/11/04;2200 UTC;0;1006,6;1006,6;1006,4;;26,7;23,1;26,9;26,6;23,3;23,1;82;80;81;105;7,9;3,9;
2020/11/04;2300 UTC;0;1007,3;1007,3;1006,6;;26,7;23,2;26,8;26,6;23,2;23;82;80;81;104;7,9;3,8;
2020/11/05;0000 UTC;0;1007,6;1007,6;1007,3;;26,6;23,1;26,7;26,5;23,4;23;82;81;81;100;7;3,7;
2020/11/05;0100 UTC;0;1007,7;1007,7;1007,5;;26,6;23,1;26,7;26,4;23,4;23;83;80;81;100;7,6;3,1;
2020/11/05;0200 UTC;0;1007,2;1007,7;1007,2;;26,5;23,2;26,7;26,5;23,3;23;82;81;82;102;7;3,2;
2020/11/05;0300 UTC;;;;;;;;;;;;;;;;;;
2020/11/05;0400 UTC;;;;;;;;;;;;;;;;;;
2020/11/05;0500 UTC;;;;;;;;;;;;;;;;;;
2020/11/05;0600 UTC;;;;;;;;;;;;;;;;;;
2020/11/05;0700 UTC;;;;;;;;;;;;;;;;;;
2020/11/05;0800 UTC;;;;;;;;;;;;;;;;;;
2020/11/05;0900 UTC;0;1006,2;1006,2;1005,8;235;26,8;23,1;27,1;26,3;23,4;23;83;79;80;107;7,2;4;
2020/11/05;1000 UTC;0;1007,1;1007,1;1006,2;725,6;27,2;23,5;27,9;26,8;23,8;23;80;77;80;116;7,5;4,1;
2020/11/05;1100 UTC;0;1007,7;1007,7;1007,1;1708,6;28,1;23;28,5;27,2;24,1;22,7;80;74;74;115;7,7;4,5;
2020/11/05;1200 UTC;0;1007,6;1007,8;1007,5;2549,2;28,5;22,8;29,7;28;24,1;22,7;75;68;71;107;8,8;4,4;
2020/11/05;1300 UTC;0;1007,3;1007,6;1007,3;3327,1;28,9;23,1;29,6;28,1;23,7;22,5;74;68;71;110;8,7;5,3;
2020/11/05;1400 UTC;0;1006,5;1007,3;1006,5;3486,2;29,3;23,3;30,4;28,8;23,8;22,8;72;67;70;124;9;5,9;
2020/11/05;1500 UTC;0;1005,7;1006,6;1005,7;3088;29,3;23,7;30,3;28,5;23,9;22,8;74;67;72;110;9,8;4,1;
2020/11/05;1600 UTC;0;1005;1005,7;1005;3359,6;29,9;22,8;30;28,7;23,7;22,5;72;65;66;108;9,4;4,4;
2020/11/05;1700 UTC;0;1004,4;1005;1004,4;2921,2;29,1;23,1;29,9;28,6;23,2;22,1;71;65;70;116;8,6;3,9;
2020/11/05;1800 UTC;0;1004,1;1004,4;1004;1777,4;28,3;23,4;29,5;27,9;23,8;22,8;75;70;75;111;8,2;4,3;
2020/11/05;1900 UTC;0;1004,1;1004,2;1004;1349,4;28,3;22,8;29,2;28,1;23,9;22,5;75;70;72;107;8,2;3,5;
2020/11/05;2000 UTC;0;1004,6;1004,6;1004,1;533,1;27,4;22,3;28,4;27,4;23;22,2;75;72;73;117;6,8;3,6;
2020/11/05;2100 UTC;0;1005,2;1005,2;1004,6;20,3;27;22,5;27,5;27;22,5;22,1;76;73;76;125;6,2;3;
2020/11/05;2200 UTC;0;1005,8;1005,8;1005,2;;26,9;23;27;26,9;23;22,5;79;76;79;132;6,5;3,5;
2020/11/05;2300 UTC;0;1006,3;1006,3;1005,8;;26,9;23;27;26,8;23,2;22,9;80;78;79;129;6,6;4,1;
2020/11/06;0000 UTC;0;1006,4;1006,4;1006,3;;26,8;23,2;26,9;26,8;23,3;23;81;79;81;125;7,1;4,4;
2020/11/06;0100 UTC;0;1006,3;1006,5;1006,2;;26,8;23,4;26,8;26,7;23,5;23,2;83;81;82;128;8,4;5;
2020/11/06;0200 UTC;0;1006,1;1006,3;1006,1;;26,8;23,3;26,8;26,7;23,6;23,2;83;81;81;133;8,6;4,2;
2020/11/06;0300 UTC;0;1005,5;1006,1;1005,5;;26,6;23,1;26,9;26,5;23,4;22,7;82;79;82;127;8,6;4;
2020/11/06;0400 UTC;;;;;;;;;;;;;;;;;;
2020/11/06;0500 UTC;;;;;;;;;;;;;;;;;;
2020/11/06;0600 UTC;;;;;;;;;;;;;;;;;;
2020/11/06;0700 UTC;;;;;;;;;;;;;;;;;;
2020/11/06;0800 UTC;;;;;;;;;;;;;;;;;;
2020/11/06;0900 UTC;,2;1006,3;1006,3;1005,6;307,2;27;23;27;25,9;23,7;22,9;87;78;78;116;8,1;3,9;
2020/11/06;1000 UTC;0;1007,1;1007,1;1006,3;944;27,6;23,7;28,1;26,9;23,8;22,8;81;76;79;115;8,8;4;
2020/11/06;1100 UTC;0;1007,6;1007,6;1007,1;1869,2;28,6;23,7;28,8;27,5;24,1;22,9;79;72;75;120;8,6;4,6;
2020/11/06;1200 UTC;0;1007,6;1007,7;1007,5;1888,6;29,3;24,6;29,3;27,8;24,6;23,1;77;73;76;118;7,9;4,4;
2020/11/06;1300 UTC;0;1007,5;1007,7;1007,5;3014,3;29,3;23,3;30;28,5;24,6;23,2;76;69;70;128;9;4,9;
2020/11/06;1400 UTC;0;1007,1;1007,5;1007,1;3319,9;29,2;23,7;29,9;28,8;24;23,1;73;69;72;125;10;5,2;
2020/11/06;1500 UTC;0;1006,3;1007,1;1006,3;3201,8;29,4;23,9;30,3;29;24,7;23;74;68;73;124;9,9;5,2;
2020/11/06;1600 UTC;0;1005,3;1006,3;1005,3;3223,7;30,2;23,4;30,2;28,8;24,7;23;76;67;67;136;10,5;5,5;
2020/11/06;1700 UTC;0;1004,9;1005,3;1004,8;2792,7;29,8;23,5;30,2;28,9;23,8;22,2;71;65;69;127;11;5,8;
2020/11/06;1800 UTC;0;1004,9;1004,9;1004,7;1756,9;28,8;22,2;29,8;28,5;23,8;22;73;66;67;129;9,8;6,2;
2020/11/06;1900 UTC;0;1005;1005;1004,9;1277,4;28,4;23;29,4;28,3;23,1;22,1;73;67;73;131;8,7;5,1;
2020/11/06;2000 UTC;0;1005,4;1005,4;1005;472,6;27,8;23,2;28,7;27,6;23,6;22,8;78;72;76;134;9,3;4,8;
2020/11/06;2100 UTC;0;1005,8;1005,8;1005,4;18,7;27,2;22,9;27,7;27,2;23,3;22,8;79;76;78;127;8,9;4,9;
2020/11/06;2200 UTC;0;1006,6;1006,6;1005,8;;27,2;23,1;27,3;27,1;23,4;23;80;78;79;129;9,4;4,8;
2020/11/06;2300 UTC;0;1007,3;1007,3;1006,6;;27;23,3;27,2;27;23,4;23;80;78;80;130;8,4;4,7;
2020/11/07;0000 UTC;0;1008,1;1008,1;1007,3;;27;23,4;27,2;27;23,6;23,2;81;79;81;130;8,6;4,5;
2020/11/07;0100 UTC;0;1008,2;1008,2;1008;;27,1;23,4;27,2;27;23,6;23,1;81;78;80;140;8,6;4,7;
2020/11/07;0200 UTC;0;1008,1;1008,2;1008;;27;23,1;27,1;27;23,5;22,9;80;78;79;128;8,3;4,5;
2020/11/07;0300 UTC;0;1008,1;1008,4;1008;;26,9;23,1;27;26,9;23,6;23,1;81;79;79;136;8,6;4,2;
2020/11/07;0400 UTC;0;1007,4;1008,1;1007,4;;26,7;22,4;26,9;26,7;23;22,4;79;77;77;132;8,9;4,7;
2020/11/07;0500 UTC;;;;;;;;;;;;;;;;;;
2020/11/07;0600 UTC;;;;;;;;;;;;;;;;;;
2020/11/07;0700 UTC;;;;;;;;;;;;;;;;;;
2020/11/07;0800 UTC;;;;;;;;;;;;;;;;;;
2020/11/07;0900 UTC;0;1008,6;1008,6;1008,1;268,5;27,2;22,4;27,4;26,5;23,3;22,3;80;75;75;127;7,7;3,5;
2020/11/07;1000 UTC;0;1009,3;1009,3;1008,6;857,9;28;23,5;28,1;27;23,9;22,4;79;75;77;131;8,5;4,5;
2020/11/07;1100 UTC;0;1009,7;1009,8;1009,3;1825,8;28,7;23,3;28,8;27,7;23,6;22,6;77;72;73;125;9,9;4,9;
2020/11/07;1200 UTC;0;1009,6;1009,7;1009,6;2732,5;29,1;23,5;29,7;28,2;24;22,7;74;68;72;127;9,3;4,8;
2020/11/07;1300 UTC;0;1009,3;1009,6;1009,2;3289,6;30,3;23,4;30,3;28,8;24;22,2;73;65;66;135;9,7;4,7;
2020/11/07;1400 UTC;0;1008,8;1009,4;1008,8;3579,8;29,4;23;30,5;29;23,9;22,4;71;65;68;130;8,9;5,4;
2020/11/07;1500 UTC;0;1008,3;1008,8;1008,3;3520,9;30,2;23,5;30,6;29,1;24,2;22,8;71;66;68;123;10,9;5,1;
2020/11/07;1600 UTC;0;1007,5;1008,3;1007,5;3309,6;30,7;23,8;30,7;29,3;24,2;22,7;71;67;67;137;10,8;6,1;
2020/11/07;1700 UTC;0;1006,5;1007,5;1006,5;2421,9;30;23,6;30,7;29,1;23,9;22,7;71;65;69;147;11,3;6;
2020/11/07;1800 UTC;0;1006,4;1006,6;1006,4;2016;28,9;23,4;30,6;28,7;24,2;22,9;74;66;72;137;11,9;6,4;
2020/11/07;1900 UTC;0;1006,7;1006,8;1006,4;943,7;28,2;23,4;29,1;28,2;23,9;23,2;75;72;75;135;11,9;5,7;
2020/11/07;2000 UTC;0;1007,2;1007,2;1006,7;395,8;27,7;23,2;28,5;27,7;23,8;23,2;77;74;77;138;10,7;5,9;
2020/11/07;2100 UTC;0;1008;1008;1007,2;28,1;27,8;23,6;27,9;27,6;23,8;23,3;79;77;78;149;11,1;5,3;
2020/11/07;2200 UTC;0;1008,5;1008,5;1008;;27,5;23,8;27,8;27,5;23,8;23,4;80;78;80;137;11,6;5,3;
2020/11/07;2300 UTC;0;1009;1009,1;1008,5;;27,2;23,8;27,7;27,2;23,9;23,1;82;77;82;142;11,5;6,3;
2020/11/08;0000 UTC;0;1009,6;1009,6;1009;;27,5;23,1;27,6;27,2;23,9;23,1;82;77;77;141;12,6;6,4;
2020/11/08;0100 UTC;0;1009,6;1009,7;1009,5;;27,4;23,2;27,6;27,4;23,2;22,8;78;75;78;141;12,9;6,6;
2020/11/08;0200 UTC;;;;;;;;;;;;;;;;;;
2020/11/08;0300 UTC;;;;;;;;;;;;;;;;;;
2020/11/08;0400 UTC;;;;;;;;;;;;;;;;;;
2020/11/08;0500 UTC;;;;;;;;;;;;;;;;;;
2020/11/08;0600 UTC;;;;;;;;;;;;;;;;;;
2020/11/08;0700 UTC;;;;;;;;;;;;;;;;;;
2020/11/08;0800 UTC;;;;;;;;;;;;;;;;;;
2020/11/08;0900 UTC;0;1008,2;1008,2;1007,8;157,8;26,8;23,5;26,8;25,8;23,5;22,6;84;82;82;146;8,4;4,4;
2020/11/08;1000 UTC;0;1008,8;1008,8;1008,2;1147,5;28,2;22,9;28,4;27;23,5;22,3;81;73;73;153;12,1;4,9;
2020/11/08;1100 UTC;0;1008,9;1009,1;1008,8;1464,3;28;22,9;28,6;27,6;23,4;22,1;75;72;74;156;11,7;6,9;
2020/11/08;1200 UTC;0;1009,1;1009,2;1008,9;1645,3;28,7;23;28,8;27,7;23,3;22,2;75;69;71;141;13,5;5,9;
2020/11/08;1300 UTC;1;1009,1;1009,6;1009;1695,9;27,2;24,9;29;25,1;26;22,2;93;70;87;135;11,9;4,2;
2020/11/08;1400 UTC;,2;1009;1009,2;1008,8;1535,3;25,5;23,5;27,5;25,2;24,7;23,1;92;80;89;132;12,6;5,1;
2020/11/08;1500 UTC;2,2;1008,2;1009;1008,2;1312,2;26,2;24,8;26,6;24,7;25,7;23,3;95;89;92;144;10,2;4,6;
2020/11/08;1600 UTC;,4;1007,2;1008,2;1007,2;2033,8;28,2;24,9;28,2;25,6;25,5;24;93;82;83;135;10,4;5,8;
2020/11/08;1700 UTC;2,6;1007;1007,2;1006,9;1470,4;24,8;23,7;28,6;24,4;25,4;22,3;94;78;94;126;10,8;4,6;
2020/11/08;1800 UTC;,8;1007;1007,1;1006,8;862,7;25,1;23,4;26,2;24,7;25;23,2;95;90;90;136;14,3;7,3;
2020/11/08;1900 UTC;0;1006,8;1007;1006,8;956,8;27,2;24,2;27,5;24,9;24,3;23,1;90;80;84;138;9,8;5,6;
2020/11/08;2000 UTC;0;1007,2;1007,2;1006,8;240,9;26,1;23,6;27,1;26,1;24,2;23,4;86;82;86;136;9,9;4,8;
2020/11/08;2100 UTC;,2;1007,8;1007,9;1007,3;13,2;26;23,1;26,5;25,7;24,2;23,1;88;84;84;144;10,5;4,4;
2020/11/08;2200 UTC;0;1008,4;1008,4;1007,8;;26,2;23,4;26,4;26,1;23,6;22,8;86;81;85;145;11,6;5,2;
2020/11/08;2300 UTC;0;1008,9;1008,9;1008,3;;26,5;23,2;26,5;26,1;23,3;22,9;84;81;82;139;8,5;4,7;
2020/11/09;0000 UTC;0;1009,5;1009,5;1008,9;;26,4;23,2;26,7;26,2;23,6;22,9;85;81;82;132;10,1;4,4;
2020/11/09;0100 UTC;0;1009,4;1009,5;1009,3;;26,3;23,4;26,4;26,1;23,6;23,1;85;83;84;130;7,5;3,6;
2020/11/09;0200 UTC;0;1008,9;1009,4;1008,9;;26,4;23,2;26,4;26,3;23,6;23;85;82;82;134;8,5;3,8;
2020/11/09;0300 UTC;0;1008;1008,9;1008;;25,9;23,4;26,5;25,4;23,6;23,1;89;82;86;134;10,7;3,1;
2020/11/09;0400 UTC;;;;;;;;;;;;;;;;;;
2020/11/09;0500 UTC;;;;;;;;;;;;;;;;;;
2020/11/09;0600 UTC;;;;;;;;;;;;;;;;;;
2020/11/09;0700 UTC;;;;;;;;;;;;;;;;;;
2020/11/09;0800 UTC;;;;;;;;;;;;;;;;;;
2020/11/09;0900 UTC;;;;;;;;;;;;;;;;;;
2020/11/09;1000 UTC;2,4;1007,6;1007,7;1006,9;347,9;25;24,1;25,1;23,7;24,3;22,8;96;93;95;132;9,6;4,4;
2020/11/09;1100 UTC;0;1008,1;1008,1;1007,6;797,1;26,4;24,1;26,4;25;24,5;23,9;95;87;87;125;10,1;4,9;
2020/11/09;1200 UTC;,2;1008,2;1008,3;1008;1749;26;24,4;27,4;25,6;24,8;23,2;91;83;91;129;10,4;4,4;
2020/11/09;1300 UTC;,6;1008,4;1008,5;1008,1;902,9;25;24,1;26,5;24,8;25;23,4;95;89;95;131;10,6;5,3;
2020/11/09;1400 UTC;,8;1007,8;1008,4;1007,8;2184,9;25,1;23,8;27,4;25;25,7;23,8;96;88;92;133;10,5;5,8;
2020/11/09;1500 UTC;,8;1007,3;1007,8;1007,3;1765;26,6;24,8;26,7;25;25,6;23,7;95;90;90;125;13,5;4,4;
2020/11/09;1600 UTC;,8;1006,5;1007,3;1006,5;2460,4;27,1;24,5;27,4;25;25,3;23;94;85;86;138;11;5,5;
2020/11/09;1700 UTC;1;1006,1;1006,5;1006,1;2020,9;26,7;24,4;27,7;24,8;25,2;23,2;94;83;87;146;13,5;6,4;
2020/11/09;1800 UTC;3,4;1006,1;1006,1;1005,8;783,9;24,9;23,4;27,4;24,6;24,5;23;94;82;92;152;12,1;5,1;
2020/11/09;1900 UTC;0;1006;1006,1;1006;710,5;25,8;23,5;25,8;24,9;23,6;22,8;92;87;87;160;9,9;4;
2020/11/09;2000 UTC;0;1006;1006,2;1006;261,1;25,5;23,6;26;25,2;23,6;23;89;84;89;157;8,4;3;
2020/11/09;2100 UTC;0;1006,6;1006,6;1006;8,5;26,4;23,1;26,6;25,5;24,2;23;89;82;82;139;9,7;4,6;
2020/11/09;2200 UTC;0;1006,9;1006,9;1006,6;;26,2;23,7;26,5;26,1;23,7;23,1;86;82;86;136;8,8;3,3;
2020/11/09;2300 UTC;0;1007,2;1007,2;1006,9;;26,5;23,2;26,6;26,2;23,7;23,2;86;82;82;132;9,4;4,3;
2020/11/10;0000 UTC;0;1007,5;1007,6;1007,2;;26,3;23,4;26,6;26,3;23,4;22,7;84;80;84;130;9,4;3,7;
2020/11/10;0100 UTC;,2;1007,3;1007,5;1007,3;;25,5;23,7;26,5;25,4;23,8;23,4;90;84;90;136;9,7;3,4;
2020/11/10;0200 UTC;;;;;;;;;;;;;;;;;;
2020/11/10;0300 UTC;;;;;;;;;;;;;;;;;;
2020/11/10;0400 UTC;;;;;;;;;;;;;;;;;;
2020/11/10;0500 UTC;;;;;;;;;;;;;;;;;;
2020/11/10;0600 UTC;;;;;;;;;;;;;;;;;;
2020/11/10;0700 UTC;;;;;;;;;;;;;;;;;;
2020/11/10;0800 UTC;;;;;;;;;;;;;;;;;;
2020/11/10;0900 UTC;0;1006,8;1006,8;1005,9;260,8;26,6;23;26,6;25,9;23;22,6;83;80;81;142;9,6;4,6;
2020/11/10;1000 UTC;0;1007,6;1007,6;1006,8;809,7;27,1;22,9;27,6;26,4;23,3;22,7;82;76;78;140;9,7;5,6;
2020/11/10;1100 UTC;0;1008,2;1008,2;1007,6;1715,2;27,9;23;28,3;27,1;23,6;22,6;78;74;75;139;11,3;5,7;
2020/11/10;1200 UTC;0;1008,3;1008,3;1008;2494,4;28,6;22,9;29;27,7;24;22,6;76;71;71;137;11,2;6,6;
2020/11/10;1300 UTC;0;1008,2;1008,3;1008,2;3125,4;29,5;23,2;29,7;28,3;23,8;22,3;73;68;69;143;11,6;6,2;
2020/11/10;1400 UTC;0;1007,3;1008,3;1007,3;3559,4;29,1;22,5;30;28,7;23,7;22,5;72;67;68;138;12,1;7,4;
2020/11/10;1500 UTC;0;1006,7;1007,4;1006,7;3304,5;28,8;22,5;29,9;28,8;23,2;21,9;69;65;69;132;12,4;6,3;
2020/11/10;1600 UTC;0;1006,2;1006,8;1006,2;2862,6;29,1;22;30;28,6;23,6;21,9;70;64;66;141;11,8;6,3;
2020/11/10;1700 UTC;0;1005,5;1006,3;1005,5;2519,5;29,2;22,7;30,1;28,6;23,1;21,7;69;63;68;140;11,9;6,5;
2020/11/10;1800 UTC;0;1005,2;1005,5;1005,2;1602,6;28,6;21,8;29,5;28,2;23;21,5;72;66;67;138;11,9;5,9;
2020/11/10;1900 UTC;0;1005,4;1005,4;1005,1;661;27,7;22,4;28,8;27,7;22,8;21,7;73;66;73;143;10,6;5,3;
2020/11/10;2000 UTC;0;1005,9;1005,9;1005,4;304;27,5;22,9;27,8;27,4;23;22,4;76;73;76;140;10,4;5,6;
2020/11/10;2100 UTC;0;1006,7;1006,7;1005,9;16,7;27,3;22,4;27,5;27,2;23;22,3;77;74;74;142;11,4;4,8;
2020/11/10;2200 UTC;;;;;;;;;;;;;;;;;;
2020/11/10;2300 UTC;;;;;;;;;;;;;;;;;;
2020/11/11;0000 UTC;;;;;;;;;;;;;;;;;;
2020/11/11;0100 UTC;;;;;;;;;;;;;;;;;;
2020/11/11;0200 UTC;;;;;;;;;;;;;;;;;;
2020/11/11;0300 UTC;;;;;;;;;;;;;;;;;;
2020/11/11;0400 UTC;;;;;;;;;;;;;;;;;;
2020/11/11;0500 UTC;;;;;;;;;;;;;;;;;;
2020/11/11;0600 UTC;;;;;;;;;;;;;;;;;;
2020/11/11;0700 UTC;;;;;;;;;;;;;;;;;;
2020/11/11;0800 UTC;;;;;;;;;;;;;;;;;;
2020/11/11;0900 UTC;0;1007;1007;1006,3;210,4;24,1;23,2;24,1;23,4;23,2;22,6;95;95;95;184;;2,5;
2020/11/11;1000 UTC;0;1007,7;1007,8;1007;715;25,2;23,4;25,5;24;23,9;23;95;89;89;193;6,4;2,8;
2020/11/11;1100 UTC;0;1008,2;1008,3;1007,7;1844,4;27,5;22,5;28;25,2;24,2;22,5;90;73;74;128;9,5;6;
2020/11/11;1200 UTC;0;1008,4;1008,5;1008,2;2307,6;27,8;22,5;28,6;27,5;23,8;22,2;76;71;73;128;10,8;5,7;
2020/11/11;1300 UTC;0;1008,3;1008,5;1008,2;2929,6;28,5;22,4;29,2;27,8;23,6;22,2;74;68;70;137;11,1;6,6;
2020/11/11;1400 UTC;0;1007,8;1008,3;1007,8;3290,6;28,8;22,5;29,8;28,4;23,4;21,8;73;66;69;130;11,1;5,8;
2020/11/11;1500 UTC;0;1007,1;1007,8;1007,1;3035,5;28,9;23,7;29,7;28,1;23,9;22,2;76;66;74;139;11,6;6,7;
2020/11/11;1600 UTC;0;1006,4;1007,1;1006,4;3046,2;28,7;22,8;29,6;28,2;24;22,4;75;69;70;134;12,4;5,9;
2020/11/11;1700 UTC;0;1005,9;1006,5;1005,9;2742,9;28,3;22,7;29,3;28,2;23,3;22,3;72;68;72;142;11,4;6,1;
2020/11/11;1800 UTC;0;1005,8;1006;1005,7;1564,3;27,7;22,7;29,1;27,5;23,4;22,4;75;70;74;140;11,4;6,6;
2020/11/11;1900 UTC;0;1006;1006;1005,7;1171,1;27,4;22,4;28,2;27,3;23,4;22,4;77;73;74;143;12,7;5,6;
2020/11/11;2000 UTC;0;1006,5;1006,5;1006;344;27,3;21,3;27,6;27,2;22,5;21,3;75;70;70;140;12,7;5,1;
2020/11/11;2100 UTC;0;1006,8;1006,8;1006,4;31,2;26,8;21,6;27,3;26,8;21,9;21,2;75;70;73;131;10,3;4,7;
2020/11/11;2200 UTC;0;1007,3;1007,3;1006,8;;26,6;21,1;26,8;26,6;21,8;21,1;74;72;72;130;9,6;4,9;
2020/11/11;2300 UTC;0;1007,8;1007,8;1007,3;;26,5;21,2;26,6;26,5;21,5;21,1;74;72;73;133;8,8;5,2;
2020/11/12;0000 UTC;0;1008,1;1008,2;1007,8;;26,5;21;26,6;26,4;21,5;20,9;74;71;72;132;10,4;4,9;
2020/11/12;0100 UTC;0;1007,8;1008,3;1007,8;;26,3;21;26,5;26,3;21,4;20,8;74;71;73;127;10,8;4,8;
2020/11/12;0200 UTC;;;;;;;;;;;;;;;;;;
2020/11/12;0300 UTC;;;;;;;;;;;;;;;;;;
2020/11/12;0400 UTC;;;;;;;;;;;;;;;;;;
2020/11/12;0500 UTC;;;;;;;;;;;;;;;;;;
2020/11/12;0600 UTC;;;;;;;;;;;;;;;;;;
2020/11/12;0700 UTC;;;;;;;;;;;;;;;;;;
2020/11/12;0800 UTC;;;;;;;;;;;;;;;;;;
2020/11/12;0900 UTC;0;1006,2;1006,2;1005,7;264,4;26,5;21,3;26,5;25,7;21,6;21;77;73;74;135;7,7;4;
2020/11/12;1000 UTC;0;1007,3;1007,3;1006,2;1020,5;27,4;21,2;27,7;26,4;22,1;20,8;75;67;69;134;8,9;4,1;
2020/11/12;1100 UTC;0;1008;1008;1007,3;2056,7;28,1;21,3;28,3;27,4;21,7;20,7;69;65;67;142;10;6;
2020/11/12;1200 UTC;0;1008,3;1008,3;1008;2788,2;28,4;21,4;29,1;28;22,3;20,9;69;63;66;126;9,6;5,1;
2020/11/12;1300 UTC;0;1008,4;1008,5;1008,3;3205,2;28,7;21,9;29,4;28;22,8;21,2;70;64;67;131;9,4;5,5;
2020/11/12;1400 UTC;0;1007,8;1008,4;1007,8;3577,3;29,2;22,5;29,8;28,5;22,9;21,4;69;63;67;138;9,4;5,8;
2020/11/12;1500 UTC;0;1007,1;1007,9;1007,1;3577,5;29,4;22,3;30;28,5;23,1;21,6;69;64;66;136;9,4;5,7;
2020/11/12;1600 UTC;0;1006,3;1007,1;1006,3;3266,5;29,3;22,4;29,9;28,8;22,8;21,4;69;63;66;137;9,9;5,6;
2020/11/12;1700 UTC;0;1005,7;1006,3;1005,7;2501,8;28,8;22,5;29,8;28,4;23,3;21,8;70;64;69;138;9,9;5,2;
2020/11/12;1800 UTC;0;1005,4;1005,7;1005,4;2252,9;28,3;22,2;29,4;28,3;23;21,8;71;66;70;134;9,2;5,4;
2020/11/12;1900 UTC;0;1005,7;1005,8;1005,4;1114,7;27,8;22,8;28,7;27,7;23;22,1;75;70;75;141;9,7;5,8;
2020/11/12;2000 UTC;0;1006,3;1006,3;1005,7;355,1;27,3;22,4;28;27,2;23;22,2;76;72;75;134;9,6;4,4;
2020/11/12;2100 UTC;0;1006,8;1006,8;1006,3;24,2;26,8;22,5;27,3;26,7;22,7;22;78;75;78;131;7,8;4,4;
2020/11/12;2200 UTC;0;1007,3;1007,3;1006,8;;26,8;22,3;26,8;26,7;22,8;22,1;79;76;76;128;8,2;4,3;
2020/11/12;2300 UTC;0;1008;1008;1007,3;;26,7;22,2;26,8;26,7;22,5;22;78;75;76;120;8,5;4,6;
2020/11/13;0000 UTC;;;;;;;;;;;;;;;;;;
2020/11/13;0100 UTC;;;;;;;;;;;;;;;;;;
2020/11/13;0200 UTC;;;;;;;;;;;;;;;;;;
2020/11/13;0300 UTC;;;;;;;;;;;;;;;;;;
2020/11/13;0400 UTC;;;;;;;;;;;;;;;;;;
2020/11/13;0500 UTC;;;;;;;;;;;;;;;;;;
2020/11/13;0600 UTC;;;;;;;;;;;;;;;;;;
2020/11/13;0700 UTC;;;;;;;;;;;;;;;;;;
2020/11/13;0800 UTC;;;;;;;;;;;;;;;;;;
2020/11/13;0900 UTC;0;1006,7;1006,7;1006,3;197,6;27;23,1;27;26,3;23,1;22,7;82;79;79;137;;4,5;
2020/11/13;1000 UTC;0;1007,4;1007,4;1006,7;948,3;27,6;23;27,7;27;23,5;22,6;79;74;76;136;9,9;5,4;
2020/11/13;1100 UTC;0;1007,9;1007,9;1007,4;1757,2;28,5;23,1;28,5;27,5;23,5;22,8;77;73;73;140;10,4;6,2;
2020/11/13;1200 UTC;0;1008,3;1008,3;1007,9;2526,8;29;23,5;29,3;28,1;24;22,5;74;69;72;140;11,3;6,4;
2020/11/13;1300 UTC;0;1008,5;1008,6;1008,2;3317,8;29,2;22,9;30,1;28,9;23,6;22,4;72;67;69;131;11,7;6,5;
2020/11/13;1400 UTC;0;1008,3;1008,6;1008,3;2810,6;29,7;23;29,9;28,4;23,8;22,6;73;66;67;139;11,5;5,8;
2020/11/13;1500 UTC;0;1007,6;1008,4;1007,6;3061,7;29,5;22,2;30,3;28,8;23,5;22,2;71;64;65;146;11,9;5,9;
2020/11/13;1600 UTC;0;1006,4;1007,6;1006,4;2767,6;29,2;23,4;29,9;28,9;23,7;22,2;72;65;71;128;12,1;6,2;
2020/11/13;1700 UTC;0;1005,9;1006,4;1005,9;1988,2;29,2;23;29,5;28,3;23,5;22,4;73;69;69;132;11,7;6,1;
2020/11/13;1800 UTC;0;1005,9;1005,9;1005,8;1304,7;27,8;22,8;29,3;27,7;23,3;22,2;75;68;74;138;10,7;6,3;
2020/11/13;1900 UTC;0;1005,9;1006;1005,8;723,2;27,8;22,7;28,3;27,6;23,3;22,7;76;73;74;137;10,2;5,6;
2020/11/13;2000 UTC;0;1005,8;1005,9;1005,8;241,1;27,3;22,8;27,8;27,2;22,8;22,2;77;72;77;138;9,7;4,4;
2020/11/13;2100 UTC;0;1006,2;1006,2;1005,8;12,9;27;22,8;27,3;27;23,1;22,7;79;77;78;149;8,9;4,2;
2020/11/13;2200 UTC;0;1007,1;1007,1;1006,2;;26,8;22,7;27;26,8;23,1;22,6;80;77;78;137;8,8;5,1;
2020/11/13;2300 UTC;0;1007,7;1007,7;1007,1;;26,6;23,1;26,9;26,6;23,4;22,6;83;77;81;140;9,3;4,3;
2020/11/14;0000 UTC;;;;;;;;;;;;;;;;;;
2020/11/14;0100 UTC;;;;;;;;;;;;;;;;;;
2020/11/14;0200 UTC;;;;;;;;;;;;;;;;;;
2020/11/14;0300 UTC;;;;;;;;;;;;;;;;;;
2020/11/14;0400 UTC;;;;;;;;;;;;;;;;;;
2020/11/14;0500 UTC;;;;;;;;;;;;;;;;;;
2020/11/14;0600 UTC;;;;;;;;;;;;;;;;;;
2020/11/14;0700 UTC;;;;;;;;;;;;;;;;;;
2020/11/14;0800 UTC;;;;;;;;;;;;;;;;;;
2020/11/14;0900 UTC;;;;;;;;;;;;;;;;;;
2020/11/14;1000 UTC;0;1007;1007;1006,4;838,5;26,9;23,9;27,2;25,3;24,4;23,6;91;83;84;138;9,8;4,4;
2020/11/14;1100 UTC;0;1007,5;1007,6;1007;1752,8;27,7;23,5;28,4;26,8;24,2;23,5;84;77;78;137;10,9;5,2;
2020/11/14;1200 UTC;0;1007,6;1007,7;1007,5;2320,7;28,5;23,9;29,2;27,6;24,5;23,3;80;74;76;144;10,8;6,2;
2020/11/14;1300 UTC;0;1007,6;1007,7;1007,6;2928;28,9;24;29,7;28,4;24,6;23,4;78;72;75;136;11,1;5,2;
2020/11/14;1400 UTC;0;1007,4;1007,7;1007,4;3020;29,3;23,9;29,8;28,6;24,5;23,3;76;71;73;138;11,1;7,1;
2020/11/14;1500 UTC;0;1007,1;1007,5;1007;3011,7;29,1;23,9;30,3;28,8;24,6;23,2;75;70;74;125;11,1;6,1;
2020/11/14;1600 UTC;0;1006,1;1007,2;1006,1;2805,6;29,2;23,4;30,2;27,7;24,4;22,9;77;70;71;136;11,1;6,3;
2020/11/14;1700 UTC;0;1005,3;1006,2;1005,3;2319,4;29,1;23,5;30,1;28,3;24,1;23;74;69;72;136;12,2;6,8;
2020/11/14;1800 UTC;,2;1005,1;1005,6;1005,1;1222;27,7;23,7;29,1;25,8;24,7;22,6;88;71;79;135;12,2;5,6;
2020/11/14;1900 UTC;0;1005;1005,1;1004,9;857,5;27,6;23,6;28,6;27,4;24,3;23,5;83;75;79;137;10,5;5,6;
2020/11/14;2000 UTC;0;1005,1;1005,2;1005;399,7;27,4;23,3;28,1;27,4;23,9;23,1;80;76;78;132;10,5;5,4;
2020/11/14;2100 UTC;0;1005,7;1005,7;1005,1;26,8;27,1;23;27,4;27,1;23,3;22,6;79;76;78;138;9,3;3,9;
2020/11/14;2200 UTC;0;1006;1006;1005,7;;27;23,2;27,1;27;23,3;23;80;78;80;141;10;4,8;
2020/11/14;2300 UTC;;;;;;;;;;;;;;;;;;
2020/11/15;0000 UTC;;;;;;;;;;;;;;;;;;
2020/11/15;0100 UTC;;;;;;;;;;;;;;;;;;
2020/11/15;0200 UTC;;;;;;;;;;;;;;;;;;
2020/11/15;0300 UTC;;;;;;;;;;;;;;;;;;
2020/11/15;0400 UTC;;;;;;;;;;;;;;;;;;
2020/11/15;0500 UTC;;;;;;;;;;;;;;;;;;
2020/11/15;0600 UTC;;;;;;;;;;;;;;;;;;
2020/11/15;0700 UTC;;;;;;;;;;;;;;;;;;
2020/11/15;0800 UTC;;;;;;;;;;;;;;;;;;
2020/11/15;0900 UTC;0;1006,8;1006,8;1006,2;264,2;27,1;22,6;27,2;26,2;22,7;21,9;78;76;76;131;8,7;4,3;
2020/11/15;1000 UTC;0;1007,8;1007,8;1006,8;1105,3;28,1;22,5;28,2;26,9;22,9;21,9;78;72;72;125;9,2;4,5;
2020/11/15;1100 UTC;0;1008,3;1008,3;1007,8;1869,4;28,6;22,5;28,7;27,7;23,2;22,1;73;69;69;127;9,2;4,7;
2020/11/15;1200 UTC;0;1008,5;1008,6;1008,3;2705,5;29,1;23;29,3;28,1;23,5;22,3;72;68;70;127;9;5,2;
2020/11/15;1300 UTC;0;1008,2;1008,5;1008,2;3256,1;28,8;22,5;29,9;28,8;23,3;21,9;69;66;69;128;8,2;5,2;
2020/11/15;1400 UTC;0;1008;1008,3;1007,9;3561,5;29,6;23,5;30;28,7;23,5;22;71;65;70;121;8,6;4,6;
2020/11/15;1500 UTC;0;1007,1;1008;1007,1;3552,6;29,9;23,6;30,2;28,6;23,9;22,4;71;66;69;125;8,8;4,7;
2020/11/15;1600 UTC;0;1006,4;1007,1;1006,4;3323,9;29;22,9;30,4;28,8;23,8;22,5;71;66;70;129;8,8;5,1;
2020/11/15;1700 UTC;0;1005,8;1006,4;1005,8;2877,4;29,3;22,7;30;28,7;23,5;22,2;71;66;68;130;9,4;5,3;
2020/11/15;1800 UTC;0;1005,3;1005,8;1005,2;2088,5;28,7;23,2;29,9;28,3;23,7;22,5;73;67;72;126;9,4;4,7;
2020/11/15;1900 UTC;0;1005,1;1005,3;1005;1311;27,8;22,6;29,2;27,8;23,3;22,3;73;69;73;129;8,5;4,7;
2020/11/15;2000 UTC;0;1005,2;1005,2;1004,9;362,1;27,5;22,8;28,2;27,4;23,1;22,4;76;72;76;137;8,4;4,2;
2020/11/15;2100 UTC;0;1005,4;1005,4;1005,2;20,8;27,1;22,8;27,5;27;23,1;22,6;79;75;77;139;6,8;4,1;
2020/11/15;2200 UTC;;;;;;;;;;;;;;;;;;
2020/11/15;2300 UTC;0;1006,5;1006,5;1005,9;;26,8;22,6;27;26,8;23,3;22,6;80;77;77;126;6,3;4;
2020/11/16;0000 UTC;;;;;;;;;;;;;;;;;;
2020/11/16;0100 UTC;;;;;;;;;;;;;;;;;;
2020/11/16;0200 UTC;;;;;;;;;;;;;;;;;;
2020/11/16;0300 UTC;;;;;;;;;;;;;;;;;;
2020/11/16;0400 UTC;;;;;;;;;;;;;;;;;;
2020/11/16;0500 UTC;;;;;;;;;;;;;;;;;;
2020/11/16;0600 UTC;;;;;;;;;;;;;;;;;;
2020/11/16;0700 UTC;;;;;;;;;;;;;;;;;;
2020/11/16;0800 UTC;;;;;;;;;;;;;;;;;;
2020/11/16;0900 UTC;0;1005,6;1005,6;1005;253,1;26,7;23,3;27;26,3;23,4;22,8;83;80;81;120;5,9;2,9;
2020/11/16;1000 UTC;0;1006,2;1006,2;1005,6;876;27,4;23,2;27,9;26,7;23,8;23;82;77;78;132;6,8;3,8;
2020/11/16;1100 UTC;0;1006,7;1006,7;1006,2;1465;27,1;23,4;28,5;27,1;23,9;23;80;74;80;129;7,2;3,9;
2020/11/16;1200 UTC;0;1007;1007,1;1006,7;2599,8;28,7;24,1;29,1;27,1;24,7;23,1;84;73;76;130;7,9;4,3;
2020/11/16;1300 UTC;0;1007,1;1007,1;1006,9;2561,2;28,4;23,6;29,6;28,1;24,4;23;78;71;75;113;8,3;4;
2020/11/16;1400 UTC;0;1006,9;1007,1;1006,9;3317,7;29,4;24;30;28,3;24,5;23,1;78;69;73;118;8;4,6;
2020/11/16;1500 UTC;0;1006,3;1006,9;1006,3;3332,1;29,9;23;30,3;28,9;24,1;22,2;73;64;67;119;8,5;4,2;
2020/11/16;1600 UTC;0;1005,6;1006,4;1005,6;3147,8;29;23,1;30,2;28,7;24,1;22,5;72;66;71;119;8,4;4,5;
2020/11/16;1700 UTC;0;1004,9;1005,6;1004,9;2832,3;29,1;23,5;29,7;28,5;24;22,9;73;69;72;131;8,2;5;
2020/11/16;1800 UTC;0;1004,2;1004,9;1004,2;2159,4;28,5;23,2;29,5;28,5;23,8;22,9;74;70;73;124;8,8;4,8;
2020/11/16;1900 UTC;0;1004,1;1004,3;1004,1;1388,7;28,3;23,4;29,1;28;23,5;23;75;71;75;111;8,8;4,4;
2020/11/16;2000 UTC;0;1004,4;1004,4;1004,1;416,3;27,5;23,6;28,4;27,4;23,6;23,1;80;74;80;116;8,2;4,1;
2020/11/16;2100 UTC;0;1004,7;1004,7;1004,4;14,7;27,2;23,4;27,6;27,2;23,7;23,3;80;79;80;118;7,9;4,2;
2020/11/16;2200 UTC;0;1004,8;1004,8;1004,7;;27,1;23,3;27,3;27;23,4;23,1;80;78;80;119;8,1;4,1;
2020/11/16;2300 UTC;;;;;;;;;;;;;;;;;;
2020/11/17;0000 UTC;;;;;;;;;;;;;;;;;;
2020/11/17;0100 UTC;;;;;;;;;;;;;;;;;;
2020/11/17;0200 UTC;;;;;;;;;;;;;;;;;;
2020/11/17;0300 UTC;;;;;;;;;;;;;;;;;;
2020/11/17;0400 UTC;;;;;;;;;;;;;;;;;;
2020/11/17;0500 UTC;;;;;;;;;;;;;;;;;;
2020/11/17;0600 UTC;;;;;;;;;;;;;;;;;;
2020/11/17;0700 UTC;;;;;;;;;;;;;;;;;;
2020/11/17;0800 UTC;;;;;;;;;;;;;;;;;;
2020/11/17;0900 UTC;0;1005,3;1005,3;1004,6;249,4;27,1;23,7;27,1;26,3;23,7;23;83;81;82;112;5,7;2,8;
2020/11/17;1000 UTC;0;1005,8;1005,8;1005,3;687,6;27,4;23,1;27,8;27,1;23,9;23,1;82;77;78;113;7,9;4,8;
2020/11/17;1100 UTC;0;1006,2;1006,2;1005,8;1563,2;28,7;23,7;28,7;27,3;23,9;23,1;79;74;75;112;7,9;3,7;
2020/11/17;1200 UTC;0;1006,4;1006,5;1006,2;2423,1;28,8;23,7;29,3;28,1;24,4;23,2;76;73;74;107;7,5;3,8;
2020/11/17;1300 UTC;0;1006,4;1006,5;1006,4;2493,4;29;24,2;30,2;28,2;24,5;23,2;77;70;75;115;8,6;4,2;
2020/11/17;1400 UTC;0;1006,1;1006,4;1006,1;3171,6;29,6;23,9;30,3;28,8;24,7;23,2;75;69;71;111;8;3,8;
2020/11/17;1500 UTC;0;1005,5;1006,1;1005,5;3103,6;29,2;24;30;28,5;24,4;23,3;76;70;73;105;7,7;4,4;
2020/11/17;1600 UTC;0;1004,8;1005,5;1004,8;3205,1;29,7;24;30,4;29,1;24,5;23,4;74;69;72;108;8,4;4,1;
2020/11/17;1700 UTC;0;1004,3;1004,9;1004,3;2587,5;28,9;23,8;30,1;28,7;24,3;23,3;75;70;74;111;8,1;3,9;
2020/11/17;1800 UTC;0;1004,2;1004,3;1004,1;1913,5;29;23,5;29,6;28,6;23,9;23,1;74;70;72;110;7,8;3,9;
2020/11/17;1900 UTC;0;1004,2;1004,3;1004,1;1115,3;28,1;23,6;29,4;28;23,9;23,2;76;71;76;116;7,8;4;
2020/11/17;2000 UTC;0;1004,5;1004,5;1004,1;297,2;27,6;23,4;28,2;27,6;23,7;23;78;75;78;116;7,8;3,6;
2020/11/17;2100 UTC;0;1004,3;1004,5;1004,3;21;27,3;23,2;27,7;27,3;23,6;23;80;77;78;121;7,6;4,3;
2020/11/17;2200 UTC;;;;;;;;;;;;;;;;;;
2020/11/17;2300 UTC;;;;;;;;;;;;;;;;;;
2020/11/18;0000 UTC;;;;;;;;;;;;;;;;;;
2020/11/18;0100 UTC;;;;;;;;;;;;;;;;;;
2020/11/18;0200 UTC;;;;;;;;;;;;;;;;;;
2020/11/18;0300 UTC;;;;;;;;;;;;;;;;;;
2020/11/18;0400 UTC;;;;;;;;;;;;;;;;;;
2020/11/18;0500 UTC;;;;;;;;;;;;;;;;;;
2020/11/18;0600 UTC;;;;;;;;;;;;;;;;;;
2020/11/18;0700 UTC;;;;;;;;;;;;;;;;;;
2020/11/18;0800 UTC;;;;;;;;;;;;;;;;;;
2020/11/18;0900 UTC;;;;;;;;;;;;;;;;;;
2020/11/18;1000 UTC;0;1005,5;1005,5;1005;943,7;27,3;22,8;27,8;26,8;23,6;22,4;80;74;76;112;7,5;3,9;
2020/11/18;1100 UTC;0;1006,3;1006,3;1005,6;1522,9;28,6;23,3;28,8;27,4;23,6;22,7;77;73;73;114;7,6;3,6;
2020/11/18;1200 UTC;0;1006,4;1006,5;1006,3;2262,7;28,7;23,2;29,1;27,9;23,9;22,7;75;72;72;118;7,7;4,7;
2020/11/18;1300 UTC;0;1006,5;1006,6;1006,4;3040,7;29,4;23,6;29,9;28,5;24,1;22,8;73;68;71;100;7,9;3,4;
2020/11/18;1400 UTC;0;1006,2;1006,6;1006,2;3559,6;29,4;23,3;30,8;29;24,1;22,8;71;66;70;121;8,9;4,7;
2020/11/18;1500 UTC;0;1005,5;1006,2;1005,5;3326,4;29,4;23,5;30,4;28,7;24;22,8;72;66;71;127;8,1;4,6;
2020/11/18;1600 UTC;0;1004,7;1005,5;1004,7;2955,2;29,6;23;30,3;28,8;23,8;22,9;71;67;68;120;8,8;4,5;
2020/11/18;1700 UTC;0;1004,2;1004,7;1004,2;2476,5;29,3;23,6;30,1;28,7;24;22,9;73;68;72;122;8,4;4,3;
2020/11/18;1800 UTC;0;1003,8;1004,2;1003,7;1914,9;28,5;23,1;29,7;28,4;24;22,9;73;69;72;118;8,8;4,5;
2020/11/18;1900 UTC;0;1003,6;1003,8;1003,6;967,8;28,1;23,2;28,6;27,8;23,8;23;77;72;75;116;8,8;4,5;
2020/11/18;2000 UTC;0;1003,9;1003,9;1003,6;405,5;27,6;23,2;28,6;27,6;23,8;23;77;74;77;123;7,2;3;
2020/11/18;2100 UTC;0;1004,3;1004,3;1003,9;15;27,2;23,4;27,6;27,2;23,5;23,2;80;77;80;128;7;3,6;
2020/11/18;2200 UTC;;;;;;;;;;;;;;;;;;
2020/11/18;2300 UTC;;;;;;;;;;;;;;;;;;
2020/11/19;0000 UTC;;;;;;;;;;;;;;;;;;
2020/11/19;0100 UTC;;;;;;;;;;;;;;;;;;
2020/11/19;0200 UTC;;;;;;;;;;;;;;;;;;
2020/11/19;0300 UTC;;;;;;;;;;;;;;;;;;
2020/11/19;0400 UTC;;;;;;;;;;;;;;;;;;
2020/11/19;0500 UTC;;;;;;;;;;;;;;;;;;
2020/11/19;0600 UTC;;;;;;;;;;;;;;;;;;
2020/11/19;0700 UTC;;;;;;;;;;;;;;;;;;
2020/11/19;0800 UTC;;;;;;;;;;;;;;;;;;
2020/11/19;0900 UTC;0;1005,4;1005,4;1004,9;223;26,8;23,5;26,9;26,4;23,5;23;83;80;82;116;6,5;3,2;
2020/11/19;1000 UTC;0;1005,9;1005,9;1005,4;944,5;27,7;22,9;28,4;26,8;24,1;22,9;82;75;75;103;6,9;3,1;
2020/11/19;1100 UTC;0;1006,3;1006,3;1005,8;1432,1;28,5;24,2;28,9;27,4;24,4;22,8;79;74;78;118;7,4;4,1;
2020/11/19;1200 UTC;0;1006,4;1006,5;1006,3;2084,4;29,2;24;29,6;27,8;24,9;23,1;78;73;74;104;7,6;4,1;
2020/11/19;1300 UTC;0;1006,6;1006,6;1006,4;2758,1;29,5;24;29,9;28,4;24,7;23,2;76;71;73;116;9,2;4,1;
2020/11/19;1400 UTC;0;1006,3;1006,6;1006,2;3006,9;29;23,9;30,3;28,7;24,5;23,3;74;69;74;106;8,3;3,9;
2020/11/19;1500 UTC;0;1005,7;1006,3;1005,7;2664,1;29,4;23,7;30,2;28,5;24,7;23,4;76;69;72;113;7,5;3,9;
2020/11/19;1600 UTC;0;1005;1005,7;1004,9;2918;30,2;24,1;30,2;28,7;24,5;23,3;74;69;70;129;7,6;4,5;
2020/11/19;1700 UTC;0;1004,3;1004,9;1004,3;2781;29;23,5;30,7;28,9;24,7;22,9;73;68;72;105;7,8;4,2;
2020/11/19;1800 UTC;0;1004,3;1004,4;1004,2;1754,8;29;23,8;29,7;28,5;24,1;23,1;75;70;73;108;7,5;4;
2020/11/19;1900 UTC;0;1004,2;1004,4;1004,2;1034,1;28,2;23,5;29,2;28,2;24,1;23,3;76;72;76;106;7,3;3,6;
2020/11/19;2000 UTC;0;1004,3;1004,4;1004,2;304;27,7;23,5;28,3;27,5;24;23,2;79;76;78;113;6,4;3,5;
2020/11/19;2100 UTC;0;1004,5;1004,6;1004,2;19,8;27,3;23,4;27,7;27,2;23,6;23,2;80;78;80;106;6;2,8;
2020/11/19;2200 UTC;0;1004,9;1004,9;1004,5;;26,9;24,1;27,3;26,9;24,1;23,4;84;80;84;102;6,1;2,6;
2020/11/19;2300 UTC;;;;;;;;;;;;;;;;;;
2020/11/20;0000 UTC;;;;;;;;;;;;;;;;;;
2020/11/20;0100 UTC;;;;;;;;;;;;;;;;;;
2020/11/20;0200 UTC;;;;;;;;;;;;;;;;;;
2020/11/20;0300 UTC;;;;;;;;;;;;;;;;;;
2020/11/20;0400 UTC;;;;;;;;;;;;;;;;;;
2020/11/20;0500 UTC;;;;;;;;;;;;;;;;;;
2020/11/20;0600 UTC;;;;;;;;;;;;;;;;;;
2020/11/20;0700 UTC;;;;;;;;;;;;;;;;;;
2020/11/20;0800 UTC;;;;;;;;;;;;;;;;;;
2020/11/20;0900 UTC;0;1005,7;1005,7;1005,2;145,9;26,7;23,1;26,8;26,5;23,1;22,7;82;80;81;94;5,6;2,3;
2020/11/20;1000 UTC;0;1006,3;1006,3;1005,7;1046,4;28,4;23,5;28,6;26,7;23,7;22,7;82;73;75;97;6,1;3,1;
2020/11/20;1100 UTC;0;1006,6;1006,6;1006,3;1718,5;29,2;24;29,2;27,7;24,2;22,7;76;71;74;91;6,9;2,8;
2020/11/20;1200 UTC;0;1006,8;1006,8;1006,6;2423,1;29,1;23,2;30,1;28,2;24,3;22,8;75;68;70;108;6,9;3,8;
2020/11/20;1300 UTC;0;1006,6;1006,8;1006,5;2967,6;29,5;23,7;30,4;28,8;24,1;22,9;74;67;71;93;8;3,9;
2020/11/20;1400 UTC;0;1006,5;1006,7;1006,5;3172,6;30;23;30,4;28,6;24,1;22,5;74;65;66;96;8;3,6;
2020/11/20;1500 UTC;0;1005,7;1006,5;1005,7;3425,3;30,6;23,6;31,1;29,7;24,5;22,9;69;64;66;80;7,7;4;
2020/11/20;1600 UTC;0;1005;1005,7;1005;3063,5;29,6;23,7;30,7;29,1;24,2;22,8;72;66;71;93;7,8;4,1;
2020/11/20;1700 UTC;0;1004,3;1005;1004,3;2724,2;29,6;23,4;30,2;29;24,1;22,9;73;68;69;87;8,2;4,3;
2020/11/20;1800 UTC;0;1003,9;1004,3;1003,9;1827,6;28,8;23,3;30,1;28,5;24;22,7;73;67;72;97;8,2;3,6;
2020/11/20;1900 UTC;0;1003,8;1003,9;1003,7;1062,7;28;23,2;29,1;27,9;23,5;22,8;75;70;75;92;8,5;4,2;
2020/11/20;2000 UTC;0;1003,9;1004;1003,8;345,3;27,4;22,9;28,1;27,3;23,2;22,7;77;74;77;87;7,5;3,2;
2020/11/20;2100 UTC;0;1004,3;1004,3;1003,8;20,8;27,2;23,1;27,5;26,9;23,1;22,7;79;77;79;106;8,8;3,7;
2020/11/20;2200 UTC;0;1004,8;1004,8;1004,3;;26,8;22,9;27,2;26,8;23,3;22,9;80;78;79;88;8,1;3,5;
2020/11/20;2300 UTC;0;1005,4;1005,4;1004,8;;26,9;23;27;26,8;23,2;22,8;80;78;79;96;8,5;4;
2020/11/21;0000 UTC;;;;;;;;;;;;;;;;;;
2020/11/21;0100 UTC;;;;;;;;;;;;;;;;;;
2020/11/21;0200 UTC;;;;;;;;;;;;;;;;;;
2020/11/21;0300 UTC;;;;;;;;;;;;;;;;;;
2020/11/21;0400 UTC;;;;;;;;;;;;;;;;;;
2020/11/21;0500 UTC;;;;;;;;;;;;;;;;;;
2020/11/21;0600 UTC;;;;;;;;;;;;;;;;;;
2020/11/21;0700 UTC;;;;;;;;;;;;;;;;;;
2020/11/21;0800 UTC;;;;;;;;;;;;;;;;;;
2020/11/21;0900 UTC;0;1005,8;1005,8;1005,5;260,5;27;22,4;27,1;26,2;22,6;22,1;80;76;76;97;6,7;3,2;
2020/11/21;1000 UTC;0;1006,4;1006,4;1005,8;932;27,4;22,5;28,2;26,9;23,1;22,2;77;73;75;109;7,1;3,7;
2020/11/21;1100 UTC;0;1006,8;1006,9;1006,5;1671,6;29,1;22,9;29,1;27,3;23,6;22,2;77;68;70;106;7,8;4,2;
2020/11/21;1200 UTC;0;1006,8;1006,9;1006,8;2578,2;29,3;22,9;29,9;28;23,4;22,1;72;66;69;114;7,8;4,3;
2020/11/21;1300 UTC;0;1006,8;1006,9;1006,7;2842,7;30;23,1;30;28,3;23,5;22,5;73;67;67;123;8,5;4,5;
2020/11/21;1400 UTC;0;1006,2;1006,8;1006,2;3030,6;29,8;23;30,5;28,3;23,3;22,1;70;63;67;108;8,2;3,9;
2020/11/21;1500 UTC;0;1005,3;1006,2;1005,3;3449,1;29,3;23;30,7;28,9;23,5;22,2;69;64;69;106;8,9;4,5;
2020/11/21;1600 UTC;0;1004,7;1005,3;1004,7;2713,7;29,6;21,8;30,3;28,3;23,1;21,7;70;63;63;110;8,3;4,2;
2020/11/21;1700 UTC;0;1004,2;1004,6;1004,2;2735,1;29,4;22,1;30,1;28,6;23;21,8;69;63;65;109;9,1;4;
2020/11/21;1800 UTC;0;1003,8;1004,2;1003,8;1854,5;28,5;22,2;30,1;28;22,7;21,6;70;64;69;121;7,9;4,9;
2020/11/21;1900 UTC;0;1003,7;1003,8;1003,6;1183,5;28;21,8;28,9;27,8;22,5;21,4;71;66;69;116;8,5;4,2;
2020/11/21;2000 UTC;0;1003,8;1003,8;1003,6;449,9;27,4;21,7;28,6;27,3;22,3;21,6;72;68;71;121;8,1;4,9;
2020/11/21;2100 UTC;0;1004,3;1004,3;1003,8;26;26,9;22,1;27,4;26,9;22,1;21,5;75;71;75;115;7,5;4,5;
2020/11/21;2200 UTC;0;1005,1;1005,1;1004,3;;26,9;21,8;27;26,8;22,2;21,5;75;73;74;119;7,9;4,3;
2020/11/21;2300 UTC;0;1005,8;1005,8;1005,2;;26,8;22,2;26,9;26,8;22,2;21,8;76;74;76;122;7,7;3,9;
2020/11/22;0000 UTC;0;1006,2;1006,2;1005,8;;26,8;22,1;27;26,8;22,5;21,8;77;74;75;110;7,9;3,9;
2020/11/22;0100 UTC;;;;;;;;;;;;;;;;;;
2020/11/22;0200 UTC;;;;;;;;;;;;;;;;;;
2020/11/22;0300 UTC;;;;;;;;;;;;;;;;;;
2020/11/22;0400 UTC;;;;;;;;;;;;;;;;;;
2020/11/22;0500 UTC;;;;;;;;;;;;;;;;;;
2020/11/22;0600 UTC;;;;;;;;;;;;;;;;;;
2020/11/22;0700 UTC;;;;;;;;;;;;;;;;;;
2020/11/22;0800 UTC;;;;;;;;;;;;;;;;;;
2020/11/22;0900 UTC;;;;;;;;;;;;;;;;;;
2020/11/22;1000 UTC;0;1007;1007;1006,2;899,3;27,5;22,5;27,8;26,9;22,5;21,5;75;71;74;118;8,8;3,5;
2020/11/22;1100 UTC;0;1007,4;1007,4;1007;1706,4;28,2;21,7;28,6;27,1;22,7;21,1;74;67;68;115;9,2;4,5;
2020/11/22;1200 UTC;0;1007,6;1007,6;1007,3;2574,2;28,5;22,4;29,4;27,9;22,6;21,3;71;65;70;115;9,5;5,1;
2020/11/22;1300 UTC;0;1007,6;1007,7;1007,5;3011,2;29,4;22,1;29,9;28,3;22,6;21,5;70;63;65;124;9,7;4,3;
2020/11/22;1400 UTC;0;1007,3;1007,7;1007,3;3497,3;29,3;22,3;30,4;28,9;22,8;21,5;66;61;66;115;9,4;4,5;
2020/11/22;1500 UTC;0;1006,4;1007,3;1006,4;3383,7;29,1;22;30,5;28,7;22,8;21,5;67;61;65;132;8,8;5,1;
2020/11/22;1600 UTC;0;1005,8;1006,5;1005,8;3292,9;30,4;22,6;30,6;29,1;22,6;20,5;66;57;63;134;9,2;4,9;
2020/11/22;1700 UTC;0;1005,3;1005,9;1005,3;2854,4;29,4;22,3;30,6;28,6;22,8;21,3;68;61;66;132;10,1;5,2;
2020/11/22;1800 UTC;0;1005,1;1005,3;1005;2302,8;28,9;22;30,2;28,6;22,8;21,5;68;63;67;128;9,7;5,4;
2020/11/22;1900 UTC;0;1005,1;1005,1;1005;1236,8;28,4;22;29,4;28;23;21,7;70;64;68;140;10,1;5,2;
2020/11/22;2000 UTC;0;1005,3;1005,3;1005;473;27,6;22,5;28,4;27,5;22,6;21,7;74;68;74;135;9,2;4,8;
2020/11/22;2100 UTC;0;1006;1006;1005,3;33,4;27,1;22,6;27,7;27,1;22,7;22,2;76;73;76;133;7,5;4;
2020/11/22;2200 UTC;;;;;;;;;;;;;;;;;;
2020/11/22;2300 UTC;;;;;;;;;;;;;;;;;;
2020/11/23;0000 UTC;;;;;;;;;;;;;;;;;;
2020/11/23;0100 UTC;;;;;;;;;;;;;;;;;;
2020/11/23;0200 UTC;;;;;;;;;;;;;;;;;;
2020/11/23;0300 UTC;;;;;;;;;;;;;;;;;;
2020/11/23;0400 UTC;;;;;;;;;;;;;;;;;;
2020/11/23;0500 UTC;;;;;;;;;;;;;;;;;;
2020/11/23;0600 UTC;;;;;;;;;;;;;;;;;;
2020/11/23;0700 UTC;;;;;;;;;;;;;;;;;;
2020/11/23;0800 UTC;;;;;;;;;;;;;;;;;;
2020/11/23;0900 UTC;0;1007,4;;;171,2;25,9;22,4;;;;;;;81;206;;2,4;
2020/11/23;1000 UTC;0;1007,9;1007,9;1007,4;751,3;26,9;23;26,9;25,9;23;22,2;81;78;79;188;4,8;2,6;
2020/11/23;1100 UTC;0;1008,4;1008,4;1007,9;1270,4;28,7;23;28,9;26,7;23,7;22,5;79;71;71;138;9,2;5,4;
2020/11/23;1200 UTC;0;1008,6;1008,6;1008,4;1704,2;28,5;23,5;29,3;28,1;23,7;22,6;75;70;74;137;9,2;5,1;
2020/11/23;1300 UTC;0;1008,6;1008,7;1008,5;2684,6;29;23,4;30;28,5;23,8;22,1;75;66;72;125;9,9;5,9;
2020/11/23;1400 UTC;0;1008,1;1008,6;1008;3477,6;29,9;22,9;30,3;29;24,1;22,7;72;66;66;140;10,8;6,4;
2020/11/23;1500 UTC;0;1007,5;1008,1;1007,4;2931,5;29,1;22,5;30,5;28,7;23,3;22,2;69;63;68;128;10,8;5,3;
2020/11/23;1600 UTC;0;1006,4;1007,5;1006,4;2524;29,1;22,7;30,6;28,7;24;22,6;71;66;68;132;10,5;5,8;
2020/11/23;1700 UTC;0;1005,9;1006,5;1005,9;1907,5;28,3;22,7;29,8;28,2;23,5;22,5;72;67;72;142;10,6;6,3;
2020/11/23;1800 UTC;0;1005,7;1006;1005,6;1211,2;28,2;23,4;28,8;28;23,4;22,7;75;71;75;139;10,6;4,9;
2020/11/23;1900 UTC;0;1005,8;1005,8;1005,5;700,3;27,8;22,8;28,3;27,7;23,4;22,7;75;73;74;129;9,4;4,8;
2020/11/23;2000 UTC;0;1006,1;1006,1;1005,8;260,5;27,4;22,8;27,8;27,3;23;22,6;77;74;76;134;9,9;4,5;
2020/11/23;2100 UTC;0;1006,8;1006,8;1006,1;15,4;27,1;22,2;27,4;27,1;22,8;22,2;77;75;75;139;9,4;4,7;
2020/11/23;2200 UTC;;;;;;;;;;;;;;;;;;
2020/11/23;2300 UTC;;;;;;;;;;;;;;;;;;
2020/11/24;0000 UTC;;;;;;;;;;;;;;;;;;
2020/11/24;0100 UTC;;;;;;;;;;;;;;;;;;
2020/11/24;0200 UTC;;;;;;;;;;;;;;;;;;
2020/11/24;0300 UTC;;;;;;;;;;;;;;;;;;
2020/11/24;0400 UTC;;;;;;;;;;;;;;;;;;
2020/11/24;0500 UTC;;;;;;;;;;;;;;;;;;
2020/11/24;0600 UTC;;;;;;;;;;;;;;;;;;
2020/11/24;0700 UTC;;;;;;;;;;;;;;;;;;
2020/11/24;0800 UTC;;;;;;;;;;;;;;;;;;
2020/11/24;0900 UTC;;;;;;;;;;;;;;;;;;
2020/11/24;1000 UTC;5;1009,7;1009,7;1009,1;221,5;22,8;22,2;23,1;22;22,3;21,3;97;95;96;168;9,4;3,5;
2020/11/24;1100 UTC;4,6;1009,8;1009,9;1009,6;759;23,7;23;23,7;22,6;23;21,8;96;95;96;117;6,3;1,8;
2020/11/24;1200 UTC;2,6;1010;1010,1;1009,8;597,3;22,9;22,1;23,8;22,6;23;21,8;96;94;95;161;8,2;3,9;
2020/11/24;1300 UTC;3;1009,2;1010;1009,2;2188,4;26,6;23,2;26,9;22,9;24,8;22,1;96;81;82;159;8,8;5,6;
2020/11/24;1400 UTC;,2;1008,7;1009,2;1008,7;2957;28,1;22,6;28,4;26,6;23,8;22,1;83;71;72;141;8,8;4,4;
2020/11/24;1500 UTC;0;1008,1;1008,7;1008,1;3458,1;28,2;22,3;28,8;27,7;23,7;22,3;76;70;70;128;9,6;4,6;
2020/11/24;1600 UTC;0;1007,4;1008,1;1007,4;2318,6;28,6;22,6;28,8;27,8;23,8;22,2;76;69;70;130;8,3;5,2;
2020/11/24;1700 UTC;0;1006,8;1007,4;1006,7;2689,1;28,7;22,5;29,6;28,4;23,1;21,8;71;66;70;132;9,9;5,3;
2020/11/24;1800 UTC;0;1006,5;1006,8;1006,5;1968,6;28,7;22,3;29,6;28;23,2;21,8;71;67;69;134;9;4,8;
2020/11/24;1900 UTC;0;1006,9;1006,9;1006,5;903,1;28;21,8;28,8;27,7;22,8;21,6;74;68;69;139;8,8;5;
2020/11/24;2000 UTC;0;1007,3;1007,3;1006,8;357,3;27,2;21,9;28,1;27,2;22,4;21,6;73;69;73;136;9;4,5;
2020/11/24;2100 UTC;0;1007,6;1007,6;1007,2;18,1;26,9;22,1;27,3;26,9;22,2;21,8;75;73;75;135;8,8;3,8;
2020/11/24;2200 UTC;;;;;;;;;;;;;;;;;;
2020/11/24;2300 UTC;;;;;;;;;;;;;;;;;;
2020/11/25;0000 UTC;;;;;;;;;;;;;;;;;;
2020/11/25;0100 UTC;;;;;;;;;;;;;;;;;;
2020/11/25;0200 UTC;;;;;;;;;;;;;;;;;;
2020/11/25;0300 UTC;;;;;;;;;;;;;;;;;;
2020/11/25;0400 UTC;;;;;;;;;;;;;;;;;;
2020/11/25;0500 UTC;;;;;;;;;;;;;;;;;;
2020/11/25;0600 UTC;;;;;;;;;;;;;;;;;;
2020/11/25;0700 UTC;;;;;;;;;;;;;;;;;;
2020/11/25;0800 UTC;;;;;;;;;;;;;;;;;;
2020/11/25;0900 UTC;0;1007,5;1007,5;1006,9;166,5;24,1;22,4;24,6;24;22,6;22;90;88;90;204;4,9;2,2;
2020/11/25;1000 UTC;,4;1008,1;1008,2;1007,6;430,9;24,3;22,4;25,2;24,2;23,2;22,3;90;87;89;192;4,5;1,7;
2020/11/25;1100 UTC;0;1008,4;1008,4;1008,1;950,3;27,3;22,9;27,5;24,3;24,4;22,5;91;77;77;105;9,5;4,4;
2020/11/25;1200 UTC;0;1008,5;1008,7;1008,4;2236,4;28,7;23,3;28,7;26,5;23,8;22,3;81;71;72;131;11,1;5,9;
2020/11/25;1300 UTC;0;1008,4;1008,6;1008,4;2998,3;29,1;22,7;29,7;28,1;23,7;21,4;73;64;68;132;11,1;5,2;
2020/11/25;1400 UTC;,2;1008;1008,4;1008;2059,6;28,6;23,3;29,4;27,7;23,3;22;74;67;73;132;11;5,2;
2020/11/25;1500 UTC;0;1007,2;1008;1007,2;3388,7;29,5;22;29,6;28,3;23,1;20,9;73;62;64;126;10,9;5,7;
2020/11/25;1600 UTC;0;1006,5;1007,3;1006,5;3331;29,1;22;29,7;28,5;23;21,2;68;62;65;126;10,7;5,8;
2020/11/25;1700 UTC;0;1006;1006,5;1006;2889,5;28,7;22,1;29,6;28,5;22,5;21,4;68;62;68;131;10,6;5,3;
2020/11/25;1800 UTC;0;1005,6;1006;1005,6;1885,2;28,6;22;29,3;28;22,7;21,3;71;65;68;139;9,8;5,8;
2020/11/25;1900 UTC;0;1005,7;1005,7;1005,5;1130,1;28;22,4;28,5;27,7;22,4;21,5;72;67;71;131;11,4;5,2;
2020/11/25;2000 UTC;0;1006;1006;1005,7;564,6;27,3;22,1;28,1;27,3;22,4;21;74;66;73;138;9,9;4,7;
2020/11/25;2100 UTC;;;;;;;;;;;;;;;;;;
2020/11/25;2200 UTC;;;;;;;;;;;;;;;;;;
2020/11/25;2300 UTC;;;;;;;;;;;;;;;;;;
2020/11/26;0000 UTC;;;;;;;;;;;;;;;;;;
2020/11/26;0100 UTC;;;;;;;;;;;;;;;;;;
2020/11/26;0200 UTC;;;;;;;;;;;;;;;;;;
2020/11/26;0300 UTC;;;;;;;;;;;;;;;;;;
2020/11/26;0400 UTC;;;;;;;;;;;;;;;;;;
2020/11/26;0500 UTC;;;;;;;;;;;;;;;;;;
2020/11/26;0600 UTC;;;;;;;;;;;;;;;;;;
2020/11/26;0700 UTC;;;;;;;;;;;;;;;;;;
2020/11/26;0800 UTC;;;;;;;;;;;;;;;;;;
2020/11/26;0900 UTC;0;1006,1;1006,1;1005,7;296,4;26,9;21,8;26,9;26,2;21,8;21,3;76;73;73;144;10,2;5,7;
2020/11/26;1000 UTC;0;1006,7;1006,7;1006,1;1078,6;27,9;21,7;27,9;26,9;22,4;21,4;76;69;69;140;12;6,1;
2020/11/26;1100 UTC;0;1007,3;1007,3;1006,6;1929,4;28,4;21,7;28,5;27,7;22,3;21,2;71;67;67;139;12;6;
2020/11/26;1200 UTC;0;1007,5;1007,5;1007,2;2710,3;29,3;21,6;29,7;28,2;22,4;20,9;68;61;63;137;11,7;6;
2020/11/26;1300 UTC;0;1007,2;1007,6;1007,2;3245,3;29,9;22;30;29;22,5;21,1;65;61;63;140;11,9;7;
2020/11/26;1400 UTC;0;1007,2;1007,3;1007;3531,3;29,8;21,9;30,1;29,1;22,5;20,8;65;59;63;143;11,9;6,9;
2020/11/26;1500 UTC;0;1006,5;1007,2;1006,5;3273;30,1;21,9;30,4;28,8;22,9;21,5;68;61;62;142;11,8;6;
2020/11/26;1600 UTC;0;1005,7;1006,5;1005,7;3246,5;29,4;22,5;30,4;28,9;23;21,4;68;62;66;141;12;7,2;
2020/11/26;1700 UTC;0;1004,9;1005,7;1004,9;2866;29,3;22,7;30,3;28,8;23;21,8;68;64;68;137;12,2;5,9;
2020/11/26;1800 UTC;0;1004,7;1004,9;1004,5;2101,1;28,8;22,6;29,9;28,4;23;22,1;70;66;69;134;11,2;6,7;
2020/11/26;1900 UTC;0;1004,8;1004,8;1004,6;1083,5;27,9;22,5;28,9;27,8;22,8;22,1;73;68;73;140;11,3;6,2;
2020/11/26;2000 UTC;0;1005,3;1005,3;1004,8;356,9;27,6;22,7;28;27,6;22,8;22,2;75;72;74;144;10,7;5,4;
2020/11/26;2100 UTC;0;1005,7;1005,7;1005,3;51,4;27,3;22,5;27,6;27,2;22,9;22,5;76;74;75;146;9,8;5,5;
2020/11/26;2200 UTC;0;1006,3;1006,3;1005,7;;27;22,3;27,3;27;22,7;22,3;77;75;75;151;9,7;4,7;
2020/11/26;2300 UTC;;;;;;;;;;;;;;;;;;
2020/11/27;0000 UTC;;;;;;;;;;;;;;;;;;
2020/11/27;0100 UTC;;;;;;;;;;;;;;;;;;
2020/11/27;0200 UTC;;;;;;;;;;;;;;;;;;
2020/11/27;0300 UTC;;;;;;;;;;;;;;;;;;
2020/11/27;0400 UTC;;;;;;;;;;;;;;;;;;
2020/11/27;0500 UTC;;;;;;;;;;;;;;;;;;
2020/11/27;0600 UTC;;;;;;;;;;;;;;;;;;
2020/11/27;0700 UTC;;;;;;;;;;;;;;;;;;
2020/11/27;0800 UTC;;;;;;;;;;;;;;;;;;
2020/11/27;0900 UTC;0;1006,2;1006,3;1005,9;214,3;26,8;21,4;26,9;26,3;21,9;21,4;76;73;73;147;;5,3;
2020/11/27;1000 UTC;0;1007,1;1007,1;1006,2;1111,6;27,9;22,2;28;26,7;22,5;21,4;75;70;71;137;11,6;5,9;
2020/11/27;1100 UTC;0;1007,8;1007,8;1007;1873,6;28,4;22,5;28,5;27,3;22,8;21,8;74;68;71;139;12,4;6,8;
2020/11/27;1200 UTC;0;1008,1;1008,2;1007,7;2564,9;28,8;21,9;29,3;28,2;22,9;21,9;71;66;66;139;12,3;7,3;
2020/11/27;1300 UTC;0;1008,1;1008,3;1008,1;2732,2;29,2;22,4;29,7;28,2;23,3;22;71;66;67;131;12,3;6,4;
2020/11/27;1400 UTC;0;1007,6;1008,1;1007,5;3456,9;29,5;22,6;30,3;28,9;23,2;21,9;69;63;66;139;12,9;7,2;
2020/11/27;1500 UTC;0;1006,9;1007,6;1006,9;3397,8;29,6;23;30,3;28,8;23,5;22,2;70;65;68;135;13,6;6,8;
2020/11/27;1600 UTC;0;1006,2;1006,9;1006,1;3067,6;28,9;23,6;30,1;28,1;23,6;21,7;73;66;73;143;12,8;6,5;
2020/11/27;1700 UTC;,2;1005,3;1006,2;1005,3;2268,8;28,4;24,1;30,2;26,4;24,5;22,2;84;67;78;137;12,1;5,5;
2020/11/27;1800 UTC;0;1005,2;1005,3;1005;1469,2;28,2;23,2;28,8;27,7;23,7;22,4;77;71;75;138;11,9;5,5;
2020/11/27;1900 UTC;0;1005,4;1005,4;1005,1;1237,4;28,2;22,2;28,7;27,7;23,2;21,8;76;68;70;143;13,3;6,7;
2020/11/27;2000 UTC;0;1005,7;1005,7;1005,4;651,7;27,6;21,9;28,3;27,5;23,4;21,9;76;70;71;144;12;6,2;
2020/11/27;2100 UTC;0;1006,3;1006,3;1005,7;53,4;27,1;22,5;27,7;26,7;22,6;22;78;71;76;142;11,8;4,6;
2020/11/27;2200 UTC;0;1006,8;1006,8;1006,3;;27;21,9;27,2;27;22,5;21,5;76;71;74;133;11,3;5,5;
2020/11/27;2300 UTC;;;;;;;;;;;;;;;;;;
2020/11/28;0000 UTC;;;;;;;;;;;;;;;;;;
2020/11/28;0100 UTC;;;;;;;;;;;;;;;;;;
2020/11/28;0200 UTC;;;;;;;;;;;;;;;;;;
2020/11/28;0300 UTC;;;;;;;;;;;;;;;;;;
2020/11/28;0400 UTC;;;;;;;;;;;;;;;;;;
2020/11/28;0500 UTC;;;;;;;;;;;;;;;;;;
2020/11/28;0600 UTC;;;;;;;;;;;;;;;;;;
2020/11/28;0700 UTC;;;;;;;;;;;;;;;;;;
2020/11/28;0800 UTC;;;;;;;;;;;;;;;;;;
2020/11/28;0900 UTC;0;1006,6;1006,6;1006;151,2;25,8;21,1;26,5;25,8;21,5;21,1;75;73;75;170;;3,8;
2020/11/28;1000 UTC;0;1007,6;1007,6;1006,6;756,8;27,2;22;27,5;25,8;22,5;21,3;77;72;74;139;13,2;6,6;
2020/11/28;1100 UTC;0;1008,3;1008,3;1007,5;1394,1;28,2;21,9;28,2;27,1;22,2;21,5;74;67;69;127;13,2;6,3;
2020/11/28;1200 UTC;0;1008,5;1008,6;1008,2;2331,9;28,9;20,8;29,5;27,9;22,3;20,8;70;62;62;135;12,3;6,9;
2020/11/28;1300 UTC;0;1008,7;1008,8;1008,5;2209;28,6;21;29,7;28,2;21,7;20,1;65;60;64;131;12,3;6,8;
2020/11/28;1400 UTC;0;1008;1008,7;1008;3210,5;29,2;21;29,8;28;21,4;20,5;66;59;61;134;12,4;7,6;
2020/11/28;1500 UTC;0;1007,4;1008,1;1007,4;3475,5;29,3;20,9;30,1;28,6;22;20,5;64;59;60;137;13,3;7,4;
2020/11/28;1600 UTC;0;1006,7;1007,5;1006,7;3223,5;29,6;22,2;30,2;28,4;22,2;20,9;66;59;65;133;13,5;6,8;
2020/11/28;1700 UTC;0;1005,8;1006,7;1005,8;2626,3;28,8;21,9;30;28,6;22,5;21,4;67;63;66;134;12,8;6,5;
2020/11/28;1800 UTC;0;1005,6;1005,8;1005,5;2011,8;28,6;22,2;29,6;28,4;22,9;21,3;69;64;68;131;12,3;7,1;
2020/11/28;1900 UTC;0;1005,5;1005,7;1005,5;1035,9;28;21,1;28,9;27,9;22,7;20,9;72;64;66;140;13;8,2;
2020/11/28;2000 UTC;0;1006;1006;1005,5;540,4;27,5;22,1;28,4;27,4;22,2;21,1;73;66;72;136;13;6,3;
2020/11/28;2100 UTC;0;1006,8;1006,8;1006;43,8;27,2;21,3;27,6;27,2;22;20,9;72;68;70;137;12,3;5,7;
2020/11/28;2200 UTC;0;1007,5;1007,5;1006,8;;27;21,8;27,2;27;21,8;21;73;69;73;138;11,6;5,1;
2020/11/28;2300 UTC;;;;;;;;;;;;;;;;;;
2020/11/29;0000 UTC;;;;;;;;;;;;;;;;;;
2020/11/29;0100 UTC;;;;;;;;;;;;;;;;;;
2020/11/29;0200 UTC;;;;;;;;;;;;;;;;;;
2020/11/29;0300 UTC;;;;;;;;;;;;;;;;;;
2020/11/29;0400 UTC;;;;;;;;;;;;;;;;;;
2020/11/29;0500 UTC;;;;;;;;;;;;;;;;;;
2020/11/29;0600 UTC;;;;;;;;;;;;;;;;;;
2020/11/29;0700 UTC;;;;;;;;;;;;;;;;;;
2020/11/29;0800 UTC;;;;;;;;;;;;;;;;;;
2020/11/29;0900 UTC;0;1007,4;1007,4;1007,1;201,2;24,5;22;24,5;23,8;22,1;21,4;87;86;86;191;4,7;2,5;
2020/11/29;1000 UTC;0;1007,7;1007,7;1007,4;884,9;26,5;22,5;26,5;24,3;22,7;21,7;86;78;78;200;6,2;2,9;
2020/11/29;1100 UTC;0;1008;1008;1007,6;1604,9;28;22,1;28,7;26,5;22,9;22;79;70;71;153;10,4;6,5;
2020/11/29;1200 UTC;0;1008,2;1008,3;1008;2377,8;28,9;21,8;29,3;27,9;22,9;21,8;71;66;66;136;11;5,6;
2020/11/29;1300 UTC;0;1008;1008,3;1007,9;3186,2;29,2;22,1;30;28,7;22,9;21,3;68;63;66;134;12,3;6,8;
2020/11/29;1400 UTC;0;1007,5;1008;1007,4;3258,1;29,2;22,3;30,3;28,6;22,9;21,6;69;62;67;142;11,8;6,5;
2020/11/29;1500 UTC;0;1006,8;1007,5;1006,8;3101,3;28,9;21,8;30,2;28,6;23,1;21,3;69;61;66;128;11,3;6,2;
2020/11/29;1600 UTC;0;1005,9;1006,8;1005,9;2503,9;29,1;22;29,9;28,4;22,9;21,7;69;65;65;134;11,7;6,2;
2020/11/29;1700 UTC;0;1005,1;1006;1005,1;2367,3;28,8;22,3;29,6;28,4;22,9;21,8;69;65;68;125;11,1;6,4;
2020/11/29;1800 UTC;0;1004,8;1005,1;1004,8;1692,3;28,5;22,3;29,4;28,1;22,8;21,8;72;67;69;134;11,2;5,5;
2020/11/29;1900 UTC;0;1004,9;1004,9;1004,7;849,4;27,8;22;28,5;27,6;22,7;21,8;72;69;71;130;10,6;5,7;
2020/11/29;2000 UTC;0;1005,4;1005,4;1004,8;326,6;27,5;22,4;28;27,4;22,4;21,8;74;70;74;130;10,2;5;
2020/11/29;2100 UTC;0;1006,1;1006,1;1005,3;42,3;27;22,3;27,5;27;22,8;21,9;77;73;75;134;11,6;5,9;
2020/11/29;2200 UTC;;;;;;;;;;;;;;;;;;
2020/11/29;2300 UTC;;;;;;;;;;;;;;;;;;
2020/11/30;0000 UTC;;;;;;;;;;;;;;;;;;
2020/11/30;0100 UTC;;;;;;;;;;;;;;;;;;
2020/11/30;0200 UTC;;;;;;;;;;;;;;;;;;
2020/11/30;0300 UTC;;;;;;;;;;;;;;;;;;
2020/11/30;0400 UTC;;;;;;;;;;;;;;;;;;
2020/11/30;0500 UTC;;;;;;;;;;;;;;;;;;
2020/11/30;0600 UTC;;;;;;;;;;;;;;;;;;
2020/11/30;0700 UTC;;;;;;;;;;;;;;;;;;
2020/11/30;0800 UTC;;;;;;;;;;;;;;;;;;
2020/11/30;0900 UTC;;;;;;;;;;;;;;;;;;
2020/11/30;1000 UTC;,2;1007,4;1007,4;1006,7;548,9;26,3;22;27;24,7;23,1;21,1;86;76;77;129;8,9;4,6;
2020/11/30;1100 UTC;0;1008,1;1008,1;1007,4;1667,9;28,2;21,3;28,4;26,3;22,1;20,7;78;64;66;144;11,2;6,3;
2020/11/30;1200 UTC;0;1008,5;1008,6;1008,1;2604;29,3;21,6;29,3;28;21,9;20,2;68;61;63;133;11,8;5,3;
2020/11/30;1300 UTC;0;1008,3;1008,5;1008,3;3217,8;29;21;29,7;28,3;22;20,4;68;60;62;132;10,4;5,7;
2020/11/30;1400 UTC;0;1007,8;1008,3;1007,8;3522,7;29,3;21,8;30,3;28,5;22,3;20,9;65;60;64;139;10,3;4,9;
2020/11/30;1500 UTC;0;1006,9;1007,8;1006,9;3470,9;28,7;21,6;30;28,7;22,7;20,6;67;61;66;125;11,2;5,9;
2020/11/30;1600 UTC;0;1006,3;1006,9;1006,2;3305,5;28,9;21,9;30,1;28,6;22,2;20,7;67;60;66;126;10,1;5,7;
2020/11/30;1700 UTC;0;1005,3;1006,3;1005,3;2884,4;28,6;21,6;30,3;28,4;22,6;20,5;67;60;66;129;9,6;5,8;
2020/11/30;1800 UTC;0;1004,9;1005,3;1004,9;2238,8;28,6;21,6;29,4;28,2;22,4;20,7;67;61;66;120;9,8;5,3;
2020/11/30;1900 UTC;0;1005,1;1005,1;1004,9;1447,2;27,9;21,3;28,8;27,8;21,7;21;67;63;67;130;9,4;5,3;
2020/11/30;2000 UTC;0;1005,5;1005,5;1005,1;572,4;27,3;22;28,2;27,2;22,1;21,3;73;67;73;117;9,4;4,4;
2020/11/30;2100 UTC;0;1006;1006;1005,5;47,5;26,9;21,4;27,3;26,8;22;21,4;74;72;72;120;8,7;4,4;
2020/11/30;2200 UTC;;;;;;;;;;;;;;;;;;
2020/11/30;2300 UTC;;;;;;;;;;;;;;;;;;
2020/12/01;0000 UTC;;;;;;;;;;;;;;;;;;
2020/12/01;0100 UTC;;;;;;;;;;;;;;;;;;
2020/12/01;0200 UTC;;;;;;;;;;;;;;;;;;
2020/12/01;0300 UTC;;;;;;;;;;;;;;;;;;
2020/12/01;0400 UTC;;;;;;;;;;;;;;;;;;
2020/12/01;0500 UTC;;;;;;;;;;;;;;;;;;
2020/12/01;0600 UTC;;;;;;;;;;;;;;;;;;
2020/12/01;0700 UTC;;;;;;;;;;;;;;;;;;
2020/12/01;0800 UTC;;;;;;;;;;;;;;;;;;
2020/12/01;0900 UTC;0;1007;1007;1006,6;225,4;27;21,9;27;26,3;22;21,4;75;74;74;144;;3,7;
2020/12/01;1000 UTC;0;1007,7;1007,7;1007;770,5;27,5;22,3;27,7;26,8;22,5;21,8;75;72;73;130;9,2;4,3;
2020/12/01;1100 UTC;0;1008,4;1008,4;1007,6;1808;28,7;22,7;28,9;27,4;22,9;21,5;73;68;70;136;9,6;5,4;
2020/12/01;1200 UTC;0;1008,7;1008,7;1008,4;2698,6;29;21,8;29,6;28,1;23;21,8;71;65;65;131;10,1;5,8;
2020/12/01;1300 UTC;0;1008,6;1008,8;1008,5;3236,1;28,8;22,3;30;28,4;22,9;21,6;70;63;68;127;10,3;6,1;
2020/12/01;1400 UTC;0;1008,1;1008,6;1008,1;3241,7;30;22,6;30,5;28,5;23,2;22,2;70;64;64;137;10,9;5,4;
2020/12/01;1500 UTC;0;1007,5;1008,2;1007,5;3343,6;30,5;23,1;30,5;28,9;24;22,4;71;65;65;130;11;5,8;
2020/12/01;1600 UTC;0;1006,7;1007,5;1006,7;3289,6;29,3;22,6;30,7;29;23,2;22,2;69;63;68;132;11,1;6,3;
2020/12/01;1700 UTC;0;1006;1006,7;1006;2902,3;29,5;22,2;30,3;28,8;23,6;22;72;64;65;137;10,5;6,2;
2020/12/01;1800 UTC;0;1005,6;1006;1005,6;2186,7;28,7;22,2;29,7;28,4;23,1;22;70;65;68;127;11,1;5,9;
2020/12/01;1900 UTC;0;1005,6;1005,7;1005,6;1342,1;28,3;23;29;28,1;23;22,2;73;67;73;129;10,2;5,4;
2020/12/01;2000 UTC;0;1006;1006;1005,6;455,9;27,6;22,4;28,5;27,6;23,1;22,4;75;72;73;129;10,4;5,6;
2020/12/01;2100 UTC;0;1006,6;1006,6;1006;47,8;27,3;22,6;27,7;27,2;22,6;21,9;76;73;76;132;10,4;4,7;
2020/12/01;2200 UTC;;;;;;;;;;;;;;;;;;
2020/12/01;2300 UTC;;;;;;;;;;;;;;;;;;
2020/12/02;0000 UTC;;;;;;;;;;;;;;;;;;
2020/12/02;0100 UTC;;;;;;;;;;;;;;;;;;
2020/12/02;0200 UTC;;;;;;;;;;;;;;;;;;
2020/12/02;0300 UTC;;;;;;;;;;;;;;;;;;
2020/12/02;0400 UTC;;;;;;;;;;;;;;;;;;
2020/12/02;0500 UTC;;;;;;;;;;;;;;;;;;
2020/12/02;0600 UTC;;;;;;;;;;;;;;;;;;
2020/12/02;0700 UTC;;;;;;;;;;;;;;;;;;
2020/12/02;0800 UTC;;;;;;;;;;;;;;;;;;
2020/12/02;0900 UTC;0;1006,6;;;192,9;26,8;22,5;;;;;;;77;119;;4;
2020/12/02;1000 UTC;0;1007,4;1007,4;1006,7;687,6;26,3;23,1;27,8;26,3;23,2;22,4;82;75;82;117;8,3;3,6;
2020/12/02;1100 UTC;,4;1007,9;1007,9;1007,4;1849,3;27,7;23,4;28,1;26;24,3;23;87;75;78;122;8,8;4,7;
2020/12/02;1200 UTC;0;1008,1;1008,1;1007,9;2112,4;28,2;23,3;29;27,6;24;23,1;78;73;75;112;8,2;4,3;
2020/12/02;1300 UTC;0;1008,2;1008,3;1008;2851;28,6;23,2;29,3;27,8;24;22,8;76;71;73;127;8,2;4,6;
2020/12/02;1400 UTC;0;1008;1008,2;1008;2255,7;27,8;25,1;29,7;26,2;25,1;22,1;88;70;85;103;8,5;3,3;
2020/12/02;1500 UTC;,2;1007,4;1008;1007,3;3115,3;29,4;24,2;29,4;27,7;25,6;23,4;86;73;73;118;7,8;4,4;
2020/12/02;1600 UTC;0;1006,8;1007,4;1006,8;3185,5;29;23,4;30,1;28,7;24,8;23,4;76;71;72;118;8,2;5;
2020/12/02;1700 UTC;0;1006,1;1006,8;1006,1;2837,8;28,7;22,9;29,7;28,6;24,1;22,9;74;69;71;121;8,7;4,4;
2020/12/02;1800 UTC;0;1005,9;1006,1;1005,9;2071,7;28,8;23,6;29,8;28,2;24;22,7;74;69;74;129;8,1;4,7;
2020/12/02;1900 UTC;,2;1006;1006;1005,9;1334;28,3;23,2;29,7;28,1;24;22,8;75;70;74;122;7,9;3,8;
2020/12/02;2000 UTC;0;1006,3;1006,3;1006;280;27,7;23,1;28,3;27,6;23,6;22,9;77;74;76;129;8;3,7;
2020/12/02;2100 UTC;,2;1006,8;1006,8;1006,3;32,4;27,2;23,3;27,7;27,2;23,5;23,2;79;76;79;134;7,4;3,8;
2020/12/02;2200 UTC;;;;;;;;;;;;;;;;;;
2020/12/02;2300 UTC;;;;;;;;;;;;;;;;;;
2020/12/03;0000 UTC;;;;;;;;;;;;;;;;;;
2020/12/03;0100 UTC;;;;;;;;;;;;;;;;;;
2020/12/03;0200 UTC;;;;;;;;;;;;;;;;;;
2020/12/03;0300 UTC;;;;;;;;;;;;;;;;;;
2020/12/03;0400 UTC;;;;;;;;;;;;;;;;;;
2020/12/03;0500 UTC;;;;;;;;;;;;;;;;;;
2020/12/03;0600 UTC;;;;;;;;;;;;;;;;;;
2020/12/03;0700 UTC;;;;;;;;;;;;;;;;;;
2020/12/03;0800 UTC;;;;;;;;;;;;;;;;;;
2020/12/03;0900 UTC;,4;1007,2;1007,2;1006,8;248;26,8;23,4;26,8;26,1;23,7;23,3;86;82;82;121;;3,5;
2020/12/03;1000 UTC;,4;1007,6;1007,6;1007,2;1025,2;27,6;23,7;27,7;26,8;24,2;23,3;83;79;79;119;7,6;4,2;
2020/12/03;1100 UTC;,4;1008,2;1008,2;1007,6;1549,5;28,3;23,9;28,4;27,3;24,5;23,4;82;77;77;114;8,6;3,7;
2020/12/03;1200 UTC;,4;1008,3;1008,4;1008,2;2325,1;28,7;24,2;28,9;27,5;24,6;23,4;80;75;77;116;8,7;4,6;
2020/12/03;1300 UTC;,4;1008,3;1008,5;1008,3;2476;28,8;24,1;29,7;28,2;24,6;23,3;79;72;76;121;8,7;4,6;
2020/12/03;1400 UTC;,4;1008;1008,3;1007,9;3333,5;29,2;23,6;29,8;28,7;24,7;23,5;76;71;72;111;8,4;4,6;
2020/12/03;1500 UTC;,4;1007,3;1008;1007,3;3271,8;29,7;23,4;30,4;28,7;24,5;23,1;74;68;69;120;8,1;4,5;
2020/12/03;1600 UTC;,2;1006,8;1007,3;1006,8;3023,1;29,4;23,3;30;28,9;24,3;23,2;74;69;70;105;8,3;4,7;
2020/12/03;1700 UTC;0;1006,3;1006,8;1006,3;2290,9;29,1;23,4;30,2;28,5;24,3;23,1;74;69;71;119;7,8;4,6;
2020/12/03;1800 UTC;0;1006;1006,3;1005,9;2025,1;28,8;23,7;29,6;28,5;24,2;23;74;71;74;131;8,5;4,5;
2020/12/03;1900 UTC;0;1006,2;1006,2;1006;1122,7;28;23,6;28,8;27,9;23,7;23,1;77;73;77;116;8,5;4,3;
2020/12/03;2000 UTC;0;1006,3;1006,3;1006,1;416,6;27,6;23,4;28,2;27,5;23,8;23,2;78;76;78;118;8,1;4,7;
2020/12/03;2100 UTC;0;1006,6;1006,6;1006,3;30,3;27,2;23,4;27,6;27,2;23,8;23,4;81;78;80;121;8,1;4,6;
2020/12/03;2200 UTC;0;1007,4;1007,4;1006,6;;27,3;23,6;27,3;27,2;23,9;23,4;82;80;80;127;8,3;4,1;
2020/12/03;2300 UTC;;;;;;;;;;;;;;;;;;
2020/12/04;0000 UTC;;;;;;;;;;;;;;;;;;
2020/12/04;0100 UTC;;;;;;;;;;;;;;;;;;
2020/12/04;0200 UTC;;;;;;;;;;;;;;;;;;
2020/12/04;0300 UTC;;;;;;;;;;;;;;;;;;
2020/12/04;0400 UTC;;;;;;;;;;;;;;;;;;
2020/12/04;0500 UTC;;;;;;;;;;;;;;;;;;
2020/12/04;0600 UTC;;;;;;;;;;;;;;;;;;
2020/12/04;0700 UTC;;;;;;;;;;;;;;;;;;
2020/12/04;0800 UTC;;;;;;;;;;;;;;;;;;
2020/12/04;0900 UTC;0;1008,7;;;109;27;23,6;;;;;;;82;127;;4,1;
2020/12/04;1000 UTC;0;1009,3;1009,3;1008,7;770,5;28,1;23,5;28,1;27;23,9;23,2;82;76;76;128;9,2;5,1;
2020/12/04;1100 UTC;0;1009,8;1009,8;1009,3;1685,9;28,2;23,6;29,3;27,9;24,2;23,2;78;73;76;117;9,2;4,7;
2020/12/04;1200 UTC;0;1009,9;1010;1009,8;2349,8;29;23,7;29,6;28,2;24,3;23,5;77;72;73;128;10,1;5,4;
2020/12/04;1300 UTC;0;1010;1010,1;1009,8;2329,5;28,8;24,4;30;28,1;24,4;23,4;78;71;77;122;10,4;4,9;
2020/12/04;1400 UTC;0;1009,5;1010;1009,5;2652;29,7;23,5;30,3;28,2;24,9;23,3;77;69;69;121;9,4;5,3;
2020/12/04;1500 UTC;0;1008,8;1009,5;1008,8;3247,8;29,4;23,5;30,5;29,1;24,5;23;73;68;70;131;9,4;5,2;
2020/12/04;1600 UTC;0;1007,9;1008,8;1007,9;3352,2;30,1;24,1;30,8;28,9;24,6;23,1;73;68;70;126;9,9;5,2;
2020/12/04;1700 UTC;0;1006,7;1007,9;1006,7;2940,2;29,3;23,2;30,2;29;24;23;72;68;70;126;10,5;5,7;
2020/12/04;1800 UTC;0;1006,2;1006,7;1006,2;2201,2;28,6;23,7;30;28,5;24,2;23,1;75;69;75;124;10;5,8;
2020/12/04;1900 UTC;0;1006,1;1006,2;1006;1250,8;28,6;22,9;29,4;28,3;24,8;22,7;78;70;71;128;10,2;5;
2020/12/04;2000 UTC;0;1006,4;1006,4;1006,1;598,4;27,9;23,4;28,7;27,8;23,7;22,9;77;71;76;127;8,7;4,4;
2020/12/04;2100 UTC;0;1006,6;1006,6;1006,3;26,9;27,4;23,2;27,9;27,3;23,5;23,1;79;76;78;128;8,4;4,7;
2020/12/04;2200 UTC;0;1007,3;1007,3;1006,6;;27,2;22,9;27,4;27,2;23,5;22,8;80;77;77;130;8,2;4,6;
2020/12/04;2300 UTC;;;;;;;;;;;;;;;;;;
2020/12/05;0000 UTC;;;;;;;;;;;;;;;;;;
2020/12/05;0100 UTC;;;;;;;;;;;;;;;;;;
2020/12/05;0200 UTC;;;;;;;;;;;;;;;;;;
2020/12/05;0300 UTC;;;;;;;;;;;;;;;;;;
2020/12/05;0400 UTC;;;;;;;;;;;;;;;;;;
2020/12/05;0500 UTC;;;;;;;;;;;;;;;;;;
2020/12/05;0600 UTC;;;;;;;;;;;;;;;;;;
2020/12/05;0700 UTC;;;;;;;;;;;;;;;;;;
2020/12/05;0800 UTC;;;;;;;;;;;;;;;;;;
2020/12/05;0900 UTC;0;1007;1007;1006,7;250,9;27;22,9;27;26,2;23,3;22,7;83;78;78;123;;4,7;
2020/12/05;1000 UTC;0;1007,8;1007,8;1007;968,2;27,7;22,9;28;26,9;23,3;22,5;79;74;75;127;10,4;4,8;
2020/12/05;1100 UTC;0;1008,2;1008,2;1007,8;1844,9;28,7;22,6;29;27,7;23,5;22,3;76;69;70;132;10,3;4,9;
2020/12/05;1200 UTC;0;1008,5;1008,5;1008,1;2425,7;28,6;22,4;29,2;28,1;23,3;22,2;73;68;69;127;10,7;6,1;
2020/12/05;1300 UTC;0;1008,6;1008,6;1008,4;3206,1;28,9;22,4;29,9;28,6;23,1;22,1;70;66;68;136;10,1;6,1;
2020/12/05;1400 UTC;0;1008,3;1008,6;1008,3;3623,7;29,5;22,8;30,5;28,9;23,4;22,1;68;63;67;126;10,3;6,4;
2020/12/05;1500 UTC;0;1007,7;1008,3;1007,7;3455,9;29,9;22,4;31;29;23,5;21,2;68;61;64;117;9,9;5;
2020/12/05;1600 UTC;0;1007,2;1007,7;1007,2;3040,4;29,5;22,6;30,4;28,8;23,1;21,9;68;63;67;122;9,5;5,4;
2020/12/05;1700 UTC;0;1006,3;1007,2;1006,3;2849,1;29,4;21,8;30,3;29;23,1;21,4;67;62;63;134;10;5,8;
2020/12/05;1800 UTC;0;1006,2;1006,3;1006,2;2257,6;29;21,9;29,5;28,6;22,3;21,3;67;62;65;138;10;6,1;
2020/12/05;1900 UTC;0;1006,4;1006,4;1006,1;1467,8;28,6;21,8;29,4;28,4;22,5;21,3;69;63;66;138;11,4;5,2;
2020/12/05;2000 UTC;0;1006,6;1006,7;1006,3;623,6;27,7;21,8;28,6;27,6;22,1;21,5;70;66;70;134;9,6;5,4;
2020/12/05;2100 UTC;0;1007;1007;1006,6;46,4;27,1;21,9;27,8;27,1;22,3;21,4;74;70;73;133;9,6;3,8;
2020/12/05;2200 UTC;0;1007,4;1007,4;1007;;27;22,2;27,1;27;22,2;21,4;75;71;75;132;8,1;4,4;
2020/12/05;2300 UTC;;;;;;;;;;;;;;;;;;
2020/12/06;0000 UTC;;;;;;;;;;;;;;;;;;
2020/12/06;0100 UTC;;;;;;;;;;;;;;;;;;
2020/12/06;0200 UTC;;;;;;;;;;;;;;;;;;
2020/12/06;0300 UTC;;;;;;;;;;;;;;;;;;
2020/12/06;0400 UTC;;;;;;;;;;;;;;;;;;
2020/12/06;0500 UTC;;;;;;;;;;;;;;;;;;
2020/12/06;0600 UTC;;;;;;;;;;;;;;;;;;
2020/12/06;0700 UTC;;;;;;;;;;;;;;;;;;
2020/12/06;0800 UTC;;;;;;;;;;;;;;;;;;
2020/12/06;0900 UTC;0;1007,5;1007,5;1007;251,2;27;22,5;27;26,3;22,5;22,1;78;76;77;132;;3,8;
2020/12/06;1000 UTC;0;1008;1008;1007,5;775,8;27,1;22,5;27,6;26,9;22,6;22,2;77;73;76;137;8,9;5,4;
2020/12/06;1100 UTC;0;1008,7;1008,7;1008;1371,7;28,1;22,6;28,3;27,1;23;22,3;76;71;72;137;9,1;5,2;
2020/12/06;1200 UTC;0;1009,1;1009,1;1008,6;2061,3;28,2;22,3;29,1;27,9;23,1;22;73;68;71;130;9,3;4,8;
2020/12/06;1300 UTC;0;1009,1;1009,2;1009;2858,7;29,2;22,4;29,8;28,1;23,4;22,2;72;67;67;130;10,4;5,6;
2020/12/06;1400 UTC;0;1008,7;1009,1;1008,7;3041,8;28,7;22,6;30,2;28,7;23,5;22,3;70;65;70;126;9,5;5,6;
2020/12/06;1500 UTC;0;1008;1008,8;1008;2589,2;29;22,4;29,8;28,5;23,3;22,3;71;66;68;133;10;5,1;
2020/12/06;1600 UTC;0;1007,2;1008;1007,2;2563,7;29,1;22,6;29,8;28,3;23,5;22,3;72;67;68;141;10,7;6,2;
2020/12/06;1700 UTC;0;1006,6;1007,2;1006,6;2981,6;29,1;22,9;30,4;28,8;23,4;22,5;71;65;69;133;11,3;6;
2020/12/06;1800 UTC;0;1006,4;1006,6;1006,3;2076,1;29,1;23;29,7;28,4;23,5;22,5;73;67;70;133;9,6;5;
2020/12/06;1900 UTC;0;1006,5;1006,5;1006,2;1235,4;27,8;22,7;29,3;27,8;23,6;22,5;74;69;74;122;9,3;4,9;
2020/12/06;2000 UTC;0;1006,9;1007;1006,5;188,9;27,3;22,9;27,9;27,3;23,2;22,7;77;74;77;123;8,6;3,9;
2020/12/06;2100 UTC;0;1007,1;1007,1;1006,8;15,4;27,1;22,9;27,3;27,1;23,2;22,8;79;76;78;125;8,4;4,8;
2020/12/06;2200 UTC;;;;;;;;;;;;;;;;;;
2020/12/06;2300 UTC;;;;;;;;;;;;;;;;;;
2020/12/07;0000 UTC;;;;;;;;;;;;;;;;;;
2020/12/07;0100 UTC;;;;;;;;;;;;;;;;;;
2020/12/07;0200 UTC;;;;;;;;;;;;;;;;;;
2020/12/07;0300 UTC;;;;;;;;;;;;;;;;;;
2020/12/07;0400 UTC;;;;;;;;;;;;;;;;;;
2020/12/07;0500 UTC;;;;;;;;;;;;;;;;;;
2020/12/07;0600 UTC;;;;;;;;;;;;;;;;;;
2020/12/07;0700 UTC;;;;;;;;;;;;;;;;;;
2020/12/07;0800 UTC;;;;;;;;;;;;;;;;;;
2020/12/07;0900 UTC;0;1007,8;;;88,1;26,2;23,2;;;;;;;83;108;;3,4;
2020/12/07;1000 UTC;0;1008,7;1008,7;1007,8;464;24,5;22,9;26,8;24,3;23,1;22,4;91;79;91;120;7,3;4;
2020/12/07;1100 UTC;,2;1009,1;1009,1;1008,7;871,8;25,2;24;25,3;24,4;24,1;22,8;94;91;93;153;9,2;4,1;
2020/12/07;1200 UTC;,2;1008,8;1009,1;1008,8;1598,5;26,1;23,3;27,1;25;24,7;23,3;93;84;84;140;10,3;5,4;
2020/12/07;1300 UTC;,2;1008,4;1008,9;1008,4;2036,7;27,7;24;28,1;24,9;25,2;23,3;93;80;80;129;9,3;5,3;
2020/12/07;1400 UTC;,2;1008;1008,5;1007,8;2845,6;27,4;23,9;28,8;27,1;24,6;23,2;82;76;81;108;9,3;4,1;
2020/12/07;1500 UTC;0;1007,2;1008;1007,2;2920,9;28,1;23;29,3;25,8;24,8;23;91;72;74;133;9,5;5,3;
2020/12/07;1600 UTC;,2;1006,8;1007,3;1006,8;2803,3;28,1;23;29,3;26,9;25,1;22,7;86;72;74;125;9,9;5,4;
2020/12/07;1700 UTC;,4;1006,1;1006,9;1006,1;2016,5;28,7;23,6;29,2;27,7;24,3;22,8;77;73;74;128;11,5;4,8;
2020/12/07;1800 UTC;,6;1006;1006,1;1005,9;1348,3;28,1;22,9;28,7;27,5;23,9;22,5;79;71;73;118;9,9;5,3;
2020/12/07;1900 UTC;,4;1006,2;1006,3;1005,9;870,1;27,7;22,1;28,6;27,6;23,2;22;75;71;72;134;11;5,8;
2020/12/07;2000 UTC;0;1006,9;1006,9;1006,2;525;27,3;22,4;28;27,3;22,6;21,9;75;70;75;132;10,8;5,4;
2020/12/07;2100 UTC;0;1007,5;1007,5;1006,9;38,6;26,9;22;27,4;26,8;22,4;21,8;76;73;75;134;10,3;4,3;
2020/12/07;2200 UTC;0;1007,9;1007,9;1007,4;;26,9;21,8;26,9;26,8;22,1;21,8;75;73;73;129;9,9;5,3;
2020/12/07;2300 UTC;0;1008,4;1008,4;1007,9;;26,8;21,7;27;26,8;21,8;21,3;74;71;74;128;9,9;4,4;
2020/12/08;0000 UTC;;;;;;;;;;;;;;;;;;
2020/12/08;0100 UTC;;;;;;;;;;;;;;;;;;
2020/12/08;0200 UTC;;;;;;;;;;;;;;;;;;
2020/12/08;0300 UTC;;;;;;;;;;;;;;;;;;
2020/12/08;0400 UTC;;;;;;;;;;;;;;;;;;
2020/12/08;0500 UTC;;;;;;;;;;;;;;;;;;
2020/12/08;0600 UTC;;;;;;;;;;;;;;;;;;
2020/12/08;0700 UTC;;;;;;;;;;;;;;;;;;
2020/12/08;0800 UTC;;;;;;;;;;;;;;;;;;
2020/12/08;0900 UTC;0;1008,1;1008,1;1007,2;223,3;27;22,5;27;26,3;22,6;22;79;76;76;126;8,8;4,6;
2020/12/08;1000 UTC;0;1008,7;1008,8;1008;920,3;27,5;22,9;27,8;26,9;23;22,3;77;74;76;137;8,7;4,8;
2020/12/08;1100 UTC;,2;1009,2;1009,2;1008,7;857,9;26,6;22,5;27,5;26,2;23,1;22,5;82;76;78;128;10,9;6;
2020/12/08;1200 UTC;0;1009,3;1009,3;1009,1;2152,2;27,9;22,6;29,2;26,6;23,7;22,1;78;68;73;125;11,4;6,2;
2020/12/08;1300 UTC;0;1009,1;1009,3;1009,1;2156,5;28,9;22,6;29,3;27,9;23,4;22,5;74;68;69;131;10,3;5,9;
2020/12/08;1400 UTC;0;1008,8;1009,2;1008,7;2090,1;29;22,6;29,7;28,1;23,4;22,1;73;67;68;135;10,6;5,5;
2020/12/08;1500 UTC;0;1007,9;1008,8;1007,9;1989,6;28,6;22,8;29,4;28;23,2;22,3;72;67;71;136;10,6;6;
2020/12/08;1600 UTC;0;1007,1;1008;1007,1;3014,9;29,1;22,7;30,4;28,6;23;21,9;71;62;69;138;10,4;6,2;
2020/12/08;1700 UTC;0;1006,4;1007,1;1006,4;2127,8;28,2;23;29,7;27,9;23,2;21,7;74;64;73;125;10,7;6,7;
2020/12/08;1800 UTC;0;1006,4;1006,5;1006,4;1876,5;28,5;22,7;29,5;27,9;23,5;21,1;73;65;71;135;10,6;5,1;
2020/12/08;1900 UTC;0;1006,8;1006,9;1006,4;823,7;26,8;22,5;28,8;26,8;23,5;22,2;78;71;77;134;10,1;4,9;
2020/12/08;2000 UTC;0;1007,1;1007,1;1006,8;531,4;27,1;23;27,7;26,5;23,5;22,5;81;76;78;141;10,1;4;
2020/12/08;2100 UTC;0;1007,6;1007,6;1007,2;48,2;26,3;23,4;27,2;25,3;23,4;22,1;84;78;84;121;10,3;3,3;
2020/12/08;2200 UTC;0;1008,5;1008,5;1007,6;;26,5;23,1;26,8;26,3;23,6;23;85;81;82;151;7,9;4,8;
2020/12/08;2300 UTC;;;;;;;;;;;;;;;;;;
2020/12/09;0000 UTC;;;;;;;;;;;;;;;;;;
2020/12/09;0100 UTC;;;;;;;;;;;;;;;;;;
2020/12/09;0200 UTC;;;;;;;;;;;;;;;;;;
2020/12/09;0300 UTC;;;;;;;;;;;;;;;;;;
2020/12/09;0400 UTC;;;;;;;;;;;;;;;;;;
2020/12/09;0500 UTC;;;;;;;;;;;;;;;;;;
2020/12/09;0600 UTC;;;;;;;;;;;;;;;;;;
2020/12/09;0700 UTC;;;;;;;;;;;;;;;;;;
2020/12/09;0800 UTC;;;;;;;;;;;;;;;;;;
2020/12/09;0900 UTC;;;;;;;;;;;;;;;;;;
2020/12/09;1000 UTC;,4;1009,4;1009,4;1008,9;384,1;26;22,4;26,1;24,1;23;22,2;90;80;80;122;4,1;2,7;
2020/12/09;1100 UTC;,2;1009,7;1009,8;1009,4;1326,6;27,5;22,5;27,6;26;23,5;22,2;82;73;74;129;6,6;3,9;
2020/12/09;1200 UTC;0;1009,8;1009,9;1009,7;2233,5;28,4;22,7;28,6;27,3;23,1;22,2;75;70;71;131;7,7;4,1;
2020/12/09;1300 UTC;0;1009,8;1009,9;1009,7;3252,6;29;23,7;29,1;28,1;24,1;22,2;76;69;73;129;7,7;3,1;
2020/12/09;1400 UTC;,2;1009,6;1009,9;1009,5;3487,8;29,1;23,6;29,4;28,1;24;22,4;75;70;72;115;7,5;4,3;
2020/12/09;1500 UTC;0;1008,9;1009,6;1008,9;2789,3;29,4;22,7;29,4;28,2;23,7;21,8;74;66;68;127;7,2;4,3;
2020/12/09;1600 UTC;,2;1008,4;1008,9;1008,4;3504,4;29;22,5;29,6;28,6;23,4;22,2;71;66;68;110;8,1;4,1;
2020/12/09;1700 UTC;,2;1007,9;1008,4;1007,8;2926,2;29,4;22,8;29,8;28,6;23,3;22,1;70;66;68;113;8,1;4,3;
2020/12/09;1800 UTC;,2;1007,8;1007,9;1007,7;2294,9;28,8;22,9;29,5;28,4;23,3;21,8;71;66;70;121;7,9;3,9;
2020/12/09;1900 UTC;,2;1007,8;1007,8;1007,7;1535,5;28,1;22,6;29;27,8;23,2;22,4;74;69;72;115;7,7;4,3;
2020/12/09;2000 UTC;,2;1008,1;1008,1;1007,8;578,4;27,6;22,4;28,1;27,5;22,9;22,2;74;72;73;125;7,8;3,9;
2020/12/09;2100 UTC;,2;1008,6;1008,6;1008,1;51,6;27;22,3;27,6;27;22,6;22,2;76;73;75;132;7,8;3,4;
2020/12/09;2200 UTC;,2;1008,9;1008,9;1008,6;;26,8;22,1;27;26,8;22,3;21,9;76;74;75;128;6,8;3,9;
2020/12/09;2300 UTC;;;;;;;;;;;;;;;;;;
2020/12/10;0000 UTC;;;;;;;;;;;;;;;;;;
2020/12/10;0100 UTC;;;;;;;;;;;;;;;;;;
2020/12/10;0200 UTC;;;;;;;;;;;;;;;;;;
2020/12/10;0300 UTC;;;;;;;;;;;;;;;;;;
2020/12/10;0400 UTC;;;;;;;;;;;;;;;;;;
2020/12/10;0500 UTC;;;;;;;;;;;;;;;;;;
2020/12/10;0600 UTC;;;;;;;;;;;;;;;;;;
2020/12/10;0700 UTC;;;;;;;;;;;;;;;;;;
2020/12/10;0800 UTC;;;;;;;;;;;;;;;;;;
2020/12/10;0900 UTC;;;;;;;;;;;;;;;;;;
2020/12/10;1000 UTC;0;1008,7;1008,7;1008;927,2;28;23,4;28;26,8;23,7;22,9;81;76;76;111;6,4;3,3;
2020/12/10;1100 UTC;0;1009,1;1009,1;1008,7;1683,4;28,2;23,1;29,2;27,4;24,2;22,5;76;71;74;107;6,4;3,4;
2020/12/10;1200 UTC;0;1009,3;1009,4;1009,1;1710,9;27,4;23,6;29,2;25,1;24,1;21,4;86;72;80;118;9,8;2,2;
2020/12/10;1300 UTC;,2;1009,1;1009,3;1009,1;3285,2;29,3;23,8;29,6;27,4;24,5;22,7;81;71;72;105;7;3,5;
2020/12/10;1400 UTC;0;1008,6;1009,1;1008,5;2925,4;28,9;23,1;29,8;28,1;23,8;22,5;73;68;71;106;7,5;4,1;
2020/12/10;1500 UTC;0;1007,8;1008,6;1007,8;3560,4;29,8;23,2;30,4;28,8;24,3;22,5;72;67;68;111;7,2;3,9;
2020/12/10;1600 UTC;,2;1007,3;1007,8;1007,3;3309,1;28,9;22,6;30,1;28,8;23,6;22,3;71;67;69;107;7,8;4,3;
2020/12/10;1700 UTC;0;1006,6;1007,3;1006,6;2792,1;28,9;22,9;30,4;28,8;23,6;22,3;72;64;70;113;8,3;4,4;
2020/12/10;1800 UTC;0;1006,3;1006,6;1006,3;2147,7;28,9;22,9;30,1;28,5;23,5;22,3;72;66;70;123;8,4;4,5;
2020/12/10;1900 UTC;,2;1006,2;1006,4;1006,2;1385,9;28,5;22,9;29,3;28,1;23,2;22,5;73;69;72;126;8,3;4;
2020/12/10;2000 UTC;0;1006,5;1006,6;1006,2;475,1;27,5;22,8;28,5;27,5;23,3;22,6;76;72;75;127;8,4;4,1;
2020/12/10;2100 UTC;0;1007,2;1007,2;1006,5;53,7;27,1;22,7;27,7;27,1;22,9;22,5;77;75;77;135;7,9;4,1;
2020/12/10;2200 UTC;0;1007,6;1007,6;1007,2;;27;22,9;27,3;27;23,1;22,5;78;76;78;133;8,8;3,7;
2020/12/10;2300 UTC;0;1008;1008,1;1007,6;;26,8;22,7;27;26,8;23;22,5;79;76;78;137;7,7;4,4;
2020/12/11;0000 UTC;;;;;;;;;;;;;;;;;;
2020/12/11;0100 UTC;;;;;;;;;;;;;;;;;;
2020/12/11;0200 UTC;;;;;;;;;;;;;;;;;;
2020/12/11;0300 UTC;;;;;;;;;;;;;;;;;;
2020/12/11;0400 UTC;;;;;;;;;;;;;;;;;;
2020/12/11;0500 UTC;;;;;;;;;;;;;;;;;;
2020/12/11;0600 UTC;;;;;;;;;;;;;;;;;;
2020/12/11;0700 UTC;;;;;;;;;;;;;;;;;;
2020/12/11;0800 UTC;;;;;;;;;;;;;;;;;;
2020/12/11;0900 UTC;;;;;;;;;;;;;;;;;;
2020/12/11;1000 UTC;0;1008,3;1008,3;1007,9;629,9;27,5;22,4;27,7;26,7;22,7;22;78;73;74;135;9,6;5;
2020/12/11;1100 UTC;0;1008,6;1008,6;1008,2;1496,2;28,6;22,6;28,6;27,1;23,1;22,2;76;70;70;139;10,6;5,1;
2020/12/11;1200 UTC;0;1008,8;1008,8;1008,6;2505,7;29,4;22,2;29,4;28,2;22,8;21,4;70;64;65;140;10,2;5,5;
2020/12/11;1300 UTC;0;1008,8;1008,9;1008,7;3030;29;21,7;29,8;28,5;22,9;21,4;68;63;65;126;11,9;6;
2020/12/11;1400 UTC;0;1008,2;1008,8;1008,2;3390;29,4;22,3;30,3;28,7;22,6;21,4;68;62;66;128;11,6;6,3;
2020/12/11;1500 UTC;0;1007,5;1008,2;1007,5;3448,8;29,8;21,1;30,2;28,8;23,3;21,1;69;60;60;135;11,9;6,4;
2020/12/11;1600 UTC;0;1006,7;1007,5;1006,7;3330;29,6;21,1;30,3;29,1;22,8;20,7;66;58;60;140;11,6;6,6;
2020/12/11;1700 UTC;0;1005,9;1006,7;1005,9;2724,4;29;22;30,1;28,8;22,8;20,9;67;60;66;131;11,6;5,7;
2020/12/11;1800 UTC;0;1005,6;1005,9;1005,5;1732;28,9;22,3;29,7;28,4;22,8;21,9;70;65;68;128;10,2;5,2;
2020/12/11;1900 UTC;0;1005,4;1005,6;1005,4;991;28,1;22,6;28,9;27,9;23,1;21,7;73;67;72;138;10,6;6,2;
2020/12/11;2000 UTC;0;1005,8;1005,8;1005,4;542,5;27,6;22,4;28,6;27,5;23;22,2;75;70;73;134;10,6;5,7;
2020/12/11;2100 UTC;0;1006,3;1006,4;1005,8;85,2;27,2;22;27,7;27,2;22,7;21,9;75;71;73;139;10,2;5,3;
2020/12/11;2200 UTC;0;1006,8;1006,8;1006,3;;27;22,3;27,2;27;22,5;22;76;73;76;135;10;5,5;
2020/12/11;2300 UTC;0;1007,2;1007,2;1006,8;;27;22,5;27,1;26,9;22,7;22,2;77;75;76;137;10,4;5,7;
2020/12/12;0000 UTC;;;;;;;;;;;;;;;;;;
2020/12/12;0100 UTC;;;;;;;;;;;;;;;;;;
2020/12/12;0200 UTC;;;;;;;;;;;;;;;;;;
2020/12/12;0300 UTC;;;;;;;;;;;;;;;;;;
2020/12/12;0400 UTC;;;;;;;;;;;;;;;;;;
2020/12/12;0500 UTC;;;;;;;;;;;;;;;;;;
2020/12/12;0600 UTC;;;;;;;;;;;;;;;;;;
2020/12/12;0700 UTC;;;;;;;;;;;;;;;;;;
2020/12/12;0800 UTC;;;;;;;;;;;;;;;;;;
2020/12/12;0900 UTC;;;;;;;;;;;;;;;;;;
2020/12/12;1000 UTC;0;1007,9;1007,9;1007,5;859;27,6;21,3;27,7;26,8;22,2;21,1;74;68;69;123;9,9;5,7;
2020/12/12;1100 UTC;0;1008,6;1008,6;1008;1404,8;28,3;21,3;28,3;27,5;22;21;71;66;66;127;10,7;5,6;
2020/12/12;1200 UTC;0;1009;1009;1008,6;2363,4;28,7;21,5;29,2;28;22,1;20,9;68;63;65;117;10,2;5,8;
2020/12/12;1300 UTC;0;1008,9;1009;1008,9;2786,5;28,7;21,7;29,6;28,5;22,4;21,4;68;63;66;116;10,6;5,1;
2020/12/12;1400 UTC;0;1008,7;1008,9;1008,6;3393,6;30,4;22,4;30,5;28,7;22,8;21,1;66;61;63;136;10,4;5,8;
2020/12/12;1500 UTC;0;1007,8;1008,7;1007,8;3501;29,7;22,1;30,7;29;22,4;21,2;65;59;64;141;10,4;6,4;
2020/12/12;1600 UTC;0;1007;1007,8;1007;3207,9;29,6;21,9;30,5;29;22,1;20,7;65;59;63;138;10,5;6,1;
2020/12/12;1700 UTC;0;1006,2;1007;1006,2;2780,6;29,4;22,3;30,4;28,8;22,9;21,5;67;62;66;141;10,5;5,7;
2020/12/12;1800 UTC;0;1005,7;1006,2;1005,6;2112,7;28,7;22,4;29,8;28,4;22,7;21,6;70;63;69;152;11,1;5,8;
2020/12/12;1900 UTC;0;1005,6;1005,7;1005,5;1458;28,6;22,2;29,3;28,1;22,8;21,9;71;67;68;137;10,4;5,8;
2020/12/12;2000 UTC;0;1006;1006,1;1005,5;603,3;27,7;22;28,6;27,6;22,4;21,5;72;67;71;143;10,7;5,2;
2020/12/12;2100 UTC;0;1006,8;1006,8;1006,1;44,6;27,1;22,6;27,7;27,1;22,6;22;76;72;76;137;8,9;4,6;
2020/12/12;2200 UTC;0;1007,4;1007,4;1006,8;;26,9;22,3;27,1;26,9;22,6;22,3;77;76;76;136;9,5;4,5;
2020/12/12;2300 UTC;0;1007,9;1007,9;1007,4;;26,8;22,1;27;26,8;22,4;22,1;76;75;75;142;8,9;4,6;
2020/12/13;0000 UTC;;;;;;;;;;;;;;;;;;
2020/12/13;0100 UTC;;;;;;;;;;;;;;;;;;
2020/12/13;0200 UTC;;;;;;;;;;;;;;;;;;
2020/12/13;0300 UTC;;;;;;;;;;;;;;;;;;
2020/12/13;0400 UTC;;;;;;;;;;;;;;;;;;
2020/12/13;0500 UTC;;;;;;;;;;;;;;;;;;
2020/12/13;0600 UTC;;;;;;;;;;;;;;;;;;
2020/12/13;0700 UTC;;;;;;;;;;;;;;;;;;
2020/12/13;0800 UTC;;;;;;;;;;;;;;;;;;
2020/12/13;0900 UTC;0;1006,6;1006,6;1006;108,9;24,9;22,1;24,9;24,8;22,1;21,9;84;84;84;185;5,5;2,8;
2020/12/13;1000 UTC;0;1007,5;1007,5;1006,6;457,6;26;22,5;26;24,9;22,6;22,1;84;81;81;181;6,2;2,4;
2020/12/13;1100 UTC;0;1007,5;1007,6;1007,3;1121,5;28;22,7;28,5;26;23,3;22,5;81;72;73;150;9,9;5,8;
2020/12/13;1200 UTC;0;1007,8;1007,8;1007,4;2068,6;29,5;23,1;29,7;27,9;23,3;22,1;74;67;68;146;10,6;4,7;
2020/12/13;1300 UTC;0;1007,9;1008,1;1007,7;2367,3;29;22,6;29,5;28,4;23;22;70;66;68;148;10,6;6,1;
2020/12/13;1400 UTC;0;1007,2;1007,9;1007,2;3040,7;30,3;22,2;30,8;28,7;23,7;21,9;70;60;62;140;10,4;5,4;
2020/12/13;1500 UTC;0;1006,7;1007,2;1006,7;2865,3;29,9;23,6;30,5;28,5;23,6;21,1;72;59;69;131;10,8;5,9;
2020/12/13;1600 UTC;0;1006,3;1006,7;1006,3;2190,1;28,6;22,8;30;28,6;23,3;22,6;72;68;71;139;10,9;5,4;
2020/12/13;1700 UTC;0;1006,1;1006,4;1006,1;1590,6;28,6;23,1;29,3;28,3;23,4;22,5;73;69;72;137;10,8;6,1;
2020/12/13;1800 UTC;0;1005,7;1006,1;1005,7;1245,4;28,3;22,5;29,1;28;23,3;22,4;73;69;70;134;11,2;5,9;
2020/12/13;1900 UTC;0;1005,7;1005,8;1005,5;824,7;27,9;22,9;28,9;27,8;23,2;22,3;74;70;74;147;11,2;6,4;
2020/12/13;2000 UTC;0;1006,4;1006,5;1005,7;679,2;27,7;22,8;28,3;27,6;23,1;22,2;75;70;75;141;10,5;5,3;
2020/12/13;2100 UTC;0;1006,7;1006,8;1006,4;38,5;27,1;22,5;27,7;27,1;22,9;22,5;78;74;76;143;9,5;5,1;
2020/12/13;2200 UTC;0;1007,7;1007,7;1006,7;;26,9;22,7;27,1;26,9;22,9;22,3;78;75;78;142;9,5;4,9;
2020/12/13;2300 UTC;0;1008,3;1008,3;1007,7;;26,8;22,9;26,9;26,8;22,9;22,5;79;77;79;140;9,7;4,8;
2020/12/14;0000 UTC;0;1008,8;1008,8;1008,3;;26,9;22,2;26,9;26,6;23;22,2;80;76;76;143;9,1;4,6;
2020/12/14;0100 UTC;;;;;;;;;;;;;;;;;;
2020/12/14;0200 UTC;;;;;;;;;;;;;;;;;;
2020/12/14;0300 UTC;;;;;;;;;;;;;;;;;;
2020/12/14;0400 UTC;;;;;;;;;;;;;;;;;;
2020/12/14;0500 UTC;;;;;;;;;;;;;;;;;;
2020/12/14;0600 UTC;;;;;;;;;;;;;;;;;;
2020/12/14;0700 UTC;;;;;;;;;;;;;;;;;;
2020/12/14;0800 UTC;;;;;;;;;;;;;;;;;;
2020/12/14;0900 UTC;0;1007,1;1007,1;1006,5;125,2;24,8;22,6;25,6;24,8;22,9;22,5;87;85;87;196;8,1;2,6;
2020/12/14;1000 UTC;,4;1007,1;1007,1;1007;680,8;25,9;23,3;26,2;24,8;23,9;22,6;89;85;85;179;5,7;3,3;
2020/12/14;1100 UTC;0;1007,2;1007,3;1007,1;1895,8;28,4;22,6;28,6;25,9;23,9;22,5;86;71;71;137;10;6;
2020/12/14;1200 UTC;0;1007,2;1007,4;1007,2;2003,6;28,6;22,8;29,1;26,7;23,8;22,4;82;71;71;139;10;5,3;
2020/12/14;1300 UTC;0;1007,1;1007,2;1007,1;3093,5;28,2;22,6;29,6;28,2;23,3;22,4;72;67;72;126;10,7;5,6;
2020/12/14;1400 UTC;0;1006,7;1007,1;1006,7;3368,2;29,5;22,4;29,9;28,1;23,3;21,6;73;64;66;139;10,3;6,1;
2020/12/14;1500 UTC;0;1006,1;1006,7;1006,1;3495;28,9;22;30,1;28,7;23;21,4;69;62;67;125;10;4,9;
2020/12/14;1600 UTC;0;1005,2;1006,1;1005,2;3205,6;29,2;21,8;30,3;28,7;23;21,6;69;63;65;131;9,2;5,1;
2020/12/14;1700 UTC;0;1004,5;1005,2;1004,5;2848,3;28,9;22,4;30,1;28,6;23,1;21,8;69;65;68;129;9,2;5;
2020/12/14;1800 UTC;0;1004;1004,5;1004;2191,5;29,1;22,6;30;28,2;22,8;21,3;70;63;68;121;9,3;5,1;
2020/12/14;1900 UTC;0;1003,9;1004;1003,8;1327;27,8;23;29,1;27,8;23,1;21,9;75;67;75;131;9,2;4,4;
2020/12/14;2000 UTC;0;1004,1;1004,1;1003,9;530,5;27,3;22,8;28,2;27,3;23,3;22,2;76;73;76;132;8,7;5;
2020/12/14;2100 UTC;0;1004,5;1004,5;1004,1;51;26,8;22,8;27,3;26,8;23,1;22,5;79;76;79;126;8,9;5,1;
2020/12/14;2200 UTC;0;1005,3;1005,3;1004,5;;26,7;22,7;26,8;26,7;23;22,3;80;77;79;123;9;5;
2020/12/14;2300 UTC;0;1005,9;1005,9;1005,2;;26,7;22;26,8;26,7;22,7;21,8;79;74;75;124;9,1;5,3;
2020/12/15;0000 UTC;0;1006,4;1006,5;1005,9;;26,7;23,1;26,7;26,6;23,2;22,1;81;76;81;130;9,5;5,2;
2020/12/15;0100 UTC;;;;;;;;;;;;;;;;;;
2020/12/15;0200 UTC;;;;;;;;;;;;;;;;;;
2020/12/15;0300 UTC;;;;;;;;;;;;;;;;;;
2020/12/15;0400 UTC;;;;;;;;;;;;;;;;;;
2020/12/15;0500 UTC;;;;;;;;;;;;;;;;;;
2020/12/15;0600 UTC;;;;;;;;;;;;;;;;;;
2020/12/15;0700 UTC;;;;;;;;;;;;;;;;;;
2020/12/15;0800 UTC;;;;;;;;;;;;;;;;;;
2020/12/15;0900 UTC;,2;1005,6;1005,6;1005,1;75,2;25,7;22,5;26,2;25,7;22,8;22,5;83;80;83;160;6,7;2,4;
2020/12/15;1000 UTC;0;1005,9;1005,9;1005,6;739,5;27,1;23,3;27,3;25,5;24;22,5;86;79;80;139;7,2;4,3;
2020/12/15;1100 UTC;0;1006,5;1006,5;1005,8;1734,2;27,8;23,1;28,6;27;23,6;22,7;80;73;75;146;9;4,7;
2020/12/15;1200 UTC;0;1007,1;1007,1;1006,5;2138,9;28,7;23,1;29,6;27,4;24,1;22,7;77;70;72;141;8,4;4,5;
2020/12/15;1300 UTC;0;1006,7;1007,1;1006,6;2804,9;29,5;23,3;29,8;27,7;23,9;22,6;76;67;69;118;9;5;
2020/12/15;1400 UTC;0;1006,5;1006,7;1006,5;3442,6;29,5;23,4;30,1;28,6;23,8;22,3;72;66;70;119;9,1;4,9;
2020/12/15;1500 UTC;0;1005,5;1006,5;1005,5;3453,8;29,5;23,4;31,2;28,9;23,8;22,6;71;65;70;112;8,8;4,5;
2020/12/15;1600 UTC;0;1004,9;1005,6;1004,8;3243,7;30;23,9;30,1;28,7;24,3;22,7;73;68;70;127;9;5,2;
2020/12/15;1700 UTC;0;1004,4;1004,9;1004,4;2856,6;29,3;23,3;30,3;28,9;24,2;22,6;73;67;70;123;8,9;4,7;
2020/12/15;1800 UTC;0;1003,8;1004,4;1003,7;2214,1;28,9;23,3;29,7;28,4;23,7;22,7;73;68;72;117;8,9;5,2;
2020/12/15;1900 UTC;0;1003,6;1003,8;1003,5;1515;28,2;22,9;29,3;28,1;23,4;22,8;74;70;73;118;9,2;4,6;
2020/12/15;2000 UTC;0;1003,8;1003,8;1003,6;651,7;27,6;23;28,7;27,5;23,2;22,6;76;71;76;121;9;4,7;
2020/12/15;2100 UTC;0;1004,1;1004,1;1003,7;58,4;27;22,9;27,7;27;23;22,7;78;76;78;123;10,7;5,2;
2020/12/15;2200 UTC;0;1004,9;1004,9;1004,1;;27;22,8;27,1;26,9;23,1;22,7;80;77;78;119;9,7;5;
2020/12/15;2300 UTC;;;;;;;;;;;;;;;;;;
2020/12/16;0000 UTC;;;;;;;;;;;;;;;;;;
2020/12/16;0100 UTC;;;;;;;;;;;;;;;;;;
2020/12/16;0200 UTC;;;;;;;;;;;;;;;;;;
2020/12/16;0300 UTC;;;;;;;;;;;;;;;;;;
2020/12/16;0400 UTC;;;;;;;;;;;;;;;;;;
2020/12/16;0500 UTC;;;;;;;;;;;;;;;;;;
2020/12/16;0600 UTC;;;;;;;;;;;;;;;;;;
2020/12/16;0700 UTC;;;;;;;;;;;;;;;;;;
2020/12/16;0800 UTC;;;;;;;;;;;;;;;;;;
2020/12/16;0900 UTC;;;;;;;;;;;;;;;;;;
2020/12/16;1000 UTC;0;1007,1;1007,1;1006,3;854,4;27,7;22,5;27,9;26,8;23,2;22,3;78;73;74;112;6;3,8;
2020/12/16;1100 UTC;0;1007,6;1007,6;1007,1;1714;28,2;22,9;28,7;27,6;23,4;22,5;75;71;73;130;7,5;3,5;
2020/12/16;1200 UTC;0;1007,7;1007,8;1007,6;2293,1;28,8;22,7;29,3;28;23,4;22,5;74;69;70;111;7,8;3,9;
2020/12/16;1300 UTC;0;1007,7;1007,8;1007,6;3074;29,1;22,6;30,3;28,6;23,4;22,3;71;65;68;118;7,9;3,5;
2020/12/16;1400 UTC;0;1007,3;1007,7;1007,2;3363;29,6;22,7;30,4;29,1;23,5;22;69;63;66;126;7,9;4,4;
2020/12/16;1500 UTC;0;1006,9;1007,3;1006,9;3387,8;30,5;23;30,9;29;23,5;22,2;69;63;65;123;8,5;4,2;
2020/12/16;1600 UTC;0;1006,3;1006,8;1006,3;3264,1;30,5;23,1;30,7;29,1;23,5;22,5;69;64;65;128;8,2;4,1;
2020/12/16;1700 UTC;0;1005,8;1006,3;1005,8;2810,3;29,7;23,1;30,6;29,1;23,6;22,2;70;64;68;130;8,7;4,6;
2020/12/16;1800 UTC;0;1005,1;1005,8;1005,1;2139,2;28,8;23,1;29,9;28,6;23,5;22,5;72;67;72;116;8,9;4,8;
2020/12/16;1900 UTC;0;1004,8;1005,1;1004,7;1445,4;28,4;23,4;29,3;28,2;23,8;22,9;75;70;75;104;9,3;4,7;
2020/12/16;2000 UTC;0;1005,3;1005,3;1004,7;620,4;27,7;23,1;28,5;27,6;23,5;23;77;74;77;100;9,6;4,8;
2020/12/16;2100 UTC;0;1005,7;1005,8;1005,3;87,5;27,2;23,4;27,6;27,2;23,4;23,1;80;77;80;111;8,4;4,1;
2020/12/16;2200 UTC;0;1006,2;1006,2;1005,7;;27;23,4;27,2;27;23,5;23,3;81;80;81;105;7,5;4,1;
2020/12/16;2300 UTC;;;;;;;;;;;;;;;;;;
2020/12/17;0000 UTC;;;;;;;;;;;;;;;;;;
2020/12/17;0100 UTC;;;;;;;;;;;;;;;;;;
2020/12/17;0200 UTC;;;;;;;;;;;;;;;;;;
2020/12/17;0300 UTC;;;;;;;;;;;;;;;;;;
2020/12/17;0400 UTC;;;;;;;;;;;;;;;;;;
2020/12/17;0500 UTC;;;;;;;;;;;;;;;;;;
2020/12/17;0600 UTC;;;;;;;;;;;;;;;;;;
2020/12/17;0700 UTC;;;;;;;;;;;;;;;;;;
2020/12/17;0800 UTC;;;;;;;;;;;;;;;;;;
2020/12/17;0900 UTC;0;1007,1;1007,1;1006,7;147,7;27,1;23,6;27,2;26,5;23,7;23,4;84;81;81;143;;2,4;
2020/12/17;1000 UTC;0;1007,5;1007,5;1007,1;711,1;28,2;23,7;28,3;27;24,1;23,3;82;76;76;117;8,4;4,5;
2020/12/17;1100 UTC;0;1008;1008,1;1007,5;1302,7;28,4;23,9;28,7;27,6;24,1;23,2;79;74;77;115;8,6;4,9;
2020/12/17;1200 UTC;0;1008,2;1008,3;1008;2008,4;29,3;23,9;29,5;28,1;24,4;23,4;77;72;73;123;8,6;5;
2020/12/17;1300 UTC;0;1008,3;1008,4;1008,1;2485,8;29,5;23,7;29,9;28,3;24,8;23,2;76;71;71;115;8,7;4,6;
2020/12/17;1400 UTC;0;1008;1008,4;1008;3420;30,2;23,5;30,6;28,9;24,3;22,9;73;67;67;126;9,2;4,9;
2020/12/17;1500 UTC;0;1007,5;1008;1007,5;2888,7;30,9;24,4;31;28,5;24,8;23,2;76;67;68;101;8,3;4;
2020/12/17;1600 UTC;0;1007,2;1007,5;1007,2;2998,3;30,3;24;30,9;29;24,5;23,1;74;67;69;126;8,8;5,2;
2020/12/17;1700 UTC;0;1006,7;1007,2;1006,7;2536,7;29,2;23,5;30,7;28,5;24,5;23,1;74;68;71;126;8,8;5,1;
2020/12/17;1800 UTC;0;1006,1;1006,8;1006,1;2051,5;29,1;23,2;30;28,5;24,2;23,1;74;69;71;112;8,3;4,3;
2020/12/17;1900 UTC;0;1006,1;1006,3;1006;1290,8;28,8;23,6;29,2;28,3;23,9;22,9;75;70;74;117;9,3;4,9;
2020/12/17;2000 UTC;0;1006,3;1006,4;1006,1;491,2;27,8;23,4;28,8;27,6;23,8;23,1;77;73;77;112;9,3;4,5;
2020/12/17;2100 UTC;0;1006,5;1006,5;1006,2;46,7;27,2;23,2;27,8;27,2;23,6;23;80;77;79;113;9;5;
2020/12/17;2200 UTC;0;1006,9;1007;1006,5;;27;23;27,2;27;23,2;22,9;79;77;79;112;9,2;4,9;
2020/12/17;2300 UTC;;;;;;;;;;;;;;;;;;
2020/12/18;0000 UTC;;;;;;;;;;;;;;;;;;
2020/12/18;0100 UTC;;;;;;;;;;;;;;;;;;
2020/12/18;0200 UTC;;;;;;;;;;;;;;;;;;
2020/12/18;0300 UTC;;;;;;;;;;;;;;;;;;
2020/12/18;0400 UTC;;;;;;;;;;;;;;;;;;
2020/12/18;0500 UTC;;;;;;;;;;;;;;;;;;
2020/12/18;0600 UTC;;;;;;;;;;;;;;;;;;
2020/12/18;0700 UTC;;;;;;;;;;;;;;;;;;
2020/12/18;0800 UTC;;;;;;;;;;;;;;;;;;
2020/12/18;0900 UTC;;;;;;;;;;;;;;;;;;
2020/12/18;1000 UTC;0;1006,7;1006,7;1006,2;953;27,8;22,9;27,8;26,6;23,4;22,4;80;73;75;107;7,6;3,4;
2020/12/18;1100 UTC;0;1007,3;1007,3;1006,6;1271,8;27,5;23,1;28;27,2;23,7;22,5;78;73;77;110;8;4,7;
2020/12/18;1200 UTC;0;1007,4;1007,4;1007,2;2269,6;28,3;23,1;29,4;27;24,2;22,9;81;71;73;119;9;4,8;
2020/12/18;1300 UTC;0;1007,4;1007,6;1007,3;2513,4;30;24,2;30;27,9;24,2;22,7;75;68;71;107;9;4,3;
2020/12/18;1400 UTC;0;1007,2;1007,4;1007,2;2554,7;28,7;22,4;30;28,2;23,8;22,4;75;67;69;107;8,7;4,8;
2020/12/18;1500 UTC;0;1006,6;1007,2;1006,6;3575,1;29,7;22,8;30,4;28,7;23,5;22,3;70;64;67;116;8,5;4,8;
2020/12/18;1600 UTC;0;1005,7;1006,6;1005,6;3369,5;29;22,5;30,2;28,9;23,6;22;70;64;68;121;9;4,8;
2020/12/18;1700 UTC;0;1004,9;1005,7;1004,9;2911,2;28,9;23;30,1;28,7;23,5;22,2;71;65;70;117;8,7;4,7;
2020/12/18;1800 UTC;0;1004,5;1004,9;1004,5;2010;29,1;23,1;29,8;28,3;23,5;22,1;72;67;70;119;8,3;4,8;
2020/12/18;1900 UTC;0;1004,7;1004,7;1004,5;1287,3;28,1;22,7;29,3;28;23,2;22,4;73;69;73;119;8,6;4,7;
2020/12/18;2000 UTC;0;1004,8;1004,8;1004,7;531,2;27,7;22,5;28,5;27,7;22,7;22,3;73;70;73;136;9,1;4,7;
2020/12/18;2100 UTC;0;1005,1;1005,1;1004,7;73,7;27,2;22,3;27,8;27,2;22,8;22,1;75;73;75;127;9;4,1;
2020/12/18;2200 UTC;0;1005,4;1005,5;1005,1;;27;22,2;27,3;27;22,5;22,1;75;74;75;121;7,8;3,6;
2020/12/18;2300 UTC;;;;;;;;;;;;;;;;;;
2020/12/19;0000 UTC;;;;;;;;;;;;;;;;;;
2020/12/19;0100 UTC;;;;;;;;;;;;;;;;;;
2020/12/19;0200 UTC;;;;;;;;;;;;;;;;;;
2020/12/19;0300 UTC;;;;;;;;;;;;;;;;;;
2020/12/19;0400 UTC;;;;;;;;;;;;;;;;;;
2020/12/19;0500 UTC;;;;;;;;;;;;;;;;;;
2020/12/19;0600 UTC;;;;;;;;;;;;;;;;;;
2020/12/19;0700 UTC;;;;;;;;;;;;;;;;;;
2020/12/19;0800 UTC;;;;;;;;;;;;;;;;;;
2020/12/19;0900 UTC;;;;;;;;;;;;;;;;;;
2020/12/19;1000 UTC;0;1006,1;1006,1;1005,6;728,4;27,3;22,8;27,6;26,7;23,2;22,4;78;75;77;115;8,1;4,6;
2020/12/19;1100 UTC;0;1006,6;1006,6;1006,1;1618,7;27,8;22,7;28,7;27,3;23,4;22,5;77;72;74;120;9;5,1;
2020/12/19;1200 UTC;0;1006,9;1006,9;1006,5;2014,8;28,6;22,7;29,2;27,5;23,3;22,4;75;69;70;123;9,2;4,9;
2020/12/19;1300 UTC;0;1006,6;1007;1006,6;2920,8;29,7;22,7;30,2;28,4;23,3;22,2;71;64;66;116;9;4,2;
2020/12/19;1400 UTC;0;1005,9;1006,6;1005,9;2933,9;28,8;22,7;29,9;28,4;23,2;22,2;70;66;69;117;8,7;5,2;
2020/12/19;1500 UTC;0;1005,5;1006;1005,5;3192,8;30;23;30,3;28,6;23,2;22;70;64;66;115;9,5;4,8;
2020/12/19;1600 UTC;0;1004,9;1005,5;1004,8;3306,1;29,9;22,6;30,3;28,7;23,1;22;68;64;65;133;9,8;5,5;
2020/12/19;1700 UTC;0;1004,3;1004,9;1004,3;2771,7;29,2;23;30,6;28,6;23,6;22,1;70;65;69;129;9,4;5,3;
2020/12/19;1800 UTC;0;1003,8;1004,3;1003,8;1961,7;28,9;23;30;28,3;23,2;22,3;71;66;71;119;10;4,8;
2020/12/19;1900 UTC;0;1003,7;1003,8;1003,6;1224,2;28,2;22,1;29,2;28;23,1;22,1;72;68;69;128;9,2;4,8;
2020/12/19;2000 UTC;0;1003,9;1003,9;1003,7;537,8;27,6;22,1;28,5;27,6;22,7;22,1;73;69;72;128;9,1;5;
2020/12/19;2100 UTC;0;1004,2;1004,2;1003,9;63,8;27,2;22,2;27,7;27,2;22,5;22;75;72;74;129;8,6;4,2;
2020/12/19;2200 UTC;0;1004,6;1004,6;1004,2;;27,1;22,3;27,2;27;22,4;22;75;74;75;129;7,6;4,4;
2020/12/19;2300 UTC;;;;;;;;;;;;;;;;;;
2020/12/20;0000 UTC;;;;;;;;;;;;;;;;;;
2020/12/20;0100 UTC;;;;;;;;;;;;;;;;;;
2020/12/20;0200 UTC;;;;;;;;;;;;;;;;;;
2020/12/20;0300 UTC;;;;;;;;;;;;;;;;;;
2020/12/20;0400 UTC;;;;;;;;;;;;;;;;;;
2020/12/20;0500 UTC;;;;;;;;;;;;;;;;;;
2020/12/20;0600 UTC;;;;;;;;;;;;;;;;;;
2020/12/20;0700 UTC;;;;;;;;;;;;;;;;;;
2020/12/20;0800 UTC;;;;;;;;;;;;;;;;;;
2020/12/20;0900 UTC;0;1005,8;1005,8;1005,3;180,4;27;22,2;27,1;26,4;22,5;21,8;77;75;75;134;8,1;4,3;
2020/12/20;1000 UTC;0;1006,4;1006,4;1005,8;813,4;28,4;22,7;28,4;27;22,8;22,1;75;72;72;131;9,1;4,5;
2020/12/20;1100 UTC;0;1006,9;1007;1006,4;1670,9;29;22,9;29,2;27,7;23,3;22;73;68;70;127;9,4;4;
2020/12/20;1200 UTC;0;1007,1;1007,1;1006,9;2538,1;28,3;22,8;29,6;28,3;23,3;22,3;72;67;72;117;8,6;4,6;
2020/12/20;1300 UTC;0;1007;1007,2;1007;2545,7;28,7;23,1;30,3;28,2;23,7;22,5;74;66;72;129;9,8;4,7;
2020/12/20;1400 UTC;0;1006,8;1007;1006,8;3485,1;29,3;22,5;30,4;28,7;23,7;22,4;72;64;67;115;9,3;5,2;
2020/12/20;1500 UTC;0;1006,2;1006,8;1006,1;3333,8;29,8;23,8;30,7;29,3;23,8;22,3;70;64;70;118;10,6;5;
2020/12/20;1600 UTC;,2;1005,8;1006,2;1005,8;2088,2;27,9;23,2;29,9;25,5;24,5;22,2;87;70;76;132;10,8;4,4;
2020/12/20;1700 UTC;0;1005,2;1005,8;1005,2;2914,7;29,2;22,3;29,6;27,9;24,3;21,9;76;66;66;108;9;5,1;
2020/12/20;1800 UTC;0;1004,8;1005,2;1004,8;1663,8;28,2;23;29,2;27,6;23;20,1;74;61;73;130;9,1;4,1;
2020/12/20;1900 UTC;0;1004,5;1004,8;1004,5;1087,4;28,5;23;28,6;27,8;23,8;22,9;76;72;72;115;7,8;4,6;
2020/12/20;2000 UTC;,4;1004,9;1004,9;1004,5;412,5;27;23,2;29;26,1;23,7;22,1;83;71;80;126;9,9;4,5;
2020/12/20;2100 UTC;,4;1005,3;1005,3;1004,8;67,1;27;22,3;27,2;27;23,3;22,3;80;75;75;120;9,2;5;
2020/12/20;2200 UTC;,4;1006,2;1006,2;1005,3;;27,1;22,2;27,1;27;22,6;22,1;77;74;75;117;9,8;4,2;
2020/12/20;2300 UTC;;;;;;;;;;;;;;;;;;
2020/12/21;0000 UTC;;;;;;;;;;;;;;;;;;
2020/12/21;0100 UTC;;;;;;;;;;;;;;;;;;
2020/12/21;0200 UTC;;;;;;;;;;;;;;;;;;
2020/12/21;0300 UTC;;;;;;;;;;;;;;;;;;
2020/12/21;0400 UTC;;;;;;;;;;;;;;;;;;
2020/12/21;0500 UTC;;;;;;;;;;;;;;;;;;
2020/12/21;0600 UTC;;;;;;;;;;;;;;;;;;
2020/12/21;0700 UTC;;;;;;;;;;;;;;;;;;
2020/12/21;0800 UTC;;;;;;;;;;;;;;;;;;
2020/12/21;0900 UTC;;;;;;;;;;;;;;;;;;
2020/12/21;1000 UTC;0;1007,5;1007,5;1006,7;715,3;26,7;22,7;27,2;26;23,5;22,4;84;79;79;112;7,4;3,6;
2020/12/21;1100 UTC;0;1007,9;1007,9;1007,5;1386,5;27,2;22,5;28,2;26,6;23,6;22,4;81;73;76;128;7,9;4,6;
2020/12/21;1200 UTC;0;1008,1;1008,1;1007,9;1901,6;28,5;21,6;29,1;26,8;23,5;21,1;78;63;66;116;9,7;5,6;
2020/12/21;1300 UTC;0;1008,1;1008,2;1008;2406,5;29,4;22,1;29,9;28,2;22,9;20,8;69;61;65;118;9;4,9;
2020/12/21;1400 UTC;0;1007,8;1008,1;1007,7;2715,6;29,2;21,3;29,7;28,5;23,4;21,2;73;62;63;122;10,1;5,9;
2020/12/21;1500 UTC;0;1007,1;1007,8;1007,1;3275,2;29,4;23,1;30,1;28,4;23,6;21,1;73;62;69;138;10,1;5,3;
2020/12/21;1600 UTC;0;1006,3;1007,1;1006,3;3333,9;29,4;22,7;30,2;28,6;23,7;22,2;71;66;67;127;10,1;5;
2020/12/21;1700 UTC;0;1005,8;1006,3;1005,8;2934,4;30;23,1;30,2;28,9;23,5;21,1;69;60;67;127;9,2;4,7;
2020/12/21;1800 UTC;0;1005,6;1005,8;1005,6;2196,8;28,4;22,5;30,1;28,2;23,3;22,1;71;65;71;127;8,5;5;
2020/12/21;1900 UTC;0;1005,6;1005,7;1005,4;1388;28,1;22,7;29,4;27,9;23;22,1;73;67;73;130;9;4,8;
2020/12/21;2000 UTC;0;1006,1;1006,1;1005,6;379;27,5;22,6;28,2;27,2;22,9;22,2;75;72;75;126;8,7;4,7;
2020/12/21;2100 UTC;0;1006,6;1006,6;1006,1;83,8;27,1;22,2;27,7;27,1;22,6;22;75;72;75;122;8,5;3,8;
2020/12/21;2200 UTC;0;1006,9;1006,9;1006,6;;26,3;22;27,3;26,2;22,5;21,8;77;75;77;134;8,1;4;
2020/12/21;2300 UTC;;;;;;;;;;;;;;;;;;
2020/12/22;0000 UTC;;;;;;;;;;;;;;;;;;
2020/12/22;0100 UTC;;;;;;;;;;;;;;;;;;
2020/12/22;0200 UTC;;;;;;;;;;;;;;;;;;
2020/12/22;0300 UTC;;;;;;;;;;;;;;;;;;
2020/12/22;0400 UTC;;;;;;;;;;;;;;;;;;
2020/12/22;0500 UTC;;;;;;;;;;;;;;;;;;
2020/12/22;0600 UTC;;;;;;;;;;;;;;;;;;
2020/12/22;0700 UTC;;;;;;;;;;;;;;;;;;
2020/12/22;0800 UTC;;;;;;;;;;;;;;;;;;
2020/12/22;0900 UTC;;;;;;;;;;;;;;;;;;
2020/12/22;1000 UTC;0;1006,8;1006,8;1005,9;690,4;27,6;23;27,6;26,6;23;22,1;77;75;76;130;8,1;4,4;
2020/12/22;1100 UTC;0;1007,5;1007,5;1006,8;1104,4;27,9;22,4;28,4;27,1;23,4;21,8;78;70;72;116;8,1;4,1;
2020/12/22;1200 UTC;0;1007,6;1007,7;1007,4;2116,8;28,5;22,4;29,2;27,9;23,1;21,9;72;67;70;120;9,2;5,5;
2020/12/22;1300 UTC;0;1007,7;1007,8;1007,6;3063,2;29,6;22,9;30,3;28,3;23,2;22,1;70;65;67;115;9,8;4,7;
2020/12/22;1400 UTC;0;1007,4;1007,8;1007,3;2961,2;29,3;22,3;30,1;28,7;23,1;21,8;69;64;66;115;9,5;5;
2020/12/22;1500 UTC;0;1006,8;1007,4;1006,8;3130,9;29,7;22,5;30,2;28,6;23,1;21,8;69;64;65;116;8,8;5,2;
2020/12/22;1600 UTC;0;1006,1;1006,9;1006,1;2847,1;30,1;22,5;30,5;28,7;23;21,4;68;63;64;120;9,6;4,6;
2020/12/22;1700 UTC;0;1005,3;1006,2;1005,3;2875,2;29;22,5;30,1;28,8;23;21,6;68;62;68;111;10,4;5;
2020/12/22;1800 UTC;0;1004,9;1005,3;1004,9;2224,1;28,5;21,5;30,1;28,5;22,8;21,5;68;63;66;133;9,5;5,5;
2020/12/22;1900 UTC;0;1004,9;1005;1004,8;1149,9;28,3;22,2;29,1;28,1;22,6;21,3;70;65;69;134;9,3;4,9;
2020/12/22;2000 UTC;0;1005,2;1005,3;1004,8;609,6;28;22;28,6;27,9;22,7;21,8;73;68;70;134;8,8;4,2;
2020/12/22;2100 UTC;0;1005,5;1005,5;1005,2;75,4;27,2;22,3;27,9;27,2;22,5;21,4;75;68;75;135;7,8;3,6;
2020/12/22;2200 UTC;0;1006,1;1006,1;1005,5;;27,1;22,4;27,2;27;22,5;22,2;76;74;76;137;7,8;4,6;
2020/12/22;2300 UTC;0;1006,7;1006,7;1006,1;;26,9;22,5;27,1;26,9;22,6;22,3;77;75;77;127;8,4;4,5;
2020/12/23;0000 UTC;;;;;;;;;;;;;;;;;;
2020/12/23;0100 UTC;;;;;;;;;;;;;;;;;;
2020/12/23;0200 UTC;;;;;;;;;;;;;;;;;;
2020/12/23;0300 UTC;;;;;;;;;;;;;;;;;;
2020/12/23;0400 UTC;;;;;;;;;;;;;;;;;;
2020/12/23;0500 UTC;;;;;;;;;;;;;;;;;;
2020/12/23;0600 UTC;;;;;;;;;;;;;;;;;;
2020/12/23;0700 UTC;;;;;;;;;;;;;;;;;;
2020/12/23;0800 UTC;;;;;;;;;;;;;;;;;;
2020/12/23;0900 UTC;;;;;;;;;;;;;;;;;;
2020/12/23;1000 UTC;0;1006,2;1006,2;1005,7;623,4;27,9;22,2;28;26,7;22,5;21,7;76;71;71;129;8,9;5;
2020/12/23;1100 UTC;0;1006,6;1006,6;1006,2;1648,4;28,8;22,7;28,8;27,7;22,7;21,7;72;69;70;119;9;4,8;
2020/12/23;1200 UTC;0;1006,8;1006,9;1006,6;2260,3;28,8;22,5;29,7;28;23,2;21,9;72;66;69;122;9,1;5,6;
2020/12/23;1300 UTC;0;1006,9;1007;1006,8;2357;29,4;22,6;29,7;28,1;23,2;22;71;65;67;129;10,4;5,5;
2020/12/23;1400 UTC;0;1006,7;1007;1006,6;2571,2;29,2;21,9;29,9;28,3;23;21;72;62;65;115;9,8;5,3;
2020/12/23;1500 UTC;0;1005,9;1006,7;1005,9;3479,6;29,5;21,9;30,5;29;22,6;21,6;66;61;64;114;8,8;4,4;
2020/12/23;1600 UTC;0;1005,1;1006;1005,1;3166,8;29,1;22,2;30,7;29;22,9;21,5;67;61;67;119;9;4,8;
2020/12/23;1700 UTC;0;1004,8;1005,1;1004,7;2467,1;28,7;22,2;30,3;28,5;23,3;21,6;69;63;68;117;8,7;4,7;
2020/12/23;1800 UTC;0;1004,7;1004,8;1004,6;1536,8;28,5;22,7;29,7;27,9;23,1;22,1;73;65;71;122;8,3;4,7;
2020/12/23;1900 UTC;0;1004,5;1004,7;1004,4;930,2;28,3;22,2;28,7;28;22,9;21;72;65;70;122;9,5;4,3;
2020/12/23;2000 UTC;0;1004,9;1004,9;1004,5;416,1;27,6;22,6;28,5;27,5;22,6;21,9;74;69;74;121;8,5;3,8;
2020/12/23;2100 UTC;0;1005,3;1005,3;1004,8;47,6;27,1;21,6;27,6;27,1;22,5;21,4;75;71;72;126;7,8;4,2;
2020/12/23;2200 UTC;0;1005,5;1005,5;1005,3;;27;21,2;27,1;26,9;21,5;20,9;72;69;71;121;8,5;5;
2020/12/23;2300 UTC;;;;;;;;;;;;;;;;;;
2020/12/24;0000 UTC;;;;;;;;;;;;;;;;;;
2020/12/24;0100 UTC;;;;;;;;;;;;;;;;;;
2020/12/24;0200 UTC;;;;;;;;;;;;;;;;;;
2020/12/24;0300 UTC;;;;;;;;;;;;;;;;;;
2020/12/24;0400 UTC;;;;;;;;;;;;;;;;;;
2020/12/24;0500 UTC;;;;;;;;;;;;;;;;;;
2020/12/24;0600 UTC;;;;;;;;;;;;;;;;;;
2020/12/24;0700 UTC;;;;;;;;;;;;;;;;;;
2020/12/24;0800 UTC;;;;;;;;;;;;;;;;;;
2020/12/24;0900 UTC;;;;;;;;;;;;;;;;;;
2020/12/24;1000 UTC;0;1006;1006;1005,3;606,3;27,4;22,7;27,8;26,7;23,1;22,5;78;74;76;132;8;4;
2020/12/24;1100 UTC;,2;1006,9;1006,9;1005,9;542,5;23,7;21,7;27,8;23,7;23,2;21,7;89;75;89;109;9,3;4,4;
2020/12/24;1200 UTC;,6;1006,8;1006,9;1006,8;1112,9;27,8;24,8;27,8;23,6;24,8;21,7;94;84;84;127;8,9;3,7;
2020/12/24;1300 UTC;,2;1006,8;1006,9;1006,8;2673,5;28,8;23,7;28,9;27,7;24,8;23,1;84;74;74;125;9,1;4,4;
2020/12/24;1400 UTC;,4;1006,4;1006,8;1006,4;3109,8;29,5;23,6;29,7;27,9;24,3;22,8;75;71;71;116;9,1;3,7;
2020/12/24;1500 UTC;,6;1005,6;1006,4;1005,6;2165,7;28,6;23,3;29,6;28,2;24;23;75;69;73;117;8,5;4,7;
2020/12/24;1600 UTC;,6;1004,9;1005,7;1004,9;2187;28,6;23,2;29,1;28;23,7;22,7;76;70;72;128;8,6;4,7;
2020/12/24;1700 UTC;1;1004,4;1004,9;1004,4;1248,6;27,9;23,4;28,7;27,8;23,8;22,8;77;72;77;122;8,1;3,3;
2020/12/24;1800 UTC;,8;1004,1;1004,4;1004;860,4;28,2;23,6;28,2;27,7;23,8;23,2;78;76;76;112;8,2;3,9;
2020/12/24;1900 UTC;0;1003,8;1004,1;1003,8;1149,2;28;23,1;28,6;27,8;23,9;22,9;76;74;75;120;8,1;4,2;
2020/12/24;2000 UTC;0;1004;1004,1;1003,8;354,6;27,3;23,2;28;27,3;23,2;22,8;78;74;78;117;7,3;3,7;
2020/12/24;2100 UTC;0;1004,4;1004,4;1004;61,9;27,1;23,5;27,3;27;23,5;23,1;81;78;81;120;6,4;3,3;
2020/12/24;2200 UTC;0;1004,8;1004,8;1004,4;;26,8;23;27,1;26,8;23,5;23;81;79;80;120;6,5;3,2;
2020/12/24;2300 UTC;;;;;;;;;;;;;;;;;;
2020/12/25;0000 UTC;;;;;;;;;;;;;;;;;;
2020/12/25;0100 UTC;;;;;;;;;;;;;;;;;;
2020/12/25;0200 UTC;;;;;;;;;;;;;;;;;;
2020/12/25;0300 UTC;;;;;;;;;;;;;;;;;;
2020/12/25;0400 UTC;;;;;;;;;;;;;;;;;;
2020/12/25;0500 UTC;;;;;;;;;;;;;;;;;;
2020/12/25;0600 UTC;;;;;;;;;;;;;;;;;;
2020/12/25;0700 UTC;;;;;;;;;;;;;;;;;;
2020/12/25;0800 UTC;;;;;;;;;;;;;;;;;;
2020/12/25;0900 UTC;;;;;;;;;;;;;;;;;;
2020/12/25;1000 UTC;0;1006;1006,1;1005,3;404,7;27,1;22,7;27,3;26,6;22,8;22,1;78;74;77;123;8,2;4,6;
2020/12/25;1100 UTC;0;1006,4;1006,4;1006;812,6;27,8;23;27,8;27,1;23;22,2;77;74;75;117;8,6;4,4;
2020/12/25;1200 UTC;0;1006,5;1006,6;1006,3;1221;27,9;22,2;28,1;27,6;22,9;22;75;70;71;108;8,3;4,4;
2020/12/25;1300 UTC;0;1006,4;1006,5;1006,3;2926,4;29;22,3;29,6;27,7;23,3;21,8;73;65;67;115;9,2;5,5;
2020/12/25;1400 UTC;0;1006,1;1006,5;1006,1;2586,5;28,5;22,1;30,2;28,3;22,8;21,8;70;64;68;114;9,1;4,8;
2020/12/25;1500 UTC;0;1005,5;1006,1;1005,5;853,8;27,7;21,9;28,4;27,5;22,6;21,8;73;68;71;110;8,8;3,8;
2020/12/25;1600 UTC;0;1004,9;1005,5;1004,9;1377,6;28,2;21,3;28,6;27,5;22,5;21,3;72;66;66;120;8,1;5;
2020/12/25;1700 UTC;0;1003,7;1004,9;1003,7;1633,5;28;21,5;28,8;27,9;22;21,2;69;65;68;122;8,2;4,8;
2020/12/25;1800 UTC;0;1003,6;1003,9;1003,6;767,1;27,4;21,5;28;27,3;21,6;21,1;71;67;70;123;8,9;3,6;
2020/12/25;1900 UTC;0;1003,1;1003,6;1003,1;571,6;27,3;21,3;27,6;27,3;22,1;21,3;73;70;70;130;8,3;4,7;
2020/12/25;2000 UTC;0;1003,2;1003,5;1003,1;259,7;27;21,6;27,4;27;21,7;21,1;73;69;72;129;8;4,1;
2020/12/25;2100 UTC;0;1003,7;1003,7;1003,2;34,8;26,8;21,4;27;26,8;21,9;21,3;74;72;72;121;7;3,4;
2020/12/25;2200 UTC;0;1004;1004;1003,5;;26,7;21,8;26,9;26,7;21,9;21,3;75;72;75;122;8,5;3,5;
2020/12/25;2300 UTC;0;1004,4;1004,4;1004;;26,8;21,6;26,8;26,7;22,2;21,6;76;73;73;113;8,3;4;
2020/12/26;0000 UTC;0;1005,1;1005,1;1004,4;;26,8;21;26,9;26,8;21,5;21;73;70;70;124;7,9;3,9;
2020/12/26;0100 UTC;;;;;;;;;;;;;;;;;;
2020/12/26;0200 UTC;;;;;;;;;;;;;;;;;;
2020/12/26;0300 UTC;;;;;;;;;;;;;;;;;;
2020/12/26;0400 UTC;;;;;;;;;;;;;;;;;;
2020/12/26;0500 UTC;;;;;;;;;;;;;;;;;;
2020/12/26;0600 UTC;;;;;;;;;;;;;;;;;;
2020/12/26;0700 UTC;;;;;;;;;;;;;;;;;;
2020/12/26;0800 UTC;;;;;;;;;;;;;;;;;;
2020/12/26;0900 UTC;;;;;;;;;;;;;;;;;;
2020/12/26;1000 UTC;0;1005,6;1005,6;1004,7;749,3;27,7;21,3;27,7;26,6;21,6;21;73;68;68;128;9,6;5,2;
2020/12/26;1100 UTC;0;1006,2;1006,2;1005,6;1270,8;28;22;28,5;27,6;22,1;21,1;70;66;70;130;9,6;5;
2020/12/26;1200 UTC;0;1006,4;1006,5;1006,2;1889,8;29;21,8;29,4;27,8;22;21,2;70;64;65;129;10,6;4,9;
2020/12/26;1300 UTC;0;1006,5;1006,5;1006,3;3097,9;29,4;22;29,9;28,6;22,1;20,6;65;60;64;143;10,9;6,6;
2020/12/26;1400 UTC;0;1006,2;1006,6;1006,2;2593,2;28,5;22;29,8;28,5;23,1;21,7;69;64;68;131;10,9;6,1;
2020/12/26;1500 UTC;0;1005,6;1006,3;1005,6;2860;29,5;21,8;30;28,3;22,8;21,7;69;63;64;125;11,4;5,6;
2020/12/26;1600 UTC;0;1004,9;1005,6;1004,8;2727,9;29,3;22;30,1;28,8;22,3;21,4;67;63;65;130;11,5;6,2;
2020/12/26;1700 UTC;0;1004,1;1004,9;1004,1;1941;29;22,1;29,9;28,4;22,4;21,4;68;63;67;131;10,6;5,6;
2020/12/26;1800 UTC;0;1003,9;1004,1;1003,8;1828,6;28,9;22,4;29,5;28,2;22,8;21,7;70;65;68;130;10,5;5,5;
2020/12/26;1900 UTC;0;1004;1004,1;1003,9;1256,6;28,2;21,8;29,8;28;22,8;21,7;70;66;68;127;10,2;5,2;
2020/12/26;2000 UTC;0;1004,4;1004,4;1004;554,1;27,7;22,2;28,7;27,7;22,6;21,9;73;68;72;133;8,9;4,3;
2020/12/26;2100 UTC;0;1004,8;1004,8;1004,4;42;27,3;22,1;27,8;27,2;22,4;22;75;72;73;135;8,4;4,6;
2020/12/26;2200 UTC;0;1005;1005;1004,7;;27,2;22,3;27,3;27,1;22,5;22;76;73;75;130;7,9;4,5;
2020/12/26;2300 UTC;0;1005,7;1005,7;1005;;27;22,4;27,2;27;22,5;22,3;76;75;76;139;9;4,5;
2020/12/27;0000 UTC;;;;;;;;;;;;;;;;;;
2020/12/27;0100 UTC;;;;;;;;;;;;;;;;;;
2020/12/27;0200 UTC;;;;;;;;;;;;;;;;;;
2020/12/27;0300 UTC;;;;;;;;;;;;;;;;;;
2020/12/27;0400 UTC;;;;;;;;;;;;;;;;;;
2020/12/27;0500 UTC;;;;;;;;;;;;;;;;;;
2020/12/27;0600 UTC;;;;;;;;;;;;;;;;;;
2020/12/27;0700 UTC;;;;;;;;;;;;;;;;;;
2020/12/27;0800 UTC;;;;;;;;;;;;;;;;;;
2020/12/27;0900 UTC;;;;;;;;;;;;;;;;;;
2020/12/27;1000 UTC;,6;1006,8;1006,8;1006,1;856,4;27,6;22,5;27,6;26,5;23,2;22,1;80;73;74;121;10,3;4,5;
2020/12/27;1100 UTC;1,4;1007,2;1007,2;1006,8;1792,5;28,3;23;28,5;27,6;23,3;21,2;74;67;73;127;10,1;5,9;
2020/12/27;1200 UTC;,8;1007,7;1007,8;1007,2;2404,4;28,8;22,6;29,2;28,2;23;21,5;73;66;69;127;11;5,2;
2020/12/27;1300 UTC;0;1007,7;1007,8;1007,7;3173,1;29,1;21,7;29,5;28,6;22,6;21,5;69;63;65;116;10,8;5,8;
2020/12/27;1400 UTC;0;1007,4;1007,7;1007,4;3488,8;29,4;21,8;29,9;28,8;22,9;21,6;68;63;64;114;10,4;6;
2020/12/27;1500 UTC;0;1007;1007,4;1006,9;3611,6;30,2;22,9;30,4;28,8;22,9;21,5;65;62;65;140;11,3;6,5;
2020/12/27;1600 UTC;0;1006,4;1007;1006,4;3381,7;29,3;22;30,7;29;23,4;21,8;68;62;65;129;11,3;6,3;
2020/12/27;1700 UTC;0;1005,6;1006,4;1005,6;2966,8;29,3;21,5;30,3;28,9;22,8;21,5;67;61;63;137;11,4;6,7;
2020/12/27;1800 UTC;0;1005,1;1005,7;1005,1;2269,7;29;22;30,3;28,7;22,1;20,7;66;60;66;125;11;5,9;
2020/12/27;1900 UTC;0;1005;1005,1;1005;1252,6;28,2;21,9;29,3;28,1;22,4;21,3;69;64;69;138;10,6;6;
2020/12/27;2000 UTC;0;1005,2;1005,2;1005;571,8;27,7;22,4;28,3;27,7;22,6;21,6;73;68;73;140;10,6;5,9;
2020/12/27;2100 UTC;0;1005,9;1005,9;1005,2;56,9;26,9;23;27,8;26,9;23;22,1;79;72;79;132;10,9;5,7;
2020/12/27;2200 UTC;0;1006,5;1006,6;1005,8;;26,8;22,9;26,9;26,5;23,1;22,1;80;76;79;141;12,2;5,2;
2020/12/27;2300 UTC;0;1007,2;1007,2;1006,5;;26,5;23,1;26,8;25,8;23,3;22,8;85;79;82;147;10,9;5,3;
2020/12/28;0000 UTC;;;;;;;;;;;;;;;;;;
2020/12/28;0100 UTC;;;;;;;;;;;;;;;;;;
2020/12/28;0200 UTC;;;;;;;;;;;;;;;;;;
2020/12/28;0300 UTC;;;;;;;;;;;;;;;;;;
2020/12/28;0400 UTC;;;;;;;;;;;;;;;;;;
2020/12/28;0500 UTC;;;;;;;;;;;;;;;;;;
2020/12/28;0600 UTC;;;;;;;;;;;;;;;;;;
2020/12/28;0700 UTC;;;;;;;;;;;;;;;;;;
2020/12/28;0800 UTC;;;;;;;;;;;;;;;;;;
2020/12/28;0900 UTC;;;;;;;;;;;;;;;;;;
2020/12/28;1000 UTC;,6;1006,6;1006,6;1006,1;647,2;26,5;22;26,6;24,1;23,1;21,9;91;76;76;145;11,1;5,7;
2020/12/28;1100 UTC;,6;1007,2;1007,3;1006,6;1281,1;26,8;22,9;27,5;26,5;23;21,8;79;73;79;139;11,8;6,1;
2020/12/28;1200 UTC;1;1007,3;1007,5;1007,2;1449;28;22;28;26,1;23,2;21,3;83;70;70;141;12,8;6;
2020/12/28;1300 UTC;0;1007,1;1007,4;1007;2857,2;28,7;21,8;29,2;27,8;23,5;21,6;73;66;67;147;12,2;8;
2020/12/28;1400 UTC;0;1006,6;1007,1;1006,6;3445,1;28,9;21,3;29,6;27,9;23,8;21,3;75;63;63;138;13;6,7;
2020/12/28;1500 UTC;0;1006,1;1006,7;1006,1;3252,3;29,1;21,4;29,6;27,9;23,3;20,6;74;61;63;138;14,1;7,3;
2020/12/28;1600 UTC;0;1005,4;1006,2;1005,4;3258,5;29,6;21,7;30,6;28,6;22,8;21;67;60;62;148;12,9;7,2;
2020/12/28;1700 UTC;0;1004,7;1005,4;1004,7;1850;28,5;22;30;28,3;22;20,9;68;61;68;148;12,5;7,3;
2020/12/28;1800 UTC;0;1004,5;1004,7;1004,4;1509,5;28,1;21,8;28,9;28,1;22,4;21,2;69;65;69;142;12,3;6,8;
2020/12/28;1900 UTC;0;1004,6;1004,6;1004,3;1478,2;28,6;22,3;29,3;27,8;22,6;21,5;70;65;69;152;13,1;6,7;
2020/12/28;2000 UTC;0;1004,9;1005;1004,5;590,4;27,6;21,7;28,6;27,5;22,4;21,4;72;66;71;148;13;5,9;
2020/12/28;2100 UTC;0;1005,5;1005,6;1004,8;107,1;27,1;21,6;27,7;27,1;21,8;21,2;72;69;72;147;12,7;5,6;
2020/12/28;2200 UTC;0;1006,3;1006,3;1005,5;;26,9;21,7;27,2;26,9;21,8;21,4;73;71;73;143;11,7;4,8;
2020/12/28;2300 UTC;0;1007,1;1007,1;1006,3;;26,8;21,8;27;26,8;21,8;21,5;74;72;74;153;10,5;4,3;
2020/12/29;0000 UTC;;;;;;;;;;;;;;;;;;
2020/12/29;0100 UTC;;;;;;;;;;;;;;;;;;
2020/12/29;0200 UTC;;;;;;;;;;;;;;;;;;
2020/12/29;0300 UTC;;;;;;;;;;;;;;;;;;
2020/12/29;0400 UTC;;;;;;;;;;;;;;;;;;
2020/12/29;0500 UTC;;;;;;;;;;;;;;;;;;
2020/12/29;0600 UTC;;;;;;;;;;;;;;;;;;
2020/12/29;0700 UTC;;;;;;;;;;;;;;;;;;
2020/12/29;0800 UTC;;;;;;;;;;;;;;;;;;
2020/12/29;0900 UTC;;;;;;;;;;;;;;;;;;
2020/12/29;1000 UTC;,8;1005,6;1005,7;1004,9;649;24,9;22,8;25;23,5;23,3;22,4;93;88;88;174;6,5;3;
2020/12/29;1100 UTC;1,6;1006,3;1006,4;1005,7;1000;25,9;22,9;25,9;24,9;22,9;22,3;88;83;84;173;7,5;3;
2020/12/29;1200 UTC;,8;1006,3;1006,4;1006,2;1626,8;27,5;22,4;28,4;25,9;23,5;22,2;84;72;74;152;8,9;4,3;
2020/12/29;1300 UTC;0;1006;1006,3;1005,9;2507,3;28,2;22,6;28,5;27,3;23,4;22,2;76;70;72;143;10,3;5,6;
2020/12/29;1400 UTC;0;1005,5;1006;1005,5;3201,5;29,3;22,2;29,5;27,9;23,1;20,9;73;62;66;145;10,9;6;
2020/12/29;1500 UTC;0;1005;1005,5;1005;3480,6;29,8;20,3;30;28,8;22,5;19,5;66;54;57;140;11,8;6,3;
2020/12/29;1600 UTC;0;1004,3;1005,1;1004,3;3317;29;21,8;30,1;28,7;22,6;19,9;66;56;65;139;10,9;6,2;
2020/12/29;1700 UTC;0;1003,5;1004,3;1003,5;2929,1;29,2;21,9;29,8;28,6;22,4;21,1;67;63;65;136;10,8;5,6;
2020/12/29;1800 UTC;0;1003,2;1003,5;1003,2;2345,7;29;21,8;29,7;28,5;22,8;21,5;68;64;65;139;10,6;5,6;
2020/12/29;1900 UTC;0;1003,3;1003,3;1003,1;1551,7;27,9;22,2;28,9;27,9;22,6;21,3;72;65;71;142;11,3;6,2;
2020/12/29;2000 UTC;0;1003,8;1003,8;1003,3;738,7;27,4;22,1;28,2;27,4;22,6;21,8;74;70;73;143;11;5,8;
2020/12/29;2100 UTC;0;1004,3;1004,3;1003,8;90;26,9;22,3;27,4;26,8;22,7;22,2;77;73;76;142;9,8;4,7;
2020/12/29;2200 UTC;0;1004,9;1004,9;1004,3;;26,4;22,1;26,9;26,4;22,8;22,1;79;76;77;133;9,6;4,5;
2020/12/29;2300 UTC;;;;;;;;;;;;;;;;;;
2020/12/30;0000 UTC;;;;;;;;;;;;;;;;;;
2020/12/30;0100 UTC;;;;;;;;;;;;;;;;;;
2020/12/30;0200 UTC;;;;;;;;;;;;;;;;;;
2020/12/30;0300 UTC;;;;;;;;;;;;;;;;;;
2020/12/30;0400 UTC;;;;;;;;;;;;;;;;;;
2020/12/30;0500 UTC;;;;;;;;;;;;;;;;;;
2020/12/30;0600 UTC;;;;;;;;;;;;;;;;;;
2020/12/30;0700 UTC;;;;;;;;;;;;;;;;;;
2020/12/30;0800 UTC;;;;;;;;;;;;;;;;;;
2020/12/30;0900 UTC;;;;;;;;;;;;;;;;;;
2020/12/30;1000 UTC;0;1005,5;1005,5;1004,9;631,5;25,7;22,6;26,1;25,2;23;22;84;82;83;166;6,5;4;
2020/12/30;1100 UTC;0;1005,8;1005,8;1005,5;1413;27,4;22,5;27,6;25,7;23,6;22,2;83;74;74;158;10,4;5,5;
2020/12/30;1200 UTC;0;1006,1;1006,2;1005,8;2395,6;28,4;22,5;28,6;27,1;22,9;21,8;75;70;71;147;9,5;4,7;
2020/12/30;1300 UTC;0;1005,9;1006,1;1005,8;2987,3;28,9;22,9;29,4;27,7;23,5;21,9;72;68;70;135;11,2;5,6;
2020/12/30;1400 UTC;0;1005,7;1006;1005,7;3181,8;29,1;22,3;30,3;28,6;23,4;21,6;71;63;67;136;9,8;5,7;
2020/12/30;1500 UTC;0;1005,2;1005,7;1005,2;3456,8;29,1;22,6;30;28,5;23,4;21,9;71;66;68;129;10,1;5,4;
2020/12/30;1600 UTC;0;1004,6;1005,2;1004,6;3309,4;29,5;23,1;29,9;28,5;23,5;22,2;72;66;68;128;10,9;5,3;
2020/12/30;1700 UTC;0;1004;1004,6;1004;2937,7;28,8;23,2;30,3;28,6;23,6;21,9;72;65;72;127;10,4;5,7;
2020/12/30;1800 UTC;0;1003,7;1004;1003,6;2328;28,5;23,3;29,5;28,3;24,1;22,7;74;70;74;125;10;5,7;
2020/12/30;1900 UTC;0;1003,9;1003,9;1003,6;1571,8;28,4;23,7;29,3;27,8;24,1;23,1;77;73;76;132;9,6;5,4;
2020/12/30;2000 UTC;0;1004,7;1004,7;1003,9;667,4;27,4;23,4;28,4;27,4;23,8;23,2;79;75;79;133;9,1;5;
2020/12/30;2100 UTC;0;1005,1;1005,1;1004,7;92,1;26,9;23,4;27,5;26,9;23,6;23,3;81;79;81;140;9,1;5;
2020/12/30;2200 UTC;0;1005,5;1005,5;1005,1;;26,7;23,5;26,9;26,6;23,6;23,2;83;81;82;132;9;4,5;
2020/12/30;2300 UTC;;;;;;;;;;;;;;;;;;
2020/12/31;0000 UTC;;;;;;;;;;;;;;;;;;
2020/12/31;0100 UTC;;;;;;;;;;;;;;;;;;
2020/12/31;0200 UTC;;;;;;;;;;;;;;;;;;
2020/12/31;0300 UTC;;;;;;;;;;;;;;;;;;
2020/12/31;0400 UTC;;;;;;;;;;;;;;;;;;
2020/12/31;0500 UTC;;;;;;;;;;;;;;;;;;
2020/12/31;0600 UTC;;;;;;;;;;;;;;;;;;
2020/12/31;0700 UTC;;;;;;;;;;;;;;;;;;
2020/12/31;0800 UTC;;;;;;;;;;;;;;;;;;
2020/12/31;0900 UTC;;;;;;;;;;;;;;;;;;
2020/12/31;1000 UTC;0;1007;1007;1006,4;688,2;26,9;23,8;26,9;25,3;23,8;23,2;89;83;83;202;4,6;2,2;
2020/12/31;1100 UTC;0;1007,5;1007,5;1007;1368,6;28;23,5;28,3;26,5;24,1;22,8;83;74;77;133;7,8;4,7;
2020/12/31;1200 UTC;0;1007,5;1007,6;1007,5;2343,8;28,8;23,5;29,3;28;24;23;77;72;73;120;8,4;4,4;
2020/12/31;1300 UTC;0;1007,5;1007,7;1007,4;2785,8;29,3;23,2;29,6;28,5;24;22,8;74;68;70;131;9,6;5,7;
2020/12/31;1400 UTC;0;1007,1;1007,5;1007,1;3422,6;29,7;23,2;30,2;29;24,3;23;72;68;68;134;9,6;5,1;
2020/12/31;1500 UTC;0;1006,4;1007,1;1006,4;3458,3;29,3;23,6;30,4;29,1;24,1;23;71;67;71;125;9,4;5;
2020/12/31;1600 UTC;0;1005,7;1006,4;1005,7;3227;29,9;24;30,6;28,8;24,4;23,3;73;68;71;131;10,6;5,3;
2020/12/31;1700 UTC;0;1005,3;1005,7;1005,1;2905,6;29,4;23,5;30,3;28,8;24,5;22,9;73;68;70;134;10,8;5,2;
2020/12/31;1800 UTC;0;1005,1;1005,3;1005;1918,1;28,7;23,4;29,7;28,4;24,2;23,2;76;70;73;139;10,4;5,9;
2020/12/31;1900 UTC;0;1005,4;1005,4;1005;1323,4;28,1;23,3;29,4;28;24;22,5;75;68;75;125;9,9;5,3;
2020/12/31;2000 UTC;0;1005,9;1005,9;1005,4;596;27,7;23,1;28,5;27,7;23,8;23,1;76;74;76;136;9,8;4,8;
2020/12/31;2100 UTC;0;1006,1;1006,2;1005,8;74,5;27,2;23,3;27,7;27,2;23,4;23,1;79;76;79;137;9,8;4,8;
2020/12/31;2200 UTC;0;1006,7;1006,7;1006,1;;27,1;23,3;27,2;27,1;23,4;23,1;80;79;80;137;9,8;5,6;
2020/12/31;2300 UTC;0;1007,4;1007,5;1006,7;;27,1;23;27,1;27;23,3;22,7;80;77;79;139;9,6;5;
